<Keyword> <No of vertices> <vertex1> <vertex2> .... <vertexN> 
periods 1 818 
institutional 6 15794 16385 16386 6585 6586 6587 
cloudsnap 3 9114 9115 10744 
advances 2 11080 11081 
managing 3 7423 10563 10564 
prototyping 5 6125 6126 6127 6128 6129 
wavelet 1 75 
minimization 1 279 
performance-directed 2 12289 12290 
networked 7 3662 6441 6443 4049 4946 6448 5548 
time 4 19145 19467 19468 19469 
semantics 8 3647 3658 43 19 160 4987 5319 5320 
latency-tolerant 2 10225 10226 
event 16 4946 11489 10697 11490 11491 7200 11494 11495 4212 4213 4215 6125 6126 6127 6128 6129 
movement 1 2257 
advanced 5 4946 9693 7423 9694 3871 
pardis 1 8264 
role 1 15794 
product-service 1 4946 
generation 9 3660 10744 5854 7826 7827 10915 9607 10916 75 
objects 6 18945 18940 18941 18942 18943 18944 
oauth 3 6071 6072 6073 
nexus 1 7102 
partial 1 72 
reorganization 1 1883 
evolution 9 3660 4049 17388 17389 17390 16004 16005 16006 3646 
project 1 7102 
biological 2 17727 19400 
european 1 5722 
multi 2 166 167 
sticker 1 802 
steering 8 13235 13236 7211 8936 8937 8938 8939 8940 
codes 1 7661 
multistep 1 268 
components 3 4213 4215 9385 
bioinformatics 2 9476 9475 
attribution 1 9608 
compatibility 1 19 
dynamic 15 4360 5548 5049 10225 10226 10271 10272 10273 6583 11235 8936 8937 8938 8939 8940 
knowledge 14 3647 4047 6441 6443 4049 4946 6448 5548 5049 16384 4986 4987 4988 4989 
communications 3 9047 9048 9049 
comparing 1 19 
recursively 1 443 
net 4 16004 16 17 19 
transform 1 75 
experiments 3 7269 7270 7271 
synthesizing 1 19912 
enumerable 1 443 
re-encryption 3 10495 10497 10500 
canonical 2 16 19 
wavelet-time 4 7029 7030 7032 7033 
markets 3 17388 17389 17390 
interconnects 2 13298 13299 
dissemination 2 15794 13506 
connectivity 3 5854 858 756 
increasing 2 17813 17814 
electronic 3 7269 7270 7271 
register 1 296 
new 21 3647 3658 3660 3661 3662 15794 9114 6925 9115 9766 5851 5854 143 280 16 17 19 421 42 5996 4913 
developer 1 16004 
bottleneck 1 4212 
base 1 4049 
testing 1 858 
analyses 2 8936 8937 
public 7 10495 10497 10500 8936 8937 9599 9600 
libraries 7 7383 7384 8657 13242 13243 8355 9348 
computational 15 8264 8265 8266 8267 7102 8269 8270 13235 13236 7211 7269 7270 7271 75 143 
gridrpc 2 7383 9348 
designing 2 8936 8937 
tool 3 13533 5851 5854 
spillovers 3 15794 16385 16386 
distributed 24 4946 6933 6935 8493 7661 13103 10495 10497 13104 10500 10208 9114 9115 10744 13298 13299 7383 8355 7211 1008 9606 7269 7270 7271 
parsers 1 496 
firms 3 5722 7942 16608 
abstractions 1 8264 
architecture 13 3660 4946 4194 4195 4197 8089 6925 7383 9483 3646 5429 5430 5820 
sized 1 3871 
software 3 3660 16004 3646 
height 1 483 
medical 3 10154 10157 11798 
pessimistic 1 19 
terminal 1 316 
inter-enterprise 4 10271 10272 10273 6583 
priority 1 43 
description 1 6925 
composition 7 7167 7168 7170 11864 11865 11866 11867 
processing 3 10154 10157 11798 
perspective 1 7170 
facilitating 4 16384 17333 17334 17335 
motion 1 2257 
embedding 1 13544 
opportunistic 1 10744 
processes 3 16 17 19 
execute 4 10899 13445 11851 13446 
fibers 1 1351 
protocols 2 4047 5049 
automatic 1 2257 
hardware-assisted 2 9741 9742 
display 1 11235 
it-based 1 5430 
pcp 1 421 
untraceability 1 13533 
fan 1 7026 
cream 11 11059 11060 11061 11062 11063 11064 11065 11066 11068 11069 11070 
bounds 1 42 
linking 3 16607 16384 16608 
active 3 7383 149 148 
fast 4 7938 7940 7941 7942 
sparse 8 13536 13537 13538 13539 13540 13541 7383 9348 
heterogeneous 5 8238 11864 11865 11866 11867 
update 1 4360 
evidence 5 7942 17388 17389 17390 16608 
analysis 26 15794 16385 16386 11489 10697 11490 11491 7200 11494 11495 3545 10154 10155 10156 10157 10158 9476 9475 7525 11692 12426 12427 12428 9605 16004 161 
simulation 2 4946 10899 
business 9 4911 5722 3871 16607 16384 16608 17333 17334 17335 
life-cycle 3 10275 10276 10277 
possible 1 709 
sequential 2 7423 443 
findings 1 11490 
wireless 6 13265 13266 13267 3594 3596 3597 
quantum 1 279 
rational 2 316 1577 
universal 3 149 42 1650 
nonscientific 3 17430 17431 17432 
updates 1 496 
m-nets 1 160 
generative 1 316 
precision 1 2257 
semantic 11 3647 7524 7525 7526 143 4986 4987 4988 4989 5319 5320 
iterative 1 75 
transformation 1 13533 
meta-data 2 4047 5049 
expected 1 72 
metatheorems 1 19 
relations 2 1761 1577 
bijection 1 316 
java 1 8657 
assessment 4 3647 4212 5319 5320 
graphs 7 19145 10915 9607 10916 1351 194 280 
generalized 4 4946 7383 9348 280 
jobs 1 8089 
filtering 4 13626 13627 6964 13628 
telemedicine 1 7102 
substitution 6 16384 17333 17334 17335 296 1761 
bio-medical 1 9766 
sensor 4 7383 3594 3596 3597 
languages 12 802 90 19 160 443 157 447 448 1436 745 158 1577 
stroke 1 2257 
improved 3 72 421 17995 
rank 6 18945 18940 18941 18942 18943 18944 
overhead 1 7383 
replication 2 7661 280 
social 5 19145 19467 19468 19469 13544 
report 1 7102 
oriented 3 3647 5996 4913 
capability 3 17388 17389 17390 
transfer 2 9741 9742 
support 6 4360 5722 9385 3594 3596 3597 
searching 1 316 
secured 18 10154 10157 11789 11790 11791 11792 11793 11794 9476 9766 9068 11795 11796 9475 11797 11798 11799 11800 
adaptive 2 12289 12290 
quarknet 1 8654 
syntax-directed 1 143 
privacy 5 13626 13627 6964 13628 9766 
job 12 8089 11059 11060 11061 11062 11063 11064 11065 11066 11068 11069 11070 
expansions 1 72 
health 3 10907 4213 4215 
tri-continental 11 12651 12652 12653 12654 12655 12656 12657 12658 12659 12660 12661 
overhang-free 3 157 447 448 
scaling 4 3594 3596 3597 3646 
redundancy 1 10744 
verification 1 756 
filters 1 744 
ctdnet 2 13263 13264 
survivors 1 2257 
virtual 11 6933 6935 6583 9047 9048 9049 8355 10216 13624 8238 13625 
home 1 160 
pebble 1 1575 
binary 3 483 496 17995 
briques 1 443 
vehicle 1 8238 
proof 2 19 421 
constraint-induced 1 2257 
space 5 5292 5293 160 161 496 
decision 3 5722 5548 19 
autopilot 2 12289 12290 
reservoir 1 7211 
distance 4 7938 7940 7941 7942 
realizations 1 167 
clean 1 6964 
application-based 4 7938 7940 7941 7942 
eacute 1 443 
in-network 1 10744 
mobility 3 3594 3596 3597 
construction 6 19241 18945 19242 19243 4047 1008 
probabilistic 3 19145 18540 18541 
trading 2 149 148 
inducing 1 15794 
editorial 4 3647 4047 5722 3646 
pafas 1 19 
movie 11 12651 12652 12653 12654 12655 12656 12657 12658 12659 12660 12661 
loosely 2 17727 19400 
formulas 1 858 
preserving 5 13626 13627 6964 13628 13544 
typology 1 13533 
authoring 2 5851 5854 
modular 1 19 
emulation-based 1 4913 
method 3 7383 9348 496 
efficiency 1 19 
speedup 1 10744 
manufacturing 12 3647 4360 5049 3941 3943 3944 3945 4212 7942 3871 3646 4913 
quotient 2 4911 443 
single 1 496 
disk 1 1883 
ecosystem 6 16607 16384 16608 17333 17334 17335 
synthetic 3 5854 7826 7827 
authorization 3 10563 10564 6925 
proposition 1 280 
type 1 167 
algebraic 3 296 157 158 
iteration 1 296 
related 1 4047 
cost-efficient 1 8089 
foundations 6 6441 6442 6443 5722 6444 756 
family 1 443 
hyperedge 1 19 
isda 1 11490 
action 8 8264 8265 8266 8267 7102 8269 8270 3646 
fusion 7 8264 8265 8266 8267 7102 8269 8270 
applications 16 10225 10226 10870 8493 7661 13007 7423 6964 9886 9887 8657 8827 8829 10592 10594 3646 
langages 1 443 
medicine 1 13285 
edpepps 3 10275 10276 10277 
biomedical 2 9607 9608 
concatenation 1 194 
flexibility 3 15794 16385 16386 
motifs 7 17727 19400 7525 11692 12426 12427 12428 
mesh 1 5854 
congruence 1 280 
workshop 1 11490 
assist 2 4047 6783 
efficiently 1 5854 
axioms 3 280 160 161 
pki 1 6925 
genome 2 9476 9475 
depth 2 5851 5854 
stereotypes 1 3647 
clusters 4 9693 7423 9694 7383 
generalizing 1 9068 
hybrid 4 11364 11365 41 42 
conceptual 1 5548 
subregular 1 744 
scale 1 7661 
membranes 2 149 148 
collaborations 3 16004 16005 16006 
security 5 10271 10272 10273 6583 6925 
silicon 1 16004 
high-energy 7 11489 10697 11490 11491 7200 11494 11495 
path 4 19145 19467 19468 19469 
grid 37 8089 10225 10226 10563 10564 6925 17430 17431 17432 9886 9887 8657 8827 8829 10154 10155 10156 10157 10158 11789 11790 11791 11792 11793 11794 9476 9766 9068 11795 11796 9475 11797 11798 11799 11800 7211 8654 
workloads 4 11761 11762 13298 13299 
innovation 3 13533 16004 16006 
hla 1 4946 
political 3 6585 6586 6587 
reuse 4 3941 3943 3944 3945 
boxes 1 161 
generating 2 41 42 
inherited 1 143 
problem 6 19145 19467 19468 19469 8238 75 
pervasive 3 8096 8097 8098 
past 1 3660 
interface 2 7383 19 
suffix 4 19005 19006 19007 388 
database 1 1883 
entreeings 2 71 72 
optimizing 4 13624 8238 13625 496 
grammar 2 316 1761 
rendering 2 10697 7200 
balanced 2 75 279 
subpart 4 3941 3943 3944 3945 
implementation 23 3660 12708 13433 13434 13435 13436 10208 11059 11060 11061 11062 11063 11064 11065 11066 11068 11069 11070 9385 10154 10157 11798 3646 
identification 4 7029 7030 7032 7033 
scientific 26 6441 6442 6443 5722 6444 10870 9766 10592 10594 8936 8937 8938 8939 8940 13624 8238 13625 7525 11692 12426 12427 12428 8641 16004 16005 16006 
product-driven 1 4913 
bridging 1 16384 
crossroads 2 3660 3646 
challenging 1 4047 
step 5 4047 5049 43 1171 19 
allowance 1 2257 
exposing 1 7423 
flow 3 7167 7168 7170 
iterated 2 143 296 
production 5 3647 4047 5548 6783 3871 
concurrent 4 43 160 161 496 
hypergraph 5 19241 18945 19242 19243 90 
phylogenetic 2 8936 8937 
wam-based 1 9385 
feature 11 12651 12652 12653 12654 12655 12656 12657 12658 12659 12660 12661 
structured 5 9114 6925 9115 17727 19400 
template 1 4360 
provably 6 12708 13103 10495 10497 13104 10500 
trace-based 1 19 
log 1 17727 
structures 3 316 43 72 
models 15 3647 3658 3941 3943 3944 3945 13007 17727 11864 11865 11866 11867 4987 5319 5320 
big-data 1 13007 
anonymity 1 13533 
itnc 1 1577 
devices 5 12708 13433 13434 13435 13436 
low 1 7383 
spectral 4 19241 18945 19242 19243 
identity-based 3 10495 10497 10500 
globus 1 7102 
complex 4 4212 3262 2257 16608 
malicious 1 6964 
cloud-hosted 2 10266 10267 
states 2 279 160 
use 2 4213 4215 
platforms 1 8657 
usa 3 15794 16385 16386 
scenarios 1 4946 
messages 1 7383 
pmi 5 12708 13433 13434 13435 13436 
syntactic 2 1436 745 
proxy 4 12708 10495 10497 10500 
ciliates 1 1351 
platform-as-a-service 1 7102 
seer 1 3545 
light-emitting 2 3262 2257 
learning 9 18945 6583 13285 8654 18940 18941 18942 18943 18944 
medium 1 3871 
computer-mediated 1 16004 
assignment 1 17389 
rfid 1 4946 
rateurs 1 443 
voauth 3 6071 6072 6073 
challenge 4 3662 1008 9606 9605 
practice 1 5430 
multiway 3 72 267 268 
chart 1 16004 
decentralized 3 9114 9115 10744 
subset-sum 1 477 
grids 14 8264 8265 8266 8267 7102 8269 8270 9114 6925 9115 9068 7524 7525 7526 
t-systems 2 160 161 
ipv 4 11233 11234 11235 11236 
emergency 1 13544 
science 1 4049 
architectures 2 7026 6925 
exploiting 3 7423 7383 8355 
practical 4 17430 17431 17432 19007 
simulation-based 1 4212 
cryptosystem 3 10495 10497 10500 
eol 1 316 
formulation 1 7526 
automating 1 9483 
eliminating 1 496 
china 6 17388 17389 17390 16004 16006 16608 
infusing 5 6441 6442 6443 5722 6444 
control 13 7167 7168 7170 2257 12289 12290 7211 10915 9607 10916 496 1577 4913 
morphisms 2 745 744 
spare 2 4213 4215 
evolving 2 41 42 
preliminary 1 2257 
period 1 8238 
economic 3 15794 16385 16386 
prolog 1 9385 
decidability 2 75 279 
medigrid 18 10154 10157 11789 11790 11791 11792 11793 11794 9476 9766 9068 11795 11796 9475 11797 11798 11799 11800 
data-driven 1 7211 
islands 1 16384 
case 6 3647 9605 16004 634 5996 4913 
innovative 1 16004 
canon 1 15794 
reengineering 2 160 161 
large-scale 6 10899 17389 19005 19006 19007 388 
peer-to-peer 3 9114 6925 9115 
adaption 2 9476 9475 
criticality 1 4212 
failure-based 1 19 
cad 4 3941 3943 3944 3945 
sampling 2 10266 10267 
performance 16 4049 13007 8657 8355 9766 10592 10594 8936 8937 9599 9600 9483 16006 72 5820 4913 
transparent 3 9114 9115 10744 
voms 2 10563 10564 
multiple 1 8657 
on-disk 4 19005 19006 19007 388 
triggered 1 11235 
profile 1 7102 
sounds 4 7029 7030 7032 7033 
regular 1 158 
counter 1 1767 
community 2 9068 16004 
extended 3 166 167 296 
general 1 161 
reference 1 1008 
effect 1 496 
regional 3 16004 16005 16006 
authentication 1 13533 
smes 1 5820 
trellis 1 75 
infrastructures 1 3646 
device 2 41 42 
freight 1 4946 
performances 1 7661 
core 13 8652 12428 1008 12444 12445 9606 12446 9608 12447 8641 9605 12448 858 
implementing 3 9607 9608 75 
gridftp 3 7026 9741 9742 
high 2 4946 143 
interoperable 8 3647 3658 3660 3661 3662 4049 9607 9608 
forbidding 3 744 42 1248 
phylogenomic 4 8936 8937 9599 9600 
domains 4 7337 7338 7339 7340 
low-resource 5 12708 13433 13434 13435 13436 
extensions 1 818 
uml 1 3647 
annotation 5 3647 4986 4987 4988 4989 
simulating 2 7200 1767 
tree 4 143 166 167 1575 
expressiveness 1 477 
industry 2 4047 13533 
exchange 7 7179 7180 13103 10495 10497 13104 10500 
strategies 7 8936 8937 9599 9600 16608 16 19 
platform 4 4946 16607 16384 16608 
games 1 2257 
outsourced 1 7170 
random 1 11762 
operational 1 296 
o-intensive 2 13298 13299 
sat 2 149 148 
tree-systems 2 745 744 
planning 2 5548 3871 
combination 2 16 19 
closure 1 158 
l-systems 1 75 
approaches 1 9605 
monoid 2 1436 745 
cells 2 41 42 
resurcive 1 75 
stream 2 17813 17814 
range 2 1351 316 
physics 7 11489 10697 11490 11491 7200 11494 11495 
backward 1 143 
complexity 3 296 42 388 
secure 13 12708 13103 10495 10497 13104 10500 7167 7168 7170 10907 9741 9742 13506 
retrieval 4 3941 3943 3944 3945 
techniques 3 17813 17814 268 
mapping 1 9608 
valley 1 16004 
computers 2 4047 15794 
excellence 1 3871 
words 4 818 744 42 1248 
transport 1 5548 
unfolding 2 16 19 
glite 11 11059 11060 11061 11062 11063 11064 11065 11066 11068 11069 11070 
capacity 3 17813 17814 316 
stimulating 1 3871 
uncertain 2 18540 18541 
networking 1 7026 
robust 9 19241 18945 19242 19243 13103 10495 10497 13104 10500 
post 1 709 
switched 2 13298 13299 
les 1 443 
cache 6 13536 13537 13538 13539 13540 13541 
meshes 3 5854 7826 7827 
semi 1 16004 
friendly 18 10154 10157 11789 11790 11791 11792 11793 11794 9476 9766 9068 11795 11796 9475 11797 11798 11799 11800 
undecidability 1 421 
model-driven 6 6441 6443 4049 4946 6448 5548 
framework 20 4360 5049 4194 4195 4197 7102 7179 7180 7423 7337 7338 7339 7340 11851 6925 10592 10594 7211 16384 5820 
bottom-up 2 166 167 
process 9 3647 4047 5548 3941 3943 3944 3945 17727 19 
degree 2 858 90 
discrete 10 4946 4212 4213 4215 6125 6126 6127 6128 6129 43 
chain 1 3871 
shuffle 1 42 
databases 1 268 
fractal 1 75 
improving 2 7661 8355 
translating 1 11081 
swift 5 7102 6925 8651 8652 8654 
skyline 4 7337 7338 7339 7340 
structural 1 280 
remote 4 10697 7200 11364 11365 
context-aware 4 19241 18945 19242 19243 
function 1 75 
semiconductor 1 16004 
scheduling 6 8089 10266 10267 4212 7211 3871 
aires 1 443 
enhancements 3 13265 13266 13267 
survey 13 3647 4212 4213 4215 8936 8937 8938 8939 8940 4986 4987 4988 4989 
algorithms 5 10154 10157 11798 483 484 
recursion 2 160 161 
metadata 1 9608 
forests 1 11762 
high-latency 7 11489 10697 11490 11491 7200 11494 11495 
chromatic 1 496 
checkpointing 1 7423 
status 1 7102 
enterprise 29 3647 3658 3660 3661 3662 5292 5293 5776 4360 6441 6442 6443 5722 6444 4049 4946 6448 5548 3646 4987 5319 5320 5816 5429 5430 5817 5818 5819 5820 
permission 1 6964 
decision-making 3 4212 4213 4215 
format 6 13536 13537 13538 13539 13540 13541 
phishing 3 6071 6072 6073 
formal 7 3647 6925 1082 43 160 5319 5320 
batch 4 10495 10497 10500 496 
neighborhood-based 4 13626 13627 6964 13628 
representation 6 8641 16 17 19 157 158 
exposure 1 7423 
generic 1 8089 
jane 1 11851 
alignment 1 19912 
acton-based 3 7524 7525 7526 
contrasting 1 6964 
laziness 2 13263 13264 
issue 5 5722 4212 4213 4215 3871 
state 3 3660 160 161 
spreadsheets 1 11081 
attribute 3 90 1082 1651 
video-on-demand 1 17389 
solution 3 6071 6072 6073 
evaluation 12 7026 13007 8657 7938 7940 7941 7942 2257 8936 8937 9599 9600 
bandwidth 1 7211 
sharing 3 10907 7383 16384 
finding 2 18540 18541 
making 5 10495 10497 10500 4213 4215 
premiere 11 12651 12652 12653 12654 12655 12656 12657 12658 12659 12660 12661 
computations 2 75 19 
acceptance 1 13544 
e-engineering 3 4194 4195 4197 
nonlogical 1 9385 
abnormal 4 7029 7030 7032 7033 
lin 1 443 
stratified 2 483 484 
chains 2 4049 16246 
interdependence 1 42 
signatures 5 13103 10495 10497 13104 10500 
context-free 3 90 194 496 
signcryption 1 10907 
veplatform 2 6933 6935 
eigenvalue 2 7383 9348 
richer 1 19 
address 1 16608 
maps 2 5851 5854 
special 8 5722 4212 4213 4215 1008 9606 9605 3871 
group 3 7102 42 1817 
user 20 13533 11235 10154 10157 11789 11790 11791 11792 11793 11794 9476 9766 9068 11795 11796 9475 11797 11798 11799 11800 
merged 3 16 17 19 
storage 8 13536 13537 13538 13539 13540 13541 10899 1651 
formula 1 858 
vacuum-deposited 2 3262 2257 
using 48 13536 13537 13538 13539 13540 13541 3647 4049 11489 10697 11490 11491 7200 11494 11495 13007 11762 9114 9115 10744 9741 9742 7383 9348 10154 10155 10156 10157 10158 11798 5851 5854 19912 7029 7030 7032 7033 1008 9606 9605 7269 7270 7271 43 19005 19006 19007 388 
communities 2 41 42 
freedom 1 19 
workflows 16 7211 8936 8937 8938 8939 8940 9599 9600 13624 8238 13625 7525 11692 12426 12427 12428 
covering 1 496 
multi-letter 1 279 
erasure 1 7661 
gb 7 11489 10697 11490 11491 7200 11494 11495 
term-generating 1 90 
oblivious 6 13536 13537 13538 13539 13540 13541 
seamless 3 8096 8097 8098 
free 1 160 
high-resolution 2 10697 7200 
structuring 5 3647 3658 4987 5319 5320 
search 10 9766 267 268 483 484 496 19005 19006 19007 388 
e-commerce 1 7942 
contribution 1 4049 
correlated 1 19145 
features 7 13263 13264 2257 7029 7030 7032 7033 
government 1 13544 
guaranteeing 1 19 
patterns 1 6964 
petri 5 16 17 19 160 161 
ciphertext-policy 1 10907 
converting 1 858 
companies 1 3871 
optimization 6 10266 10267 9766 7211 17389 1651 
feedbacks 2 15793 15794 
featuring 4 11233 11234 11235 11236 
image 5 10154 10157 11798 75 268 
number 2 149 1650 
sleep 5 10154 10155 10156 10157 10158 
tiled 1 11235 
traceability 3 3647 5996 4913 
provenance 19 7102 8651 8652 8654 12428 10915 9607 10916 1008 12444 12445 9606 12446 9608 12447 8641 9605 12448 858 
multi-formalism 1 13007 
type-theoretic 1 2257 
cities 1 5722 
flow-aware 1 7026 
automata 4 1767 75 279 19 
view 7 10899 10915 9607 10916 16607 16384 16608 
mechanisms 6 9385 3594 3596 3597 16004 16384 
soas 1 10870 
one-counter 1 443 
optimum 2 267 268 
knowledge-based 1 4360 
e-lab 1 8654 
in-transit 1 7211 
synthesized 1 143 
tree-transformation 1 858 
wfa 1 75 
theoretic 1 7170 
uniformization 2 157 158 
execution 3 9886 9887 8657 
programming 2 296 160 
feasibility 2 5292 5293 
end-to-end 1 7211 
gridvideo 3 17430 17431 17432 
current 1 3646 
logistics 3 4212 4213 4215 
metacomputing 1 8264 
clustering 7 19241 18945 19242 19243 19145 17727 13506 
bisimulations 2 160 161 
clouds 11 7423 7167 7168 7170 8936 8937 9599 9600 13624 8238 13625 
streaming 12 12651 12652 12653 12654 12655 12656 12657 12658 12659 12660 12661 11762 
linear 1 296 
firm 1 13533 
mat 1 167 
accepting 3 744 42 1248 
web 6 9114 9115 10744 7383 7211 7526 
constrained 7 19145 19467 19468 19469 5854 7826 7827 
ones 1 858 
explicitation 5 3647 4986 4987 4988 4989 
attribute-based 1 10907 
solving 3 7211 149 148 
intersections 1 443 
prognostics 2 4213 4215 
gridmap-file 2 10563 10564 
et 1 443 
grid-enabled 8 11489 10697 11490 11491 7200 11494 11495 7211 
methods 2 19145 19912 
learners 1 167 
forall-not 1 858 
normal 4 7029 7030 7032 7033 
versus 2 858 1577 
privacy-preserving 4 7337 7338 7339 7340 
techno-countervailing 1 15794 
permitting 3 744 42 1248 
transportation 1 4946 
long 4 7938 7940 7941 7942 
one-visit 1 1082 
exploring 6 18945 18940 18941 18942 18943 18944 
hairpin-free 2 1436 745 
conceptualising 5 3647 3658 4987 5319 5320 
balance 3 2257 483 496 
future 5 3647 3658 3660 3661 3662 
capture 1 16004 
enactment 2 11080 11081 
key 3 10495 10497 10500 
net-based 1 1577 
mda 1 4047 
staging 3 9886 9887 8657 
location-based 1 13544 
engines 2 11080 11081 
dimensional 1 858 
environments 13 6583 8096 8097 8098 10899 13445 11851 13446 9047 9048 9049 10216 3646 
eager 2 13263 13264 
integrating 2 5429 5430 
ontology 2 6583 19912 
agent 3 4194 4195 4197 
mergesort 2 646 634 
measurement 2 4911 4049 
fleet 1 8238 
pushdown 2 75 143 
arterial 1 7200 
recursive 1 161 
maximum 1 13544 
similarity 2 8355 268 
queries 7 11081 858 42 1881 1882 1883 1884 
example 3 17430 17431 17432 
internet 6 9693 7423 9694 13265 13266 13267 
amp 5 4047 6783 17388 17389 17390 
phase 1 9766 
therapy 1 2257 
wall 1 11235 
provisioning 5 11761 11762 9047 9048 9049 
unbalanced 1 72 
mobile 11 8089 12708 13433 13434 13435 13436 10495 10497 10500 13533 13544 
datasets 2 10697 7200 
consensus 4 1881 1882 1883 1884 
correction 1 42 
routing 2 11235 8238 
polarizations 2 149 148 
china-europe 3 16004 16005 16006 
typed 1 858 
analytic 2 11761 11762 
area 3 13265 13266 13267 
apex 1 90 
multiplication 6 13536 13537 13538 13539 13540 13541 
integration 8 3647 10271 10272 10273 6583 16246 3871 3646 
grammars 5 90 194 296 1082 496 
deadlock 1 19 
alg 1 443 
terrain 5 5854 7826 7827 11364 11365 
functionality 2 15794 11235 
parallel 18 10208 10899 13445 11851 13446 7383 9348 10275 10276 10277 8936 8937 9599 9600 13624 8238 13625 1883 
software-as-a-service 2 3660 3646 
correspondence 1 709 
saas 1 7423 
communication 7 7383 7384 8657 13242 13243 8355 9348 
prediction 2 10592 10594 
ar 2 5851 5854 
game 1 7170 
methodology 1 5722 
memory 1 8355 
dfas 1 42 
splicing 3 744 42 1248 
mission 2 5292 5293 
cooperative 5 3647 3658 4987 5319 5320 
approach 8 3941 3943 3944 3945 4212 2257 268 3646 
numerical 3 1104 1105 1106 
spatially 2 18540 18541 
arrays 5 1883 19005 19006 19007 388 
hdtol 1 75 
first-order 1 858 
automobile 1 5548 
ninf 7 7383 7384 8657 13242 13243 8355 9348 
entropy 4 7029 7030 7032 7033 
implementations 2 7383 7384 
sustainable 9 5292 5293 6441 6443 4049 4946 6448 5548 3646 
ultimate 1 75 
stealing 1 1883 
visualization 6 11364 11365 13235 13236 7211 268 
macro 2 296 1575 
transforming 1 496 
load-balancing 3 9114 6925 9115 
lifecycle 8 3647 16607 16384 16608 4986 4987 4988 4989 
concurrency 2 43 496 
minimizing 1 858 
simulations 4 10899 13445 11851 13446 
ol 2 316 483 
federated 6 9047 9048 9049 13624 8238 13625 
workbench 1 9605 
synthesis 2 160 161 
programs 1 296 
services 6 9693 7423 9694 6925 7211 13544 
structure 8 18945 296 496 18940 18941 18942 18943 18944 
heart 4 7029 7030 7032 7033 
metamodelling 1 3647 
theorem 1 160 
questions 1 11490 
vitality 3 15794 16385 16386 
reality 2 6933 6935 
flexible 1 7211 
collaboratory 10 8264 8265 8266 8267 7102 8269 8270 13235 13236 7211 
bluish-green 2 3262 2257 
geometry 1 75 
traffic 1 7026 
enabling 2 4047 5049 
bounded 1 90 
operating 1 7423 
spreading 4 19145 19467 19468 19469 
daubechies 1 75 
pc 1 7383 
negotiation 4 5292 5293 5776 4360 
pm 7 7383 7384 8657 13242 13243 8355 9348 
measures 4 3647 4212 5319 5320 
soa 1 4047 
records 1 10907 
novel 4 8096 8097 8098 13544 
simplified 3 10154 10157 11798 
optimisation 2 4213 4215 
characterizations 1 443 
series 1 167 
creation 1 16004 
satellite 3 9047 9048 9049 
meta-model 2 4047 6783 
ll 1 496 
hardware 5 12708 13433 13434 13435 13436 
experiences 9 10870 11489 10697 11490 11491 7200 11494 11495 3646 
development 6 15794 7423 10275 10276 10277 2257 
augustus 2 9476 9475 
lr 1 496 
perks 3 6585 6586 6587 
influence 4 19145 19467 19468 19469 
high-available 1 10216 
iii-an 2 13263 13264 
fairness 1 19 
protect 3 6071 6072 6073 
stepwise 1 756 
algorithm 11 8096 8097 8098 13626 13627 6964 13628 8238 19912 19 42 
condensed 3 16 17 19 
principle 1 2257 
r-trees 1 496 
perimeters 4 10271 10272 10273 6583 
equivalence 3 75 279 42 
one-off 2 4047 6783 
isomorphisms 1 12708 
closed 1 443 
interpretation 1 1082 
inspired 2 41 42 
solution-processed 2 3262 2257 
backup 1 10744 
mm 5 6125 6126 6127 6128 6129 
spatial 4 1881 1882 1883 1884 
schemes 5 9114 6925 9115 11364 11365 
organisation 3 16607 16384 16608 
middleware 3 13265 13266 13267 
developments 1 3646 
expressive 1 17727 
machines 1 8355 
unified 9 3647 7423 5816 5429 5430 5817 5818 5819 5820 
extension 10 13536 13537 13538 13539 13540 13541 16384 17333 17334 17335 
product 8 3647 4047 4986 4987 4988 4989 5996 4913 
quadtree 6 13536 13537 13538 13539 13540 13541 
vrml 1 13285 
energy-efficient 1 10216 
persistent 2 160 161 
plane 1 2257 
nodes 6 7383 3594 3596 3597 149 1650 
classification 1 11762 
rule-based 3 13235 13236 7211 
design 18 4946 11059 11060 11061 11062 11063 11064 11065 11066 11068 11069 11070 7383 7384 7938 7940 7941 7942 
replacement 1 19 
technology 15 6441 6443 4049 4946 6448 5548 15794 16385 16386 16607 16384 16608 17333 17334 17335 
semi-algebraic 1 858 
recognition 1 13544 
integrity 1 7170 
reliability 2 7661 9531 
perspectives 5 3647 3658 3660 3661 3662 
competency 1 5430 
study 11 3647 9385 2257 8936 8937 9599 9600 9605 16004 5996 4913 
computing 32 3662 10225 10226 8096 8097 8098 9693 7423 9694 12708 13433 13434 13435 13436 7170 10907 13533 10899 13445 11851 13446 7383 7384 8657 13242 13243 8355 9348 10216 9476 9475 3646 
studies 3 5292 5293 7211 
e-vlbi 4 7938 7940 7941 7942 
overlapped 3 9886 9887 8657 
chinese 1 13533 
procedures 2 5851 5854 
barriers 1 16006 
level 4 4047 4946 5049 143 
results 1 421 
relaxed 2 483 496 
value 2 5722 16004 
developing 2 16608 3646 
sets 4 858 18540 18541 316 
transducers 6 143 166 167 1575 42 1817 
investigation 1 5722 
parallelism 1 7423 
biology 1 13285 
competence 2 5429 5430 
challenges 8 10870 4212 4213 4215 9531 3871 16608 3646 
high-fidelity 5 6125 6126 6127 6128 6129 
colocations 2 18540 18541 
workflow-based 2 8827 8829 
machine 7 9047 9048 9049 4212 13624 8238 13625 
professional 1 16004 
comparison 2 1575 268 
content-based 1 7211 
expressions 1 158 
matching 1 75 
representing 2 1008 9606 
emerging 6 17388 17389 17390 16004 16005 16006 
issues 4 3647 10208 3871 3646 
mining 7 6964 3545 17727 19400 8641 268 19007 
illustrated 1 280 
theory 5 4049 9483 296 43 5430 
estimating 1 388 
improve 3 2257 8936 8937 
enhanced 2 11235 13285 
prefixes 2 16 19 
network 26 11489 10697 11490 11491 7200 11494 11495 12651 12652 12653 12654 12655 12656 12657 12658 12659 12660 12661 10899 13445 11851 13446 7383 4213 4215 16004 
mutually 1 75 
japan 3 15794 16385 16386 
scalable 2 11080 11081 
g-devs 1 4946 
healthcare 3 3594 3596 3597 
abstract 1 167 
playground 4 11689 11690 11691 11692 
application 28 4047 5548 5049 11489 10697 11490 11491 7200 11494 11495 8096 8097 8098 17430 17431 17432 19145 19467 19468 19469 9476 9475 7211 16607 16384 16608 143 160 
smp 1 7383 
worst 1 634 
resource 3 7179 7180 3646 
transition 1 160 
sage-based 1 11235 
productions 1 496 
rapid 5 6125 6126 6127 6128 6129 
oms-wpd 4 7029 7030 7032 7033 
section 3 1008 9606 9605 
human 1 7200 
transductions 3 75 157 158 
averages 1 388 
local 3 16608 483 496 
cosmetic 1 13533 
smart 3 13298 13299 3646 
utilizing 1 8355 
intelligent 6 8096 8097 8098 9886 9887 8657 
collaborative 16 5292 5293 5776 4360 10697 7200 13626 13627 6964 13628 8654 1881 1882 1883 1884 3646 
dol 1 75 
visualizing 5 7200 10899 13445 11851 13446 
metropolitan 3 13265 13266 13267 
characterization 1 8493 
optimal 4 15793 15794 483 634 
decomposition 3 16 19 160 
scheme 1 12708 
forward 1 143 
maximization 4 19145 19467 19468 19469 
asynchronous 3 8238 19 160 
high-level 1 160 
synchronizable 1 75 
genomics 2 8936 8937 
opportunities 1 3871 
hpp 2 149 148 
signature 1 12708 
multinational 3 17388 17389 17390 
neighborhood 1 13544 
high-performance 9 17813 17814 7383 7384 8657 13242 13243 8355 9348 
stacks 1 1651 
available 1 8355 
castings 1 2257 
hpc 6 7423 8936 8937 8938 8939 8940 
content 1 8355 
recommendations 1 11490 
conflict 1 7942 
invariants 1 43 
vlsi 2 75 279 
reduced-space 4 19005 19006 19007 388 
trends 10 3647 3660 6441 6443 4049 4946 6448 5548 3871 3646 
born 1 443 
face 1 13544 
assurance 1 7170 
choice 1 160 
common 5 7525 11692 12426 12427 12428 
data 26 10266 10267 11761 11762 10744 3545 9741 9742 9886 9887 8657 17727 19400 9766 9068 7526 11689 11690 11691 11692 8641 13506 18540 18541 316 167 
digital 1 5722 
fabs 5 6125 6126 6127 6128 6129 
personal 2 15794 10907 
easy 3 10495 10497 10500 
dna 3 157 447 448 
s-invariant 1 161 
dynamics 2 15793 15794 
rebalancing 2 483 496 
interception 3 9114 9115 10744 
intersection 1 158 
uk 1 7942 
matrix 1 421 
semantic-based 1 6925 
multi-tenancy 1 6925 
interoperability 23 3647 3662 4047 4911 5292 5293 4360 6441 6442 6443 5722 6444 4049 4946 6448 5548 5049 1008 9606 9605 3646 5319 5320 
top-down 2 483 484 
mutex 1 19 
cantor-bernstein 1 280 
enterprises 2 3662 3871 
lung 1 3545 
pattern 5 158 19005 19006 19007 388 
overview 8 3647 5816 5429 5430 5817 5818 5819 5820 
xslt 1 858 
modeling 9 10266 10267 6125 6126 6127 6128 6129 72 5430 
string 1 19007 
high-tech 2 16006 16608 
robustness 1 19312 
infrastructure 26 9114 9115 10744 7383 7384 10154 10155 10156 10157 10158 11789 11790 11791 11792 11793 11794 9476 9766 9068 11795 11796 9475 11797 11798 11799 11800 
semantic-aware 1 6925 
actions 1 19 
cancer 1 3545 
apptcp 4 7938 7940 7941 7942 
simplest 1 709 
nano-science 3 16004 16005 16006 
finite 5 75 279 160 42 1817 
untyped 1 858 
corporations 3 17388 17389 17390 
splits 1 72 
benchmarking 1 4913 
metaheuristic 1 8238 
cellular 1 75 
networks 24 4360 5049 6585 6586 6587 7383 8355 7938 7940 7941 7942 3594 3596 3597 16004 16005 16006 744 149 41 42 1650 1248 1763 
text 1 17995 
stg 2 16 19 
association 1 3545 
labels 2 149 148 
relation 3 43 496 1577 
ontology-driven 4 5292 5293 5776 4360 
partitioner 2 10225 10226 
workflow 14 10154 10157 9766 11798 8936 8937 11689 11690 11691 11692 11080 11081 9605 756 
size 2 10266 10267 
counting 1 1008 
generated 1 90 
comparative 3 8936 8937 16004 
service-oriented 6 4194 4195 4197 8096 8097 8098 
empirical 6 5722 7525 11692 12426 12427 12428 
natural 4 5854 7826 7827 280 
intuitive 4 11689 11690 11691 11692 
connective-free 1 858 
matrix-vector 6 13536 13537 13538 13539 13540 13541 
model 22 4911 5548 13263 13264 8652 12428 1008 12444 12445 9606 12446 9608 12447 8641 9605 12448 858 16004 143 43 160 3646 
android 1 6964 
nets 4 756 19 160 161 
optimistic 7 13103 10495 10497 13104 10500 10899 19 
engineering 4 3660 4360 3646 5430 
businesses 4 5292 5293 5776 4360 
sur 1 443 
weighted 4 75 42 1817 388 
telescience 4 11233 11234 11235 11236 
facility 1 7423 
complete 3 19 41 42 
allocation 4 13624 8238 13625 3646 
real-time 2 5854 75 
supply 3 4049 16246 3871 
b-trees 2 19312 496 
machining 1 2257 
functions 2 143 443 
trace 1 19 
systolic 2 75 279 
symport 1 1767 
word-aligned 1 17995 
web-based 3 7269 7270 7271 
provider 1 7102 
recovery 1 496 
e-hub 2 3660 3646 
genealogy 1 16004 
notebook 3 7269 7270 7271 
discovering 1 17727 
organic 2 3262 2257 
tenant-based 1 3646 
supporting 1 9605 
long-haul 2 9741 9742 
temporal 1 8641 
service 27 10271 10272 10273 6583 7179 7180 10266 10267 7167 7168 7170 11059 11060 11061 11062 11063 11064 11065 11066 11068 11069 11070 7524 7525 7526 19 1883 
server 2 17813 17814 
operations 4 7383 8355 42 5430 
listwise 6 18945 18940 18941 18942 18943 18944 
nosql 1 13007 
indexing 1 17995 
diagnosis 1 9483 
technical 1 3871 
iridium 2 3262 2257 
circular 1 421 
open 14 7383 8652 12428 1008 12444 12445 9606 12446 9608 12447 8641 9605 12448 858 
comparisons 3 15794 16385 16386 
file 13 12651 12652 12653 12654 12655 12656 12657 12658 12659 12660 12661 17389 72 
evolutionary 9 8238 17389 744 149 41 42 1650 1248 1763 
deployment 4 7423 9114 9115 10744 
margin 1 13544 
collaborating 1 5820 
compression 1 17995 
igrid 4 11233 11234 11235 11236 
groups 2 7383 8355 
computationally 2 41 42 
information 24 3647 3658 3660 6441 6443 5722 4049 4946 6448 5548 7167 7168 7170 4213 4215 5854 16246 7524 7525 7526 4987 5319 5320 5820 
problems 5 7383 9348 7211 709 19 
form 1 496 
pi-calculus 1 280 
national 7 8264 8265 8266 8267 7102 8269 8270 
art 1 3660 
interaction 1 11235 
fair 7 13103 10495 10497 13104 10500 802 19 
strategic 1 13533 
disks 2 13298 13299 
tree-based 2 646 634 
fundamentals 1 43 
present 1 3660 
trees 9 75 279 72 267 268 483 484 496 634 
computation 8 7337 7338 7339 7340 11864 11865 11866 11867 
language 11 3647 7526 41 42 5816 5429 5430 5817 5818 5819 5820 
generators 1 316 
enzymatic 3 1104 1105 1106 
trade-off 1 9766 
collaboration 4 16246 16004 16005 16006 
pair 1 421 
query 3 7526 42 388 
traces 3 17727 43 1171 
unfoldings 2 16 19 
updating 2 483 484 
effective 11 3941 3943 3944 3945 6583 13626 13627 6964 13628 19145 16608 
version 3 10495 10497 10500 
sensing 2 7383 3646 
private 1 9766 
particle 7 11489 10697 11490 11491 7200 11494 11495 
identity 2 7102 6925 
highly 1 8355 
velocity 3 3594 3596 3597 
contracts 2 7179 7180 
shifting 1 4212 
deterministic 3 75 296 443 
hotspot 1 3545 
algebra 2 19 160 
purely 2 483 484 
failures 1 19 
migration 3 8096 8097 8098 
aps 1 3871 
atomicity 1 160 
teragrid 1 7200 
access 10 7423 10495 10497 10500 13265 13266 13267 10915 9607 10916 
research 9 7102 10154 10155 10156 10157 10158 9607 9608 3646 
liveness 1 19 
vehicular 1 13506 
integrated 6 4047 5722 6783 10275 10276 10277 
handover 4 13533 3594 3596 3597 
point 1 2257 
paradigms 4 3647 43 5996 4913 
industrial 3 5851 5854 3871 
triangles 1 5854 
relational 2 11081 43 
cloud 23 3662 7423 12708 13433 13434 13435 13436 10495 10497 10500 10907 13533 11761 11762 6925 9047 9048 9049 10216 2257 8936 8937 3646 
tcp 4 7938 7940 7941 7942 
polynomials 1 12708 
based 22 4047 4946 6783 4194 4195 4197 8493 12708 6925 3545 10154 10155 10156 10157 10158 2257 8936 8937 7029 7030 7032 7033 
cyber-physical 1 13506 
sector 1 5548 
solutions 1 709 
polysomnographies 5 10154 10155 10156 10157 10158 
impact 4 3594 3596 3597 16006 
max-sum 1 19912 
diodes 2 3262 2257 
tools 3 7269 7270 7271 
n-dimensional 1 858 
multi-exponentiation 3 10495 10497 10500 
grand 3 4212 4213 4215 
phosphorescent 2 3262 2257 
lods 3 5854 7826 7827 
power 9 15794 858 75 90 1082 744 1104 1105 1106 
dmds 1 5548 
crossing-over 1 42 
reduction 4 13263 13264 1351 1082 
custom 2 3660 3646 
antiport 1 1767 
work 8 3647 5816 5429 5430 5817 5818 5819 5820 
systems 47 3647 3658 3660 3661 3662 6441 6443 5722 4049 4946 6448 5548 7423 10208 4212 4213 4215 9385 9766 11364 11365 9531 7211 1008 9606 3871 13506 1767 75 296 43 19 160 161 744 1104 1105 1106 149 148 41 42 1248 3646 4987 5319 5320 
minex 2 10225 10226 
global 11 11233 11234 11235 11236 7383 7384 8657 13242 13243 8355 9348 
collective 2 7383 8355 
prevalent 2 18540 18541 
discover 3 13235 13236 7211 
symbolic 1 143 
shape 1 268 
modelling 16 3647 4047 5548 4212 4213 4215 43 5816 5429 5430 5817 5818 5819 5820 5996 4913 
sticky-free 3 157 447 448 
throughput 2 10266 10267 
environment 23 4047 6783 10697 7200 6585 6586 6587 10563 10564 10275 10276 10277 11689 11690 11691 11692 7269 7270 7271 1881 1882 1883 1884 
program 1 2257 
renderin 1 5854 
management 38 3647 3660 4049 6583 7102 11059 11060 11061 11062 11063 11064 11065 11066 11068 11069 11070 6925 4213 4215 10154 10157 9766 9068 11798 7942 8651 8652 8654 13544 3871 3646 4986 4987 4988 4989 5429 5430 5820 
efficient 27 13536 13537 13538 13539 13540 13541 7423 12708 13433 13434 13435 13436 7337 7338 7339 7340 13533 19145 9476 9475 3262 2257 13506 316 71 72 19007 
precedence 1 1761 
behaviour 4 16 17 19 72 
ecosystems 1 16004 
object 2 7383 8355 
recent 2 11080 11081 
deadlocking 1 19 
techno-economic 2 15793 15794 
responsiveness 1 19 
graph 4 8493 90 194 19 
interactive 3 11851 11364 11365 
vector 1 1577 
triple 3 16607 16384 16608 
programmer-level 1 8264 
rule 1 3545 
notification 1 7211 
representations 1 477 
printers 1 15794 
forms 3 316 483 1761 
worst-case 2 316 19 
aerospace 2 4213 4215 
multitape 1 75 
locally 3 5854 7826 7827 
separation 2 149 148 
strategy 3 16607 16384 16608 
mobility-aware 1 8089 
processors 7 744 149 41 42 1650 1248 1763 
rules 2 149 148 
genesis 1 7423 
technologies 7 4194 4195 4197 7211 16246 11080 11081 
multimedia 2 17813 17814 
trident 1 9605 
learns 1 42 
industries 2 4047 16006 
context 6 3647 316 4986 4987 4988 4989 
specification 18 4946 8652 11689 11690 11691 11692 12428 1008 12444 12445 9606 12446 9608 12447 8641 9605 12448 858 
cluster 8 7423 7383 7384 8657 13242 13243 8355 9348 
single-class 1 8089 
channel 1 7942 
