<Keyword> <No of vertices> <vertex1> <vertex2> .... <vertexN> 
rescheduling 1 7128 
nested 6 19978 1192 19979 18732 19980 19981 
desktop 4 8335 8534 8536 6921 
advances 2 7561 6921 
parts 1 2186 
sensitizer 1 2555 
lambda 1 7367 
time 19 17655 17823 18179 6987 19965 5985 17802 17803 17804 17805 18952 4806 18519 18732 18045 18046 7128 6921 7048 
bpel 1 4969 
semantics 8 17570 13646 8702 13648 13649 1974 17419 18271 
levels 1 6921 
event 6 13646 8702 13648 13649 1974 7039 
adaptable 1 18519 
semantically-related 3 19297 19298 19299 
advanced 4 17482 18158 18159 7040 
planar 1 17482 
ad-hoc 5 11634 11632 11633 11635 11636 
objects 14 17680 17682 17683 17684 18232 17419 18835 18447 18565 18566 18568 18569 18045 18046 
generation 5 17522 18365 17491 17492 18284 
video 1 8305 
paging 1 239 
intelligence 5 5562 5563 5564 5565 5566 
hyponym 1 5985 
cogboost 2 18091 17546 
distinction 1 17570 
highly-threaded 2 10432 10433 
hashtag 3 19297 19298 19299 
wide 3 10409 18539 7049 
partial 1 17482 
inverted 1 17742 
evolution 1 16454 
aggregation 1 17567 
project 3 5985 18365 7344 
aspect 3 18660 239 18661 
atelic 1 17570 
clustertree 1 3567 
steering 1 7038 
nimrod-g 1 6921 
quality 7 17422 17419 2966 2967 2968 2970 2971 
codes 3 7039 11149 11150 
inference-based 1 17525 
big 7 17546 11041 7561 11042 6919 7128 11043 
attacks 1 18519 
dynamic 16 6987 17419 18426 18427 19674 19675 18773 4806 17653 8303 8305 7039 7987 12989 12990 7344 
knowledge 11 18179 18365 6698 13517 13518 12988 17505 19917 19918 19919 7054 
incorporating 1 6921 
behavior 2 6987 19904 
comparing 4 17745 17746 17747 17748 
coupling 1 18933 
net 3 5595 3808 3810 
range-sum 1 17419 
commerce 2 18550 18551 
immunization 6 17582 19769 19770 19771 19772 19773 
xen 1 6987 
patient 1 7054 
object-oriented 2 18740 7344 
data-aware 3 6919 7128 6921 
preferences 1 18159 
time-series 1 18732 
dissemination 1 17419 
prospects 1 7054 
aggregating 1 12988 
join 5 17823 18179 18371 18373 17606 
super-peer 1 7054 
electronic 2 18550 18551 
transatlantic 1 7049 
new 9 17522 18773 4806 19056 8625 18013 6919 6921 7344 
utility 5 17999 18000 18001 18278 6921 
leveraging 1 7054 
subgraphs 2 17546 17547 
sequence 4 17789 18968 18969 18970 
library 4 18284 18285 18286 11359 
guest 12 17570 17503 18544 18174 18175 18176 18580 8299 18519 1085 19709 6921 
multiprocessor 1 7128 
public 12 18465 18466 18467 6919 7128 13461 13462 13463 13464 13465 6921 7054 
resources 1 6921 
transactions 3 17482 1003 19723 
computational 7 7561 7128 6921 7045 7054 7332 7995 
client 1 7047 
designing 1 7054 
paradigm 4 5013 5014 5015 5017 
change 2 17655 17522 
mecom 2 10869 6987 
consumption 3 19825 5595 3808 
tool 3 17491 17492 7039 
settings 4 10869 6987 11511 19943 
broadcast 3 17419 1809 8335 
distributed 25 11511 17887 17681 17547 3808 4969 3567 18519 18468 18045 18046 10409 18539 7561 6919 6921 7039 7046 7048 7054 10250 12419 7367 12989 7344 
architecture 8 18933 8534 8536 7561 6921 7038 7054 7344 
fbs 1 4362 
policies 5 17745 17746 17747 17748 6921 
rct 2 11511 6921 
software 9 9095 8263 9096 9097 9098 7561 6919 7128 7039 
energy-efficiency 1 8303 
medical 2 4806 17582 
terascale 1 7038 
heuristics 1 6921 
reputation 1 6921 
tony 1 7344 
processing 33 11634 18179 18933 18688 18690 18691 18692 18693 1809 8335 17482 18158 18159 1085 17845 17846 17847 17732 19978 1192 19979 18732 19980 19981 11632 11633 11635 11636 7128 7039 7987 7988 7344 
rdf 2 17769 7367 
perspective 2 12988 239 
trimming 2 17419 19004 
overall 1 3810 
workload-aware 1 6921 
cost-sensitive 2 18091 17546 
processes 3 3808 3810 1779 
monitor 1 6987 
releases 3 17419 18426 18427 
automatic 4 5005 9942 10337 18284 
nonconformance 1 4294 
ultrasound 1 4806 
code 1 7045 
proximity 4 17887 18184 18185 10689 
das 1 7344 
node 6 17582 19769 19770 19771 19772 19773 
imprecise 1 18174 
multiprocessors 1 6944 
assumptions 2 12298 17482 
delivering 1 6921 
ldv 1 18519 
active 6 2658 2659 2660 2661 2662 1085 
economics 1 6921 
orders 1 17482 
streams 13 17525 18015 18016 6944 18179 19100 17887 19102 17419 17546 17522 18174 18519 
toolset 1 7048 
fast 21 18179 19965 5985 18091 17546 19924 19925 19545 19546 19547 19548 17845 17846 17847 17732 18311 18312 17582 7330 7332 8606 
sparse 1 18447 
extending 2 19343 19831 
heterogeneous 2 16454 7040 
survivability 1 18519 
do-it-yourself 7 6919 7128 13461 13462 13463 13464 13465 
connect 3 19297 19298 19299 
indoor 1 6987 
measure 8 5595 3808 3810 3567 17745 17746 17747 17748 
subtrees 1 1085 
espm 1 6987 
concise 6 17710 18179 17769 17999 18001 18278 
membership 4 19545 19546 19547 19548 
repartitioning 1 6921 
analysis 21 18179 17419 18933 19904 18952 5112 17732 18308 18310 18311 18312 17582 9675 8536 19451 19452 239 6921 7039 7045 7046 
simulation 3 12988 7561 6921 
business 5 5562 5563 5564 5565 5566 
response 3 239 18045 18046 
following 3 17631 17632 5600 
sequential 18 17419 17502 17999 18001 18278 18426 18427 18365 17509 19552 19553 19554 19279 19280 19281 19282 19283 6423 
wireless 4 17419 17502 1809 8335 
evidential 1 17567 
quantum 1 1974 
fuzzy 7 19978 1192 19979 18732 19980 19981 18284 
file-based 1 7046 
activity 4 17422 17419 17547 18952 
e-tree 1 17546 
facilities 1 18835 
picos 1 7038 
updates 4 18707 18708 1003 19723 
injection 4 1931 2184 2185 2186 
layer 4 1931 2184 2185 2186 
laboratory 3 8607 7367 7344 
semantic 21 17525 10869 6987 8702 1974 18555 4362 11951 11952 11953 652 12298 17482 6698 13106 12988 11589 11591 11592 18284 7054 
bandwidth-efficient 1 17419 
iterative 4 17546 7330 7332 8606 
svms 1 18290 
n-way 1 17823 
source 1 7045 
relations 6 8702 1974 5595 3808 10689 3810 
metered 1 6921 
checkbox 5 17680 17681 17682 17683 17684 
biogeography-based 1 2967 
nature-inspired 1 7128 
java 6 10408 10409 10410 7039 7040 7046 
planner 1 18179 
regularized 2 17732 17509 
adding 1 17570 
assessment 7 2966 2967 2968 2970 2971 19924 19925 
contamination 1 7054 
searchable 3 8303 8304 8305 
graphs 13 17710 18179 19924 19925 18773 4806 19056 17582 19769 19770 19771 19772 19773 
generalized 1 18952 
durham 1 7344 
presentations 2 17491 17492 
inference 3 18447 18519 17631 
minimized 1 17419 
consolidated 1 2967 
filtering 6 19678 18371 18886 18373 17546 18174 
diverse 3 10869 6987 17653 
layers 4 1931 1934 1935 1936 
package 1 7039 
neural 1 7128 
formalization 1 3808 
influences 1 1974 
deploying 1 6921 
adversaries 1 17681 
bio-inspired 1 7128 
accesses 2 17491 19343 
improved 1 2555 
rank 5 2966 2967 2968 2970 2971 
replication 2 6987 7128 
norm 1 18179 
social 24 13646 8702 13648 13649 1974 17422 17419 18426 18772 18773 18774 18288 18289 18290 18292 18519 9675 8536 19451 19452 8621 8622 8623 8625 
oriented 1 6921 
tweet 3 19100 17887 19102 
carrier 1 1974 
cloud-end 2 6987 8305 
donating 1 6987 
aided 3 7344 12997 12711 
constructing 2 6987 12988 
rost 2 11511 8534 
motif-based 1 5985 
transfer 3 17546 17547 7128 
support 6 5985 18290 7128 8607 7038 7040 
rom 1 4362 
searching 5 10869 6987 11511 19943 17582 
adaptive 11 18371 18373 17419 18120 18121 18122 18123 6921 7037 7054 7056 
bag 3 18091 17546 17547 
phased 1 6921 
inter-view 1 8305 
privacy 7 17681 18006 18007 18008 18009 18545 18546 
recommendation 16 10869 6987 19825 5595 3808 18288 18289 18290 18292 9942 19279 19280 19281 19282 19283 6423 
job 8 8335 7128 7037 7039 7048 7056 7987 7988 
health 6 19498 19499 19500 19501 19502 19503 
cryptography 1 2555 
runtimes 2 7045 7047 
distribution 8 17525 6987 18707 18708 17491 18032 18519 16454 
hopfield 1 7128 
epidemic 2 19034 19035 
scaling 6 6987 17845 17846 17847 17732 6921 
verification 1 3808 
g-hadoop 2 7561 6919 
foraging 2 17913 17914 
querying 4 3808 18174 1779 7054 
virtual 17 10869 6987 5013 5014 5015 5017 2967 7312 8534 8263 8536 8305 8607 10250 8345 7367 7344 
europe 2 7332 7995 
boltzmann 1 7332 
repositories 1 3808 
ontologies 2 18365 7041 
dalton 1 7046 
vehicle 1 5600 
proof 1 7040 
group-based 1 6921 
road 2 19541 18179 
space 5 9105 13517 13518 12988 239 
decision 4 5985 1779 8305 8607 
statistical 1 1085 
violations 1 6921 
short 4 17525 17419 18555 4362 
all-pairs 2 19924 19925 
labeling 1 17419 
subscribe 6 6987 19678 18371 18886 18373 8305 
dimensions 1 3567 
dependable 1 7048 
probability 3 19552 19553 19554 
construction 8 13517 13518 12988 9095 8263 9096 9097 9098 
probabilistic 24 18179 17763 19383 17674 17675 1844 18174 18175 18176 8534 19194 18447 18565 18566 18568 18569 1085 1003 18284 18285 18286 18660 239 18661 
mobility 1 8335 
note 2 6919 6921 
trading 1 12988 
hole 4 1931 2184 2185 2186 
concentration 1 1974 
diversity 2 17419 18426 
editorial 4 1085 19709 7048 7344 
criteria 1 17482 
green 3 6987 8534 8536 
boosting 2 18091 17546 
trajectories 1 17419 
loosely 1 7040 
links 3 17631 17632 5600 
decoupled 1 6987 
heigen 1 17582 
frequent 3 17645 18174 1085 
enhancement 4 1931 2184 2185 2186 
odmg 2 19343 19831 
health-related 1 18447 
multiclass 1 18290 
reasoning 1 17567 
preserving 2 18545 18546 
maximal 1 1085 
rooted 1 1085 
method 8 18371 18373 17419 19004 19998 7329 7332 12857 
efficiency 4 8303 8304 8305 7054 
high-end 1 16454 
manufacturing 6 17655 5013 5014 5015 5017 2186 
scalability 1 7046 
disk 1 6987 
authorization 7 18006 18007 18008 18009 17563 17482 6921 
triadic 4 9675 8536 19451 19452 
plm 1 5112 
exact 1 1085 
fusion 1 7128 
applications 33 11634 6987 17522 19904 1841 1843 1844 8534 8536 11632 11633 11635 11636 6919 7128 13461 13462 13463 13464 13465 6921 7038 7039 7047 7054 7987 7995 12989 7344 12997 12711 8222 8223 
time-bound 1 19311 
recurring 1 17522 
joint 1 17680 
reviews 3 18660 239 18661 
authentic 4 17491 18032 18519 16454 
frameworks 1 6987 
momentum 3 7330 7332 8606 
efficiently 1 8299 
analyzer 1 6987 
aggregations 3 18853 18854 18855 
recent-biased 1 18952 
embedded 5 9095 8263 9096 9097 9098 
unwanted 2 17491 18032 
nurbs 1 5005 
siloxane 4 2659 2660 2661 2662 
clusters 2 6919 6921 
owner 4 18006 18007 18008 18009 
hybrid 8 1809 12988 7561 6919 7128 6921 11149 11150 
holistic 1 7038 
quotation 1 2186 
scale 3 8702 1974 17503 
differentiated 1 6921 
resolution 2 17748 17567 
security 9 8534 18519 19311 8536 7561 7128 8303 8304 8305 
disease 1 18447 
requirements 1 8303 
validating 4 9354 9356 9357 9358 
subset 1 1003 
multi-emitting 4 1931 1934 1935 1936 
effectiveness 1 16454 
overcommitted 1 6987 
path 6 19279 19280 19281 19282 19283 6423 
drum 1 239 
grid 33 6987 11511 4969 8335 8534 8263 7561 6919 8607 6921 7037 7038 7039 7040 7041 7042 7043 7044 7045 7046 7047 7048 7049 7050 7051 7052 7054 7055 7056 7987 7988 8222 8223 
compute 1 7048 
drug 4 16454 18660 239 18661 
billion-scale 1 17582 
puzzle 1 18365 
answering 2 1844 8534 
reuse 1 5005 
bgk 4 7329 7330 7331 7332 
validation 1 19998 
task 5 6987 7561 6919 7128 6921 
agreement 1 7056 
problem 2 11511 8581 
bloom 4 10869 6987 11511 19943 
anonymization 2 18545 18546 
interface 1 7045 
suffix 1 18468 
optimizing 10 18015 18016 6944 10869 6987 11511 19943 17419 17502 6921 
database 19 18371 18373 17419 652 17491 12298 17563 18519 19978 1192 19979 18732 19980 19981 18122 17567 10409 18539 7344 
subgraph 1 18179 
disambiguation 3 18284 18285 18286 
convenient 1 7039 
co-occurrence 3 19297 19298 19299 
implementation 11 17655 17823 6987 12298 239 4294 8305 6921 7040 7054 11359 
identification 2 17419 18426 
weighting 1 17732 
scientific 6 8299 7013 6921 7047 7054 7344 
drtm 2 6987 8305 
competitive 1 6987 
icde 2 17503 18544 
things 2 4969 6921 
consistent 3 2555 17732 17509 
energy 6 6987 17928 17929 7561 7128 7054 
step 1 1931 
discussion 1 16454 
treatment 1 17570 
exposing 1 7039 
flow 7 7329 7330 7331 7332 10250 8345 12857 
suppressing 1 17732 
feedback 3 19825 5595 3808 
client-centric 1 3808 
concurrent 3 12298 1085 5112 
oleds 5 1974 1931 2184 2185 2186 
hypergraph 1 18447 
differential 3 17655 18545 18546 
script-based 1 7039 
comprehensive 2 17422 17419 
feature 8 17680 10689 5005 5112 5561 17732 17509 7128 
elements 1 6921 
structured 6 18580 8299 18853 18854 18855 7040 
switching-frequency 1 6987 
consistency 2 3808 1809 
koan 1 7047 
entities 2 8702 1974 
pricing 1 6921 
models 8 19039 18179 17546 1085 5005 1779 7054 7367 
provable 3 8303 8304 8305 
telic 1 17570 
elastography 1 4806 
low 1 1974 
devices 5 1974 1931 1934 1935 1936 
bipartite 2 19924 19925 
co-adaboost 5 9095 8263 9096 9097 9098 
spectral 5 1931 1934 1935 1936 17582 
complex 5 7039 10250 8345 12997 12998 
organizing 2 8702 1974 
malicious 2 17681 17482 
coordination 2 4969 7047 
use 3 12298 17482 7039 
user-level 3 7039 7987 7988 
platforms 3 6987 8305 6921 
usa 1 16454 
meta 1 7054 
messages 2 17491 18032 
virtualized 1 6987 
xpath 4 9354 9356 9357 9358 
influential 1 18835 
methodologies 1 17547 
truth 1 17631 
electron 4 1931 2184 2185 2186 
best 1 6921 
topology 2 6987 8305 
publish 6 6987 19678 18371 18886 18373 8305 
correctness 3 652 17482 7040 
crawling 5 17680 17682 17683 17684 18232 
procedure 2 1779 8305 
sensitive 2 17928 17929 
dht-based 1 7054 
rule-driven 1 7047 
diffusion 9 17505 17506 17507 17509 17631 17632 5600 10250 8345 
replicated 3 5005 5112 5561 
transactional 4 17999 18000 18001 1809 
documents 12 18775 18776 17644 17645 17647 17491 18032 18519 16454 7013 18045 18046 
trust 2 17491 17573 
light-emitting 5 1931 2555 1934 1935 1936 
ip-based 1 8335 
learning 18 17789 17680 17546 17547 2966 2967 2968 2970 2971 10689 18968 18969 18970 18447 6698 17509 19998 7054 
stochastic 1 8303 
time-variant 1 17419 
assignment 4 5985 3808 3810 19311 
rfid 1 17525 
challenge 1 7344 
presence 1 18159 
practice 2 2555 7048 
biased 1 17525 
hype 1 6921 
periodicity 1 17419 
decentralized 2 6919 6921 
world 5 17710 18179 17769 10409 18539 
grids 14 6987 10685 10686 10688 10689 7561 6919 7128 6921 7037 7045 7048 7054 7056 
hierarchies 3 18772 18773 18774 
implicit 5 8702 1974 19825 5595 3808 
multiscale 5 18179 19965 5985 7039 8222 
dividing 1 17419 
science 4 7045 7054 7332 7995 
frontier 1 7128 
architectures 5 10432 10433 8536 7040 7344 
exploiting 2 10869 6987 
ipsc 1 7047 
simulation-based 1 19998 
dutch 1 7344 
trustworthiness 2 11511 8534 
two-level 3 6987 7037 7056 
automating 1 18580 
replica 2 6921 7046 
performance-aware 2 7561 7128 
gpu 1 7040 
control 15 5013 5014 5015 5017 17502 17503 3810 17491 12298 17563 18519 5005 5112 5561 1779 
willingness 2 17422 17419 
scheduler 1 8335 
unsteady 3 7329 7332 12857 
iot 1 6921 
select 1 3567 
cpu 1 7040 
economy 1 6921 
cloudflow 1 7128 
evolving 5 19100 17887 19102 17419 17522 
extraction 7 5985 8621 8622 8623 8625 4294 19420 
cost 3 18179 18740 6921 
optimize 1 3810 
enables 1 7039 
internet-enabled 1 5112 
navigation 1 9942 
case 2 6919 6921 
janet 1 7039 
lattice 4 7329 7330 7331 7332 
estimation 7 17680 17681 17682 17683 17684 17763 4806 
profiling 1 17419 
large-scale 4 6987 3808 7045 7054 
peer-to-peer 11 10869 6987 11511 19943 9686 9687 17491 17573 18468 8536 7054 
hpcn 1 7995 
federation 4 6919 6921 7039 7367 
sampling 4 17710 18773 4806 19056 
performance 16 1974 18933 3810 2555 8607 6921 7039 7041 7046 7047 7054 7332 11149 11150 12989 7344 
protein-protein 1 3567 
hop-based 4 17845 17846 17847 17732 
multiple 8 18179 17419 17999 18001 18278 18365 1844 6921 
protocol 1 8335 
strength 1 17522 
diversity-aware 1 4806 
community 11 17419 18426 19674 19675 19545 19546 19547 19548 19552 19553 19554 
extended 4 17655 17563 17482 9105 
evolvable 1 18519 
adapting 1 6987 
reference 1 7344 
general 3 18179 17419 7995 
agent-mediated 2 18550 18551 
effect 2 1974 239 
genetic 1 6921 
pipeline 1 17823 
trajectory 5 19726 19727 19728 19729 19730 
remapping 1 6987 
infrastructures 1 6921 
usage 2 17913 17914 
shared-nothing 1 6921 
core 7 13646 8702 13648 13649 1974 18773 4806 
performances 4 1931 2184 2185 2186 
historical 4 17802 17803 17804 17805 
high 13 17999 18000 18001 18278 3567 8303 8304 8305 7046 7054 7332 12989 7344 
interoperable 3 11951 11952 11953 
automated 3 13517 13518 12988 
domains 3 19924 19925 1844 
movement-based 3 19552 19553 19554 
mechanism 5 6987 17491 12298 17563 6921 
graph-based 11 17732 19297 19298 19299 17509 19498 19499 19500 19501 19502 19503 
semrex 2 10869 6987 
zero 1 7367 
laplacian 2 17732 17509 
many-core 2 10432 10433 
annotation 2 19541 18290 
hierarchical 5 17419 19311 7561 7037 7056 
equivalences 1 1003 
optimizers 1 18580 
tree 11 11511 9686 9687 1841 1843 1844 18468 19552 19553 19554 6921 
why-not 2 1844 8534 
industry 2 7048 8345 
watermarking 2 18648 19689 
topic 3 19297 19298 19299 
strategies 2 17547 6921 
platform 1 6921 
citation 1 12988 
continuous 1 18174 
random 1 17710 
phenotype 4 17789 18968 18969 18970 
sigmcc 1 7054 
lgf 1 7039 
huge 1 7561 
solid 1 1974 
visual 2 3567 18447 
planning 2 17422 17419 
ws-based 1 4969 
closure 4 9675 8536 19451 19452 
pharmaceutical 1 7048 
coordinator 1 6921 
ranking 3 17732 17509 6921 
legacy 1 7039 
placement 1 2967 
stream 5 18179 19965 5985 17522 1085 
bootstrap 1 17509 
range 5 17710 18179 17769 11511 6921 
backward 6 19279 19280 19281 19282 19283 6423 
faceted 1 9942 
assembly 1 5005 
link 8 8702 1974 17522 13106 12988 11589 11591 11592 
centers 4 7561 6919 8303 6921 
secure 15 6987 8534 17482 18158 18159 18465 18466 18467 18647 18648 18519 8536 8303 8304 8305 
block 1 17763 
mapping 2 12997 12998 
techniques 7 17887 18648 19689 7561 6919 7128 8581 
retrieval 5 10869 6987 4806 17732 17509 
indexer 1 18290 
impact-targeted 2 17547 18952 
emr 2 17732 17509 
modern 3 6919 7128 6921 
computers 1 7054 
words 3 19297 19298 19299 
optimized 1 6987 
deadline-driven 1 6921 
dependencies 1 1844 
interval-based 1 17570 
slim-trees 3 18311 18312 17582 
znse 1 1974 
top-k 6 10869 6987 17419 17999 18001 18278 
uncertain 16 11634 17789 17525 18015 18016 6944 18179 17645 17522 18835 18174 18175 18176 18773 4806 19056 
networking 8 10685 10686 10688 10689 7039 7047 7332 7995 
robust 2 17680 17419 
module 1 3567 
partially-ordered 4 17999 18001 18278 18365 
cases 1 17547 
itemsets 4 17999 18000 18001 18278 
superscalar 1 7038 
model-driven 2 6919 6921 
mpgs 2 17491 17492 
framework 46 17525 6987 17680 5013 5014 5015 5017 18006 18007 18008 18009 17419 18952 19726 19727 19728 19729 19730 8365 4969 8367 17928 17929 18773 4806 19056 17491 17573 5005 13517 13518 12988 18284 18285 18286 19034 19035 8305 6921 7039 7046 7047 7048 7054 12997 12998 
p-based 1 6921 
blends 1 1974 
periodic 1 1974 
process 10 5562 5563 5564 5565 5566 17419 3808 3810 1844 1779 
multi-tenant 3 18371 18373 18122 
electrowetting 5 2658 2659 2660 2661 2662 
databases 30 17655 17823 17570 18179 17645 17680 17681 17682 17683 17684 18371 18373 17999 18000 18001 18174 18175 18176 12298 17563 17482 18648 18740 16454 19689 1085 1003 19723 17582 6921 
broker 1 6921 
stores 3 17482 18158 18159 
skyline 4 18179 17681 17763 19383 
bus 1 6944 
ranked 1 18179 
transaction 10 17655 17823 17419 18933 19004 1809 8335 17482 18158 18159 
structural 2 17419 18426 
remote 8 11511 8534 11041 7561 11042 6919 7128 11043 
sources 2 10869 6987 
scheduling 10 6987 17419 7312 7561 6919 7128 6921 7037 7056 7987 
multi-view 1 8305 
chien 1 19311 
granularity 1 6921 
model-based 1 6921 
survey 8 19039 17570 17522 10685 10686 10688 10689 3567 
synchronous 1 7040 
warping 1 18732 
algorithms 27 11634 6987 19678 18371 18886 18373 17419 17502 17503 17999 18000 18001 18278 17522 17582 19769 19770 19771 19772 19773 11632 11633 11635 11636 17567 8305 7054 
low-granularity 1 17525 
polyimide 4 2659 2660 2661 2662 
lbgk 3 7329 7332 12857 
connection 1 12298 
literature 2 10869 6987 
symmetric 4 7329 7330 7331 7332 
enterprise 4 5013 5014 5015 5017 
logging 1 8335 
bifurcation 4 7329 7330 7331 7332 
stable 4 2238 2240 7128 7344 
role-based 1 5112 
phishing 3 11589 11591 11592 
cognitive 1 12988 
formal 1 17503 
mars 1 7048 
factorization 2 17732 17509 
prefix-filter 2 18371 18373 
representation 5 17999 18001 18278 3567 5005 
energy-aware 4 7561 6919 7128 6921 
policy 1 6987 
diagram 1 4362 
gridsim 1 6921 
media 9 13646 8702 13648 13649 1974 18288 18289 18290 18292 
characters 1 10337 
soil 1 7054 
generic 1 4294 
ompss 1 7038 
connecting 4 18288 18289 18290 18292 
redundant 2 12997 12998 
issue 2 18519 6921 
state 2 1974 18886 
navigational 2 17491 19343 
attribute 5 19597 19598 2555 19599 17567 
oltp 1 6921 
point-based 1 17570 
tree-verified 1 6944 
evaluation 6 17887 18773 4806 19056 6921 7047 
bandwidth 1 17419 
sharing 13 17681 8534 18465 18466 18467 17505 19917 19918 19919 8536 7039 7054 8222 
concept-drifting 1 18519 
poisson 3 5005 19034 19035 
finding 1 18835 
automata-based 1 7039 
epsilon 2 17502 17503 
toolkit 1 7344 
qos-driven 1 6921 
availability 1 8335 
vision 1 6921 
discriminant 2 17732 9675 
nearest-neighbor 1 3567 
stratified 3 18773 4806 19056 
keyword 24 11634 17789 17525 17769 18775 18776 17887 18184 18185 17742 18688 18690 18691 18692 18693 1844 18580 8299 8534 19194 1779 8303 8304 8305 
evaluating 3 18179 18365 7344 
potential 1 17547 
tasks 3 7039 7987 7988 
predeclaration 2 1809 8335 
noise 5 17546 18120 18121 18122 18123 
wide-area 1 12989 
personalization 3 8365 4969 8367 
weights 1 17680 
target 3 11589 11591 11592 
architectural 1 6921 
special 19 17570 6987 18174 18175 18176 18580 8299 18519 1085 19709 6919 6921 7038 7039 7045 7048 7054 7367 8581 
reconstruction 3 17732 17509 8581 
user 7 6987 19825 5595 3808 17491 18032 7048 
browsing 3 18045 18046 6423 
storage 5 6987 3808 17928 17929 7344 
sdn-aware 2 7039 7367 
reliable 1 7128 
using 49 19541 9354 9356 9357 9358 17789 6987 8702 1974 18371 18373 1931 2184 2185 2186 17419 17522 19004 1809 8335 18968 18969 18970 18288 18289 18290 18292 2555 17748 18648 19689 12988 19297 19298 19299 18311 18312 17582 17509 5600 18120 18121 18122 18123 7128 7039 7056 7367 11359 
communities 2 6698 7048 
store 1 239 
workflows 2 8299 7041 
regularities 2 17913 17914 
microblogs 3 19297 19298 19299 
incrests 1 17419 
missing 4 3808 19126 3810 4969 
seamless 1 7367 
preface 3 6921 7046 7344 
search 29 11634 17789 17525 18179 17769 18775 18776 10869 6987 17887 8702 1974 17674 17675 17742 3567 18580 8299 18290 18468 17505 17506 17507 17509 18732 8536 8303 8304 8305 
protein 1 3567 
e-commerce 5 18288 18289 18290 18292 6423 
features 1 5005 
interfaces 6 17680 17681 17682 17683 17684 7048 
correlated 1 17887 
propagation 4 18120 18121 18122 18123 
guaranteeing 1 8303 
deep 3 18447 4294 19420 
application-specific 1 7039 
cloud-assisted 3 8303 8304 8305 
monitoring 7 6987 17887 18886 16454 8305 7038 7039 
patterns 7 17547 18952 2555 18120 6423 7040 7045 
moving 7 17419 18174 18447 18565 18566 18568 18569 
achieving 1 10686 
petri 3 3808 3810 1779 
electroluminescence 1 1974 
hosting 1 6921 
optimization 7 17887 2967 19545 19546 19547 19548 8303 
image 9 2966 2967 2968 2970 2971 18290 17732 17582 17509 
papers 4 17503 18544 6921 7038 
causal 1 8335 
molecular 2 7561 7046 
transmission 2 18647 18648 
content-protecting 3 19789 19790 19311 
provenance 5 11951 11952 11953 18647 18648 
inserting 4 1931 2184 2185 2186 
explicit 2 8702 1974 
voltage 1 1931 
automata 1 7054 
binding 3 7039 7987 7988 
mechanisms 3 7561 7128 7054 
discovery 10 19674 19675 4969 6698 8263 19552 19553 19554 6921 7054 
introduction 12 17570 17503 18544 18174 18175 18176 18580 8299 18519 1085 19709 6921 
review 1 1844 
imide 4 2659 2660 2661 2662 
adaptively 2 10869 6987 
handling 1 17546 
execution 6 6987 7128 8305 7039 7048 8222 
programming 5 17748 7128 7040 7047 7054 
surrogates 1 5600 
simrank 2 19924 19925 
datacenters 1 18886 
domain 1 18365 
subspace 1 18179 
laboratories 1 7344 
logistics 1 6698 
optimizations 1 1003 
man 1 7367 
metacomputing 2 7048 7049 
checking 5 9354 9356 9357 9358 652 
cross-view 1 2555 
clustering 11 17644 17645 17647 17419 18933 17473 3567 18290 17732 17509 17631 
streaming 2 18647 18648 
clouds 16 6987 18465 18466 18467 8536 7561 6919 7128 13461 13462 13463 13464 13465 8303 6921 7056 
intensive 5 11634 11632 11633 11635 11636 
workload 1 7987 
multi-objective 1 2967 
linear 2 17742 239 
detecting 1 7013 
organizations 1 8263 
virtualization 2 8534 8536 
guigen 1 7048 
web 14 8702 1974 17505 17506 17507 17509 18284 17913 17914 10409 18539 4294 19420 6423 
constrained 3 18091 17546 17547 
solving 2 7054 8581 
independent 1 1192 
g-pm 1 7039 
sums 1 17887 
background 3 13517 13518 12988 
johnson 1 7344 
configuration 8 6919 7128 13461 13462 13463 13464 13465 7367 
videostreaming 1 7045 
methods 2 6987 8345 
projective 2 18707 18708 
expression 1 3567 
semi-supervised 2 17509 9675 
holonic 4 5013 5014 5015 5017 
n-body 2 11149 11150 
invocation 1 7039 
high-speed 1 8305 
driving 1 1931 
privacy-preserving 4 17419 19789 19790 19311 
event-driven 1 17503 
context-based 2 1844 8534 
aware 2 18184 18185 
long 1 7045 
completion 1 7128 
boundary 1 10337 
ultrathin 5 1931 2184 2185 2186 2555 
exploring 8 17419 18772 18773 18774 19552 19553 19554 18271 
balance 1 1974 
phenomena 2 10250 8345 
para-virtualized 1 7312 
facts 1 7013 
bayesian 1 17525 
future 2 2555 6921 
broadcasting 2 17419 17502 
reviewer 1 5985 
light 3 1974 2238 2240 
key 9 9354 9356 9357 9358 18006 18007 18008 18009 19311 
freeform 1 5005 
establishment 2 17491 17573 
engines 2 8702 1974 
environments 19 19726 19727 19728 19729 19730 3810 1809 18174 1779 17505 19917 19918 19919 18045 18046 6919 6921 7049 8581 
shrinking-based 2 17473 3567 
instrumented 1 11359 
integrating 4 19545 19546 19547 19548 
proximity-aware 1 6921 
ontology 1 18284 
resisting 2 17419 18426 
cs 1 11359 
tensor-based 1 4969 
semantically 2 2555 8263 
continual 1 17503 
detection 5 17522 3567 18519 6921 7045 
right-sizing 1 8303 
recursive 3 18773 4806 19056 
similarity 13 18179 18371 18373 5595 3808 3810 18290 17745 17746 17747 17748 17582 18732 
suggestion 2 18184 18185 
queries 35 17655 18015 18016 6944 17710 18179 17769 11511 17887 17802 17803 17804 17805 17680 17682 17683 17684 18232 17419 17503 1841 1843 1844 18174 8534 19789 19790 19311 19978 1192 19979 18732 19980 19981 6921 
trilayer 4 1931 2184 2185 2186 
diversification 2 1844 8534 
cyberliveapp 2 8534 8536 
lightweight 4 5600 7039 7987 7988 
meetings 1 18120 
diode 2 2238 2240 
phase 1 1974 
amp 1 5985 
internet 4 17503 4969 6921 7344 
provisioning 3 6919 6921 7038 
mobile 14 17419 17502 1809 8335 10408 10409 10410 18539 19279 19280 19281 19282 19283 6423 
sdms-o 1 8303 
queryprocessing 3 1844 8534 19194 
trusted 2 6987 8305 
geometries 2 10250 8345 
set 5 19597 19598 2555 19599 17653 
correction 3 18580 17491 17492 
routing 1 7054 
understanding 10 17525 18555 4362 6919 7128 13461 13462 13463 13464 13465 
resource-constrained 5 19726 19727 19728 19729 19730 
cycloidgrid 1 6921 
timeslice 1 17655 
statistics 1 18580 
area 1 7049 
approximating 1 10337 
generally 1 239 
integration 6 3567 1844 16454 17567 7047 7054 
intercontinental 1 7049 
experience 3 7049 7344 12711 
trip 1 18179 
outlier 1 17732 
sample 5 19597 19598 2555 19599 17732 
parallel 20 10408 10409 10410 7561 6919 7128 6921 7037 7040 7045 7054 7056 7987 12989 12990 7344 12997 12998 12711 11359 
metacomputer 3 10408 10409 10410 
uniform 1 239 
society 5 9095 8263 9096 9097 9098 
communication 9 10685 10686 10688 10689 7040 7045 7047 7054 11359 
vide 2 4294 19420 
ecg 1 6921 
poly 4 2659 2660 2661 2662 
prediction 6 9675 8536 19451 19452 19034 19035 
message-passing 1 7049 
methodology 2 16454 7040 
memory 5 10432 10433 6944 10869 6987 
message 3 8335 7045 7054 
amnesic 5 19726 19727 19728 19729 19730 
pacman 3 10408 10409 10410 
propositional 1 1779 
spatiotemporally 1 17419 
approximation 1 17887 
e-science 1 7039 
cooperative 3 6698 6919 6921 
kdx 1 18290 
approach 31 5985 17606 17522 3808 3810 17473 3567 8534 11951 11952 11953 1085 5005 5112 5561 12988 17732 8536 17567 19498 19499 19500 19501 19502 19503 4294 19420 7128 7038 7047 7054 
adjacency 3 5595 3808 3810 
test-bed 1 7049 
growth 6 19279 19280 19281 19282 19283 6423 
nonlinear 1 17509 
correlations 1 17419 
clustered 5 18775 18776 17763 7344 12711 
enrichment 3 17525 18555 4362 
actor 1 7056 
multi-criterion 1 7128 
editors 10 17570 17503 18544 18174 18175 18176 18580 8299 18519 6921 
third-party 4 17491 18032 18519 16454 
visualization 8 18311 18312 17582 7561 7045 10250 12419 7367 
operation 3 5013 5014 5015 
barrier 3 6987 1931 17522 
transforming 2 4362 7045 
lifecycle 2 5112 7056 
cloudkeybank 4 18006 18007 18008 18009 
minimizing 1 7048 
concurrency 3 5005 5112 5561 
morpho 1 6987 
approximate 4 18290 18853 18854 18855 
simulations 7 7329 7330 7331 7332 8606 12997 12998 
workbench 3 7344 12997 12711 
federated 2 6919 6921 
synthesis 1 17547 
texts 3 17525 18555 4362 
creating 1 7048 
programs 2 7040 7045 
structure 28 9354 9356 9357 9358 17789 17644 17645 17647 1974 1931 2184 2185 2186 9686 9687 18091 17546 17547 19545 19546 19547 19548 18968 18969 18970 2238 2240 7046 
services 10 17419 3810 8365 4969 8367 6919 6921 7039 7054 7344 
gene 1 3567 
fixed-length 1 239 
questions 3 1844 8534 18447 
flexible 1 7039 
reality 2 6921 8345 
accountable 1 10686 
composite 1 3810 
microblogging 9 10869 6987 18288 18289 18290 18292 17631 17632 5600 
task-activity 2 3810 1779 
traffic 1 7128 
bringing 1 8581 
reporting 1 16454 
evaluations 1 6987 
comment 1 17419 
delivery 8 17503 6919 7128 13461 13462 13463 13464 13465 
records 8 4806 19498 19499 19500 19501 19502 19503 7054 
optimis 1 7038 
novel 13 6987 2658 2659 2660 2661 2662 17522 19726 19727 19728 19729 19730 18519 
region 1 17582 
expert 5 17547 17505 17506 17507 17509 
series 8 18179 19965 5985 17802 17803 17804 17805 18952 
hardware 1 7038 
interval 1 1003 
development 4 2186 16454 7040 7045 
flubber 1 6987 
pairwise 5 2966 2967 2968 2970 2971 
two-class 1 18290 
addressing 1 7367 
followee 2 10869 6987 
gmine 5 18308 18310 18311 18312 17582 
publisher 1 18159 
doped 3 1974 2238 2240 
mapreduce 4 6987 10686 7561 6919 
algorithm 14 17823 17644 17645 17647 17419 4362 4806 18545 18546 10337 19998 8625 18013 6921 
hashing 4 17525 18555 4362 17509 
fluorescent 1 2555 
saas-based 3 8365 4969 8367 
closed 1 1085 
published 2 17419 18426 
characterizing 3 17913 17914 6921 
similar 2 1844 8534 
lattice-boltzmann 3 7330 7332 8606 
weakly 1 1192 
simultaneous 1 7128 
immune 4 18120 18121 18122 18123 
schemes 1 1192 
spatial 4 17742 18835 1085 1779 
middleware 1 7047 
incentive-based 2 6919 6921 
pages 2 10869 6987 
sequences 4 17999 18001 18278 18365 
expressive 1 1003 
machines 7 10869 6987 7312 18290 11149 11150 7367 
ontology-based 1 6987 
unified 5 18284 18285 18286 19034 19035 
location-aware 4 19678 18371 18886 18373 
product 6 2186 18288 18289 18290 18292 5112 
quadtree 1 17742 
walls 2 17491 18032 
sql 8 18371 18373 19978 1192 19979 18732 19980 19981 
plane 1 7039 
nodes 1 8335 
item 2 17645 18174 
rule-based 1 17655 
classification 6 18091 17546 17547 18447 18519 7128 
wikipedia 1 5985 
screen-printing 4 2659 2660 2661 2662 
standing 2 17803 19453 
design 15 6987 18371 18373 17419 4362 4969 18519 5005 5600 18122 4294 8303 8304 8305 7054 
cyberguarder 2 8534 8536 
technology 2 18519 7367 
multicore 1 6987 
selective 4 17491 18032 18519 16454 
location 10 18184 18185 18447 18565 18566 18568 18569 19789 19790 19311 
recognition 1 9675 
integrity 1 652 
reliability 2 3567 6921 
perspectives 19 7037 7038 7039 7040 7041 7042 7043 7044 7045 7046 7047 7048 7049 7050 7051 7052 7054 7055 7056 
carpet 1 7054 
padicotm 1 7047 
study 3 1974 17422 17419 
computing 52 11634 6987 11511 17419 17502 10686 8335 8534 16454 8536 8625 11632 11633 11635 11636 18013 10408 10409 10410 11041 7561 11042 6919 7128 11043 8305 6921 7037 7038 7039 7040 7041 7042 7043 7044 7045 7046 7047 7048 7049 7050 7051 7052 7054 7055 7056 7332 7995 12989 12990 7344 11359 
studies 4 1931 1934 1935 1936 
multi-class 1 17631 
entity-relationship 1 19039 
imbalanced 2 17547 18952 
directions 2 2555 6921 
buffer 4 1931 2184 2185 2186 
level 2 7054 7056 
partition 1 17419 
results 4 18775 18776 1085 239 
vision-based 2 4294 19420 
value 1 17567 
sets 8 17645 3567 18174 18311 18312 17582 8625 18013 
developing 1 6987 
sla 1 6921 
investigation 1 6698 
biology 1 8345 
parallelism 1 7040 
live 5 10869 6987 8534 8536 7367 
protection 5 6944 17681 17419 18426 18427 
combining 1 17419 
returning 2 18775 18776 
challenges 6 11041 7561 11042 6919 7128 11043 
crowdsourcing 1 17631 
workflow-based 1 3810 
bag-of-task 1 6921 
machine 5 6987 2967 12298 7344 12711 
p-cam 2 12997 12998 
content-based 6 6987 19674 19675 17732 17509 8305 
comparison 5 2966 2967 2968 2970 2971 
euro-vr 1 8345 
pooss 1 7344 
compressed 3 8625 18013 17567 
matching 6 18179 19965 5985 17606 1844 8534 
emerging 1 6921 
co-design 1 5112 
overlay 7 10869 6987 18468 7039 7054 7987 7988 
late 3 7039 7987 7988 
knn 5 17680 17682 17683 17684 18232 
incremental 5 17655 17823 18991 17419 6921 
locating 4 19545 19546 19547 19548 
proteins 1 3567 
multithreaded 1 7039 
pareto 1 7128 
pinocchio 5 18447 18565 18566 18568 18569 
mining 38 17645 8702 1974 17419 17999 18000 18001 18091 17546 17547 18278 17522 19004 18365 18952 3567 19545 19546 19547 19548 18174 18175 18176 2555 1085 18120 18660 239 18661 19498 19499 19500 19501 19502 19503 8607 6423 7054 
wan 1 7367 
concept 3 17525 17732 17509 
drifts 1 17525 
volunteer 2 6921 7054 
application-level 2 17419 18271 
projection 2 1779 17509 
maximizing 2 17803 19453 
grid-based 3 8607 7367 7344 
runtime 8 6919 7128 13461 13462 13463 13464 13465 7038 
theory 8 2555 13106 17582 19769 19770 19771 19772 19773 
way 1 17823 
customized 1 7048 
enhanced 2 9675 7344 
durable 4 17802 17803 17804 17805 
hyperlinks 1 5985 
network 18 17887 8702 1974 17419 13106 12988 11589 11591 11592 6919 7128 13461 13462 13463 13464 13465 6921 7054 
online 20 18179 8702 1974 17419 17522 19726 19727 19728 19729 19730 18772 18773 18774 8621 8622 8623 8625 8303 8304 8305 
autonomic 1 6921 
real 1 4806 
selected 1 7038 
staff 2 3808 3810 
optimization-based 2 18648 19689 
conservation 1 17887 
driven 2 18045 18046 
gaussian 2 17732 17509 
scalable 11 17769 6987 17644 17645 17647 8335 17732 17509 6921 7048 7054 
spatiotemporal 1 17570 
dimensionality 1 18179 
driver 5 2658 2659 2660 2661 2662 
colored 3 3808 3810 1779 
supermodularity-based 2 18545 18546 
healthcare 3 7561 6919 7128 
lossless 3 17999 18001 18278 
opusjava 1 7046 
application 5 17928 17929 6919 6921 7049 
acm 1 7038 
iv 1 6944 
synchronization 1 17482 
resource 19 6987 3810 3567 9105 13517 13518 12988 9095 8263 9096 9097 9098 7561 6919 7128 6921 7037 7054 7056 
fabrication 4 2659 2660 2661 2662 
transition 3 5595 3808 3810 
randomization 1 17522 
rapid 1 2186 
section 18 17570 6987 18174 18175 18176 18580 8299 1085 19709 6919 6921 7038 7039 7045 7048 7054 7367 8581 
ip 1 7367 
human 1 18120 
certification 1 6921 
opportunity 1 12298 
vascular 1 8581 
blue 1 1974 
hidden 6 17680 17681 17682 17683 17684 18232 
local 1 9675 
breaking 1 17522 
smart 4 10685 10686 10688 10689 
intelligent 1 5985 
mpi 1 7045 
divergence 2 17502 17503 
qos 1 8303 
neiwalk 2 19674 19675 
collaborative 8 5005 5112 5561 6698 17505 19917 19918 19919 
metascheduling 1 8607 
characterization 1 17503 
optimal 1 7128 
spot 1 6921 
schema 5 17570 18371 18373 13106 18122 
composer 3 7039 8222 8223 
reachability 4 17845 17846 17847 17732 
decomposition 2 12997 12998 
scheme 1 19311 
maximization 2 17422 17419 
asynchronous 1 5112 
high-level 1 7039 
bit-store 5 11634 11632 11633 11635 11636 
opportunities 6 11041 7561 11042 6919 7128 11043 
signature 2 17546 17547 
multicomputer 1 7054 
international 1 7038 
constraints 6 17570 9354 9356 9357 9358 18519 
moo 4 1931 2184 2185 2186 
quasi-slca 3 1844 8534 19194 
high-performance 3 7039 7054 7995 
multi-attribute 2 11511 6921 
hpc 4 6919 7128 6921 7047 
cathodoluminescence 1 1974 
look-ahead 1 6921 
content 7 6919 7128 13461 13462 13463 13464 13465 
price 1 6921 
metric 3 18311 18312 17582 
hot 2 11511 8534 
load 5 12989 12990 7344 12997 12998 
conflict 2 17748 17567 
entity-based 1 18174 
elastic 5 6987 6921 7329 7332 12857 
probed 1 1974 
trends 3 6919 6921 7344 
face 1 9675 
vm 1 6987 
time-dependent 1 18179 
assurance 2 8534 8536 
common 10 17999 18001 17546 17547 18278 18365 1841 1843 1844 7013 
events 10 19100 17887 19102 8702 1974 17419 3808 19126 3810 7312 
data 75 17570 11634 17789 17525 18015 18016 6944 18179 17769 6987 17887 18371 18373 9686 9687 17763 17419 17502 17546 17547 17522 3808 18952 17473 3567 1809 8335 1844 18174 18580 8299 8534 19194 2555 11951 11952 11953 18465 18466 18467 18545 18546 18647 18648 18519 1085 1003 17732 18311 18312 17582 17509 18122 19998 18045 18046 8625 18013 17567 17653 18271 4294 19420 11041 7561 11042 6919 7128 11043 8303 8607 6921 7039 7054 7367 
digital 3 18284 18285 18286 
monte-carlo 1 19998 
aspen 1 1085 
critical 1 8299 
document 14 9354 9356 9357 9358 18184 18185 6698 17732 9095 8263 9096 9097 9098 17509 
composing 2 7039 8222 
dynamics 1 6921 
displacement 1 4806 
enforced 4 18006 18007 18008 18009 
multi-graph 3 18091 17546 17547 
vsa 1 6987 
makespan 1 6921 
news 2 8702 1974 
matrix 5 2658 2659 2660 2661 2662 
mini-conference 1 8345 
cleansing 1 17525 
selection 17 5985 10689 3567 18447 18565 18566 18568 18569 19597 19598 2555 19599 17732 17509 17653 7128 6921 
affinity 5 18933 18120 18121 18122 18123 
combined 1 8581 
adaptation 1 5005 
top-down 6 18688 18690 18691 18692 18693 5005 
ensemble 7 17546 17522 18120 18121 18122 18123 7054 
overview 1 7047 
xslt 1 1003 
pattern 19 18179 19965 5985 17419 17606 18091 17546 17547 1841 1843 1844 17845 17846 17847 17732 9675 8536 19451 19452 
modeling 7 3808 3810 18447 18740 1779 17582 8303 
mixture 2 17732 17509 
hybrid-indexed 3 8303 8304 8305 
multi-top-k 3 18015 18016 6944 
coding 1 8305 
optical 1 7367 
queue 1 239 
portable 1 11359 
nutshell 3 17710 18179 17769 
multi-layer 1 1974 
serializability 2 17502 17503 
hub 1 3567 
exploration 2 10250 8345 
th 2 6921 7038 
conservative 1 5600 
metrics 1 7041 
committability 1 3567 
parameters 1 5600 
conference 1 7038 
deductive 2 1003 19723 
dta 2 6987 8305 
cellular 1 7054 
networks 30 19541 18179 17419 18426 18427 17522 19674 19675 3567 18772 18773 18774 18519 17631 17632 5600 9675 8536 19451 19452 19998 8621 8622 8623 8625 18853 18854 18855 7049 7367 
inherent 1 17732 
text 3 17419 4362 9942 
index 2 17419 17502 
categorical 1 17419 
bitmap 1 10337 
cross-network 2 17546 17547 
association 4 17419 17522 19004 4969 
maintenance 2 18773 4806 
transient 1 1974 
angle-based 1 9942 
relation 10 5985 17803 19453 17763 19383 9095 8263 9096 9097 9098 
white 7 1931 2555 1934 1935 1936 2238 2240 
xml 23 17570 9354 9356 9357 9358 18775 18776 17887 17644 17645 17647 18688 18690 18691 18692 18693 1844 8534 19194 17491 18032 18519 16454 
spatio-textual 2 18371 18373 
workflow 14 5595 3808 3810 1844 11951 11952 11953 1779 6919 7128 6921 7039 8222 8223 
logic 3 17748 1779 7054 
self-merging 1 17419 
frame 1 8305 
counting 2 17710 11511 
partitioned 1 17482 
co-occurrence-based 4 17505 17506 17507 17509 
service-oriented 2 8536 7054 
empirical 1 19998 
osn 2 17491 18032 
mean-field 1 7128 
crashworthiness 1 5600 
result 1 6921 
model 29 17655 17823 10432 10433 17789 17419 3808 4362 18968 18969 18970 17491 17563 17482 19343 19831 9105 9942 17732 19297 19298 19299 17509 18660 239 18661 7128 7039 7054 
sub 6 18179 1931 2184 2185 2186 18447 
weight 1 19541 
one-class 1 18290 
tube 3 7329 7332 12857 
massively 1 7040 
repeat 3 19825 5595 3808 
nets 3 3808 3810 1779 
engineering 1 5112 
incomplete 1 19541 
facility 1 7367 
complete 1 19541 
allocation 11 17419 17502 3810 239 18045 18046 7561 7128 6921 7037 7056 
hash-based 2 17419 19004 
real-time 4 17570 17419 18519 7039 
influence-based 5 18447 18565 18566 18568 18569 
vlam-g 3 8607 7367 7344 
functions 1 18740 
granular 3 5005 5112 5561 
promise 1 7054 
web-based 4 2186 11951 11952 11953 
svm 1 17419 
markov 1 8335 
recovery 5 3808 19126 3810 17482 4294 
infinite 1 1779 
organic 8 1974 1931 2555 1934 1935 1936 2238 2240 
discovering 11 17887 13646 8702 13648 13649 1974 8299 11589 11591 11592 18120 
tracking 2 6987 4294 
supporting 5 11511 18371 18373 6921 7040 
k-anonymization 1 18159 
temporal 11 19039 17570 8702 1974 17419 17491 12298 17563 17482 19343 1779 
service 13 6987 11511 2186 8534 8303 6921 7038 7039 7047 7054 7056 8222 8223 
classifier 2 17525 17419 
coupled 7 19904 9095 8263 9096 9097 9098 7040 
server 2 7047 7048 
operations 1 7039 
emitter 1 2555 
consolidation 2 18991 6987 
explorations 1 8299 
aggregate 11 17570 11634 17680 17681 17682 17683 17684 11632 11633 11635 11636 
citations 1 7013 
test 1 7047 
indexing 13 19100 17887 19102 9686 9687 17546 17845 17846 17847 17732 18311 18312 17582 
semijoin 2 17823 17606 
diagnosis 1 17522 
regression 2 19034 19035 
tim 1 7344 
prototype 2 16454 7561 
class-based 1 17522 
maintaining 1 1809 
center 4 19545 19546 19547 19548 
open 1 7047 
ciphertexts 3 8303 8304 8305 
trgraph 2 17546 17547 
file 4 17482 18158 18159 239 
multi-flows 1 18991 
dimension-reduction 1 18952 
false 1 11511 
deployment 3 11511 8534 8303 
high-dimensional 3 18179 17522 18290 
igrid 1 7367 
multikeyword 4 10869 6987 11511 19943 
compression 7 17419 19726 19727 19728 19729 19730 18271 
groups 1 17681 
aneka 1 6921 
cohesion 1 17419 
preventing 1 18519 
information 22 17655 19541 10869 6987 17681 17419 17503 17522 3567 18288 18289 18290 18292 18519 1085 17913 17914 8621 8622 8623 8625 7367 
stereolithography 1 2186 
problems 2 7128 7054 
polymer 1 1974 
moldable 4 6987 7039 7987 7988 
dht 1 6987 
reconciling 1 17570 
interaction 4 3567 18120 7054 8581 
tree-based 1 18120 
record 3 17803 19453 239 
ieee 1 7038 
partitional 1 17419 
ccgrid 1 6921 
container 3 1841 1843 1844 
compressing 2 10869 6987 
associations 1 17522 
trees 2 17887 1085 
computation 3 17655 17570 7054 
registry 3 7039 8222 8223 
cube 2 8625 18013 
language 2 12298 7054 
fault-tolerant 4 6987 8335 8536 7056 
examination 6 19498 19499 19500 19501 19502 19503 
trade-off 1 6921 
collaboration 3 3810 5112 1779 
read-only 2 1809 8335 
pair 4 19597 19598 2555 19599 
query 21 11634 18179 18184 18185 18688 18690 18691 18692 18693 18580 18773 4806 19056 17845 17846 17847 17732 11632 11633 11635 11636 
haar 1 18732 
traces 3 11951 11952 11953 
fair-play 3 8303 8304 8305 
ground 1 17631 
offline 1 6987 
chain-generated 1 6944 
effective 1 17546 
mode 1 8305 
sensing 6 11041 7561 11042 6919 7128 11043 
private 1 18519 
miner 1 17419 
particle 1 8345 
identity 3 17419 18426 18427 
accurate 5 19545 19546 19547 19548 17582 
summarization 2 17419 7013 
supergraph 2 17674 17675 
d-grid 1 7048 
highly 5 2238 2240 10250 12419 7367 
command 1 18519 
profile-based 1 6698 
novi 1 7367 
small-world 1 8536 
migration 8 10869 6987 8534 8536 7367 7344 12997 12711 
search-as-you-type 2 18371 18373 
labeled 1 1085 
multidimensional 4 9686 9687 17473 3567 
progressive 1 17419 
admissible 2 7037 7056 
smartphones 1 6987 
access 10 10432 10433 17763 3810 17491 12298 17563 1779 10409 18539 
parallelizing 4 8621 8622 8623 8625 
research 3 2555 6698 8345 
knowle 2 8702 1974 
integrated 6 17655 8365 4969 8367 5112 7367 
paradigms 1 7048 
mjsa 1 8335 
triangles 1 17710 
balancing 6 7987 12989 12990 7344 12997 12998 
directory 1 17887 
relational 8 17655 17823 17570 17563 17482 18648 18519 19689 
cloud 21 11634 6987 18886 10686 8365 4969 8367 8534 2555 8536 11632 11633 11635 11636 6919 7128 8303 8305 6921 7038 7040 
triggers 2 19343 19831 
based 54 17823 11634 6987 18184 18185 8702 1974 18371 18373 1931 2659 2660 2661 2662 5595 3808 2967 3810 7312 8335 1844 8534 19194 1085 19789 19790 19311 5005 1779 13517 13518 12988 9095 8263 9096 9097 9098 1934 1935 1936 11589 11591 11592 19034 19035 11632 11633 11635 11636 7128 8305 7039 7045 8345 
annealing 1 7128 
cyber-physical 5 9095 8263 9096 9097 9098 
fine-grained 4 17505 19917 19918 19919 
semi-automatic 2 3808 3810 
users 1 8303 
cold-start 4 18288 18289 18290 18292 
solutions 2 17547 7128 
functional 2 3567 12298 
tee 2 6987 8305 
certificateless 3 18465 18466 18467 
diodes 1 2555 
wsrf 1 7054 
tools 5 7561 6919 7128 7045 11359 
wavelets 1 18732 
encryption 3 18465 18466 18467 
phosphorescent 1 2555 
fisher 1 9675 
visualisation 2 5112 8581 
reduction 8 18179 1931 19597 19598 2555 19599 7344 12711 
interactome 1 3567 
reactive 1 17887 
linked 4 11951 11952 11953 8263 
systems 24 17655 6944 10869 6987 17681 17547 3567 17928 17929 8335 652 17491 12298 17563 18519 16454 1085 6919 7128 6921 7039 7054 12997 12998 
spaces 7 18179 18290 9095 8263 9096 9097 9098 
implication 1 19998 
multidatabase 1 3567 
global 5 17419 3567 6919 6921 7367 
collective 1 17522 
discover 1 1844 
data-intensive 3 18991 7561 6919 
class 4 17525 17546 17522 18519 
modelling 6 5005 5112 5561 7561 7332 8345 
xacml 4 17745 17746 17747 17748 
properties 1 17522 
rough 4 19597 19598 2555 19599 
market 1 16454 
environment 15 6987 17419 8335 8534 1085 8536 8305 6921 7040 7047 7048 7054 10250 8345 8581 
program 4 17823 7045 7046 7047 
images 1 6987 
gintr 1 4294 
emitting 3 1974 2238 2240 
passing 1 7045 
management 32 17570 18371 18373 5013 5014 5015 18006 18007 18008 18009 17928 17929 18580 652 18519 1003 5112 18122 6919 7128 13461 13462 13463 13464 13465 8303 8304 8305 6921 7046 7054 7056 
efficient 57 17655 11634 17789 17525 18179 10869 6987 11511 17887 17644 17645 17647 19678 18371 18886 18373 9686 9687 17419 17999 18000 18001 17546 18278 3808 17674 17675 17742 19126 3810 1809 8335 1844 18174 18773 4806 8534 18465 18466 18467 19311 2238 2240 19978 1192 19979 18732 19980 19981 17567 6921 19279 19280 19281 19282 19283 6423 
filter 6 10869 6987 11511 19943 17491 18032 
xquery 2 18707 18708 
crown 2 11511 8534 
agents 8 8335 12988 17913 17914 10408 10409 10410 18539 
vod 1 6987 
analytical 1 17522 
object 4 18174 17491 19343 19831 
meikus 1 11359 
recent 1 6921 
multilevel 4 17482 18158 18159 18519 
transferring 1 17522 
cost-guided 1 17546 
displays 5 2658 2659 2660 2661 2662 
graph 19 11634 17789 17525 17606 18091 17546 1844 8534 17845 17846 17847 17732 18308 18310 18311 18312 17582 17509 6921 
interactive 7 3567 17491 17492 7045 10250 12419 7367 
fresh 4 8621 8622 8623 8625 
vector 1 18290 
rule 1 17482 
density-based 1 1779 
representations 3 18179 19965 5985 
crowd 1 7561 
fine 3 5005 5112 5561 
extendible 1 17482 
contests 3 8303 8304 8305 
warehouses 1 17567 
error 2 17419 7045 
locally 2 17732 17509 
separation 1 1974 
trust-x 2 17491 17573 
camas 3 7344 12997 12711 
relaxation 3 7330 7332 8606 
rules 9 17887 17419 17999 18001 18278 17522 19004 18365 4969 
fragmented 1 239 
technologies 1 6987 
massive 1 11359 
multimedia 4 17491 17492 18045 18046 
safety 1 6987 
applied 1 8345 
multiple-perspective 1 12988 
specification 2 17491 17492 
triply 2 2238 2240 
cluster 14 6987 3567 18120 18121 18122 18123 7561 6919 7128 6921 7040 12989 12990 7344 
guarantee 2 17422 17419 
negative 1 11511 
rethink 1 6987 
