<Keyword> <No of vertices> <vertex1> <vertex2> .... <vertexN> 
institutional 5 14870 14871 14960 14961 14962 
warioware 1 15078 
developed 3 14916 14917 14918 
e-tax 4 14878 14938 14939 14940 
determinants 9 14855 14942 14912 14913 14937 15004 15014 15015 15016 
academic 6 14831 14832 14833 14883 14884 14885 
noir 1 15060 
time 7 14972 14973 14974 14975 15088 15101 15129 
bish 1 15068 
semantics 3 14797 14798 14799 
lecturers 3 14847 14848 14849 
threads 1 15049 
event 4 14972 14973 14974 14975 
asymmetric 2 14738 14739 
movement 3 14771 15119 15120 
avatars 1 15126 
role 9 14841 14842 15224 17009 14878 14938 14939 14940 14991 
video 7 15036 15047 15048 15103 15115 15118 15127 
quantifying 5 14819 14820 14821 14822 14823 
organisational 1 15892 
geographies 2 15064 15065 
ritual 1 15049 
memorials 4 15132 15133 15134 15135 
loading 1 15067 
meet 3 14883 14894 14895 
e-business 1 14818 
distributors 4 14883 14884 14894 14976 
evolution 2 14949 14950 
paradox 1 15055 
european 1 14991 
frames 1 15049 
discuss 1 14726 
quality 4 14715 14716 14717 14951 
jesper 1 15021 
exidy 1 15118 
big 3 14945 14946 14947 
faculty 2 14841 14842 
dynamic 5 15037 15038 15039 15040 15041 
moral 1 15104 
diction 1 15088 
knowledge 9 14855 15222 15223 15224 14883 14884 14894 14976 14965 
communications 2 14912 14913 
e-modules 1 14991 
behavior 9 14850 14851 14876 14877 14878 15001 15002 15003 15004 
comparing 3 14883 14892 14893 
polti 2 15099 15100 
coupling 3 14800 14803 14804 
techno-intimacy 1 15068 
commerce 5 14900 14901 15001 15002 15003 
fantasy 1 15121 
training 2 14900 14901 
aesthetic 2 15064 15065 
object-oriented 14 14795 14796 14797 14798 14799 14800 14803 14804 14808 14809 14810 14812 14813 14814 
conversation 1 15060 
rhetoric 4 15033 15089 15090 15091 
foundation 1 15129 
grey 2 14883 14892 
dating 3 14883 14894 14895 
standardisation 1 14731 
preferences 2 14751 14752 
member 4 14742 14743 14744 14745 
tags 1 15049 
scholars 2 15113 15147 
byod 1 14824 
markets 6 14738 14739 14886 14955 14956 15127 
taiwan 3 14883 14892 14963 
preschoolers 2 15140 15141 
adaptations 1 15127 
meaning 1 15073 
prospects 3 14969 14970 14971 
indicators 4 14775 15878 15879 15880 
electronic 28 14816 19262 19263 19264 19265 19266 19267 19268 19269 19270 19271 19272 19273 14838 14865 14866 14867 14868 14869 14923 14924 14941 14949 14950 15011 15012 15013 15028 
specifications 2 14793 14794 
new 9 14778 14855 15222 15223 15224 15084 15109 15110 15111 
utility 5 14713 14879 14973 15019 15020 
guest 3 15042 15043 15098 
public 6 14726 14732 14733 14734 14735 14964 
hong 1 15053 
mixins 2 14806 14807 
unions 4 14742 14743 14744 14745 
ludological 1 15034 
paradigm 3 15001 15002 15003 
consumption 1 15053 
change 5 14843 14844 14845 14966 14967 
distributed 3 14808 14809 14810 
dialogue 3 15086 15087 15121 
kong 4 15053 15109 15110 15111 
firms 3 14883 14892 14893 
architecture 4 14748 14749 14984 15074 
consumer 5 14751 14752 15081 15082 15083 
battlegrounds 1 15057 
surgery 3 14737 15892 15893 
policies 4 14774 14775 14776 14777 
usability 3 14733 14734 14735 
software 5 14737 14812 14813 14814 15075 
medical 7 14855 15222 15223 15224 15008 15009 15010 
dramatically 1 15122 
commons 1 15105 
muds 1 15097 
technological 4 14695 14696 14697 14736 
composition 4 14798 14817 14806 14807 
perspective 5 14737 14870 14871 14937 14968 
math-towers 1 14965 
tensions 2 15073 15124 
processes 6 14883 14884 14894 14976 14948 15075 
rarity 1 15079 
leisure 2 15086 15087 
criticism 1 14726 
norrath 2 15074 15084 
virtually 1 15068 
lean 3 14737 15892 15893 
factors 14 14819 14820 14821 14822 14823 14834 14835 14846 14880 14919 14920 14921 14952 14990 
determining 2 14826 14827 
behavioral 4 14878 14938 14939 14940 
aesthetics 2 15024 15112 
wears 1 15080 
multiplatform 1 14709 
opinions 4 14980 14981 14982 14983 
governance 1 14732 
insurance 2 14738 14739 
membership 2 14910 14911 
reflections 1 15131 
player-character 1 15128 
pbl 3 14985 14986 14987 
education 9 14831 14832 14833 14841 14842 14886 14955 14956 14951 
analysis 19 14800 14803 14804 14883 14892 14886 14955 14956 14925 14926 14927 15001 15002 15003 15057 15058 15062 15063 15129 
perceived 6 14713 14879 14878 14938 14939 14940 
simulation 6 14900 14901 14972 14973 14974 14975 
business 10 14698 14699 14719 14847 14848 14849 14896 14897 14898 14899 
hotels 2 14834 14835 
response 2 14826 14827 
possible 1 15122 
pilot 2 15047 15048 
chris 1 15064 
reframing 2 14769 14770 
music 3 15047 15048 15085 
lessons 4 14736 14737 15892 15893 
april 2 15042 15043 
tracks 1 14863 
planned 7 14876 14877 14878 15001 15002 15003 15004 
theoretical 1 14904 
hindering 1 14880 
source 1 14737 
relations 1 14964 
castle 1 15060 
attributes 3 14828 14890 14891 
economies 1 14846 
assessment 3 14992 14993 14994 
koster 1 15060 
elective 3 15008 15009 15010 
help-seeking 3 14883 14884 14885 
abstracting 1 14805 
social 31 14733 14734 14735 14756 14757 14780 14781 14782 14783 14854 14855 14856 14857 14858 14883 14892 14932 14910 14911 14960 14961 14962 14964 15001 15002 15003 15017 15030 15031 15074 15102 
oriented 3 14800 14801 14802 
mechanics 1 15044 
rand 1 15060 
capability 1 15892 
torment 1 15046 
keynote 1 14761 
final 1 15121 
hill 1 15046 
support 9 14775 15878 15879 15880 14815 14816 14828 14829 14830 
medium-sized 3 15014 15015 15016 
manufacturers 4 14883 14884 14894 14976 
hot-hand 4 15092 15093 15094 15095 
distribution 1 14709 
epidemic 2 14826 14827 
category 3 14886 14955 14956 
http 1 15044 
uncanny 4 15132 15133 15134 15135 
auto 1 15072 
virtual 23 14742 14743 14744 14745 14780 14781 14782 14783 14883 14892 14900 14901 14905 14906 14907 14908 14909 14914 14915 15022 15030 15031 15108 
credibility 3 14960 14961 14962 
television 6 14709 14865 14866 14867 14868 14869 
supermarket 2 14756 14757 
playful 1 15071 
europe 2 14761 14771 
assistance 3 14883 14884 14885 
dungeon 1 15076 
e-assessment 3 14843 14844 14845 
empire 2 15028 15115 
multiplayer 4 14850 14851 15051 15105 
build 1 15122 
space 5 14872 15036 15056 15101 15129 
decision 1 15104 
tombstones 4 15132 15133 15134 15135 
distance 2 14841 14842 
achievements 4 15023 15062 15066 15069 
eacute 2 14756 14757 
perceptions 8 14862 14863 14864 14902 14903 15081 15082 15083 
fiction 1 15061 
dimensions 1 15892 
hierarchy 3 14883 14892 14932 
wiki 1 14863 
raph 1 15060 
products 4 15224 17009 14883 14892 
construction 4 14992 14993 14994 15073 
trading 3 14995 14996 14997 
xbox 1 15023 
note 1 15026 
productivity 3 14712 14713 14714 
water 1 15112 
louis 1 15060 
telephony 3 14748 14749 14768 
satisfying 1 14964 
gamers 5 15089 15090 15091 15113 15147 
defining 3 14798 14817 15044 
articles 14 14816 19262 19263 19264 19265 19266 19267 19268 19269 19270 19271 19272 19273 15044 
playtest 3 15081 15082 15083 
marketing 3 14882 14923 14924 
e-adoption 3 14948 14988 14989 
vendor 2 14713 14879 
star 1 15034 
links 4 14896 14897 14898 14899 
websites 2 14952 14990 
studying 2 14965 15026 
homo 1 15071 
drm--usability 1 14703 
insights 3 14957 14958 14959 
improvement 4 14972 14973 14974 14975 
method 6 14992 14993 14994 15081 15082 15083 
capabilities 5 14828 14890 14891 15224 17009 
motivations 2 15062 15066 
prototypes 13 14816 19262 19263 19264 19265 19266 19267 19268 19269 19270 19271 19272 19273 
narrative 4 15029 15099 15100 15137 
type 4 14795 14796 14826 14827 
scanned 3 15008 15009 15010 
austrian 1 14838 
action 1 15026 
applications 2 14870 14871 
videogames 4 15067 15101 15108 15128 
required 2 15224 17009 
miller 1 15060 
huizinga 1 15071 
frameworks 2 14815 14816 
consumers 4 14852 14853 14912 14913 
means 5 14865 14866 14867 14868 14869 
team 1 15069 
corporate 2 14778 15004 
susceptibility 2 14826 14827 
conceptual 5 14826 14827 14995 14996 14997 
orthogonal 2 14806 14807 
meaningful 1 15130 
gaming 13 15023 15027 15030 15031 15032 15042 15043 15051 15139 15088 15102 15124 15131 
security 6 14865 14866 14867 14868 14869 14941 
requirements 1 14838 
silicon 1 14732 
rate 1 14904 
bits 1 14872 
addiction 1 15088 
develop 4 15092 15093 15094 15095 
innovation 9 14775 15878 15879 15880 14824 14825 15224 17009 14984 
building 2 15224 17009 
institutionalization 3 14916 14917 14918 
political 1 15115 
task 1 14800 
boxes 2 14738 14739 
gameplay 4 15045 15054 15057 15107 
play 22 14854 14855 14856 14857 14858 15032 15046 15047 15048 15050 15052 15054 15055 15070 15085 15088 15105 15107 15109 15110 15111 15130 
instrument 3 14916 14917 14918 
past 3 14695 14696 14697 
entertainment 1 15122 
optimizing 4 14973 15019 15020 15054 
identification 1 15127 
implementation 5 14811 14883 14884 14894 14976 
things 13 14816 19262 19263 19264 19265 19266 19267 19268 19269 19270 19271 19272 19273 
innovations 4 14736 14969 14970 14971 
modules 1 14941 
changes 4 15008 15009 15010 15054 
techno-historic 1 15112 
residential 2 14855 14942 
donkey 3 15109 15110 15111 
groundwork 1 15075 
brazilian 3 14695 14696 14697 
countries 8 14916 14917 14918 14952 14953 14992 14993 14994 
customer 2 14923 14924 
production 1 15088 
telemonitoring 3 14973 15019 15020 
teachers 7 14862 14863 14864 14980 14981 14982 14983 
feedback 2 14883 14884 
practices 4 14957 14958 14959 15023 
framing 1 15103 
concurrent 3 14812 14813 14814 
designers 4 14883 14884 14894 14976 
hunt 2 15051 15139 
year 1 15076 
convergence 2 14731 14778 
worldwide 1 14761 
structured 3 15008 15009 15010 
static 2 14815 14816 
ergodic 1 15128 
models 4 14719 14732 15059 15107 
pricing 2 14713 14879 
diagrammatic 2 14793 14794 
roles 1 14984 
devices 7 14728 14729 14730 14855 15222 15223 15224 
encapsulation 2 14806 14807 
theft 1 15072 
predictors 1 14954 
god 1 15060 
lies 1 15080 
object-z 2 14793 14794 
contradictions 2 14769 14770 
advertising 6 14883 14892 14893 14977 14978 14979 
use 13 14702 14728 14729 14730 14800 14815 14816 14908 14909 14912 14913 14952 14990 
platforms 3 14831 14832 14833 
scenarios 1 14800 
methodologies 1 15097 
vive 1 15076 
life 3 15025 15030 15031 
kingdom 6 14896 14897 14898 14899 14902 14903 
written 1 15060 
revisited 1 15028 
customization 2 15047 15048 
communicative 1 15051 
site 7 14896 14897 14898 14899 14957 14958 14959 
diffusion 10 14736 14828 14830 14888 14889 14890 14891 14969 14970 14971 
trust 4 14960 14961 14962 14968 
divide 3 14847 14848 14849 
learning 26 14780 14781 14782 14783 14824 14825 14828 14890 14891 14841 14842 14843 14844 14845 14862 14863 14864 14883 14884 14885 14886 14908 14909 14988 14989 15107 
young 3 14728 14729 14730 
challenge 1 15067 
lighting 5 15037 15038 15039 15040 15041 
practice 6 14824 14828 14890 14891 14923 14924 
world 8 15052 15056 15057 15058 15132 15133 15134 15135 
germans 1 15070 
sports 3 15089 15090 15091 
implicit 3 14812 14813 14814 
videogame 2 15085 15128 
repeatedly 1 15026 
everquest 4 15061 15115 15116 15117 
ludic 2 15105 15129 
webct 4 14937 14998 14999 15000 
mcquaid 2 15064 15065 
decades 3 14695 14696 14697 
exploiting 1 14719 
values 1 15025 
practical 3 15013 17331 17332 
cars 2 14738 14739 
post-industrialism 1 14732 
envisioned 3 15008 15009 15010 
enabled 2 14826 14827 
control 4 14878 14938 14939 14940 
localization 4 14957 14958 14959 15053 
economy 3 14769 14770 15115 
tourism 1 15072 
economic 2 14737 15105 
difference 2 15033 15076 
juul 1 15021 
failure 3 14973 15019 15020 
weblog 4 14828 14830 14888 14889 
case 29 14756 14757 14818 14834 14835 14847 14848 14849 14862 14863 14864 14880 14905 14906 14907 14952 14953 14973 15019 15020 15008 15009 15010 15011 15012 15013 15029 15051 15139 
lte 2 14698 14699 
innovative 2 14824 14825 
early 14 14731 14816 19262 19263 19264 19265 19266 19267 19268 19269 19270 19271 19272 19273 
engagement 4 14726 14925 14926 14927 
valid 3 14800 14803 14804 
australian 1 14732 
managerial 1 15892 
children 3 14728 14729 14730 
roadmap 2 14849 15018 
era 1 14709 
acute 2 14826 14827 
performance 3 14715 14716 14717 
exploratory 5 14902 14903 14925 14926 14927 
terrestrial 5 14865 14866 14867 14868 14869 
accidental 1 15072 
schafer 1 15060 
multiple 2 14806 14807 
myst 1 15112 
formation 2 15074 15124 
role-playing 2 14850 14851 
payers 4 14878 14938 14939 14940 
community 8 14742 14743 14744 14745 14761 14855 14942 14872 
norms 4 14878 14938 14939 14940 
moderators 1 14954 
approval 3 15011 15012 15013 
natives 2 14966 14967 
korean 3 14883 14892 14963 
myth 3 15029 15088 15128 
classrooms 2 14908 14909 
examining 5 14828 14830 14888 14889 14968 
effect 10 14712 14713 14714 14715 14716 14717 14980 14981 14982 14983 
learned 1 14736 
smes 7 14882 14916 14917 14918 14969 14970 14971 
device 1 14824 
objvprolog-d 3 14808 14809 14810 
usage 1 14880 
victorian 5 15008 15009 15010 15119 15120 
implementing 6 14737 15892 15893 15008 15009 15010 
wear 1 14726 
reducing 2 14738 14739 
revolution 2 15021 15067 
people 5 14854 14855 14856 14857 14858 
semiotics 1 15129 
simulating 1 15022 
stock 3 14995 14996 14997 
drive 2 14966 14967 
typing 2 14815 14816 
heels 1 15080 
industry 3 14957 14958 14959 
compelling 1 15122 
gamer 1 15088 
strategies 4 14828 14830 14888 14889 
games 33 14850 14851 14883 14892 15026 15033 15037 15038 15039 15040 15041 15051 15053 15062 15063 15068 15073 15079 15086 15087 15103 15105 15109 15110 15111 15113 15147 15115 15119 15120 15121 15122 15137 
platform 5 14719 14774 14775 14776 14777 
admissions 3 15008 15009 15010 
productive 1 15055 
ogres 1 15074 
monuments 4 15132 15133 15134 15135 
satisfaction 4 14905 14906 14907 14937 
conventions 1 15121 
years 2 15064 15065 
improvements 2 14751 14752 
culture 3 15032 15052 15124 
legacy 1 15118 
complexity 2 14801 14802 
cultural 12 14769 14770 14843 14844 14845 15053 15103 15109 15110 15111 15119 15120 
techniques 2 14824 14825 
sims 2 15025 15060 
valley 1 14732 
modern 3 14925 14926 14927 
attitude 5 14886 14980 14981 14982 14983 
telecommunications 3 14695 14696 14697 
nintendo 2 15140 15141 
words 1 15121 
impacting 3 14919 14920 14921 
persuasion 1 15073 
casual 2 15021 15067 
fighter 1 15053 
networking 4 14780 14781 14782 14783 
prospective 4 14980 14981 14982 14983 
pvp 1 15057 
cases 1 14800 
telos 1 14811 
dramas 3 14883 14892 14963 
framework 7 14764 14765 14826 14827 14995 14996 14997 
unplaying 1 15050 
boards 3 14862 14863 14864 
process 10 14972 14973 14974 14975 15008 15009 15010 15013 17331 17332 
leg 1 15034 
discrete 4 14972 14973 14974 14975 
chain 4 14756 14757 14870 14871 
magazines 1 15124 
broadband 2 14855 14942 
radio 1 14778 
improving 4 14883 14884 15099 15100 
phone 4 14733 14734 14735 14736 
reading 2 15021 15075 
galaxies 1 15034 
subjects 2 15140 15141 
roadmapping 3 15013 17331 17332 
attitudes 2 14883 14884 
habits 3 14831 14832 14833 
bruneian 1 15004 
scripts 1 14800 
boundaries 1 15032 
survey 4 15081 15082 15083 15126 
head 1 15080 
procedurality 1 15033 
sicart_ap 1 15044 
situations 1 15892 
achievement 1 15023 
status 3 14969 14970 14971 
agencies 3 14883 14892 14893 
biography 3 15115 15116 15117 
educational-social 2 14841 14842 
formal 1 15059 
cognitive 3 14715 14716 14717 
stories 1 15026 
diminutive 2 15140 15141 
policy 8 14698 14699 14732 14775 15878 15879 15880 15017 
interruptions 3 14715 14716 14717 
suite 3 14800 14803 14804 
e-learning 15 14828 14829 14830 14888 14889 14890 14891 14847 14848 14849 15018 14880 14905 14906 14907 
media 8 14731 14761 14778 14883 14892 14932 14964 15029 
administration 3 14847 14848 14849 
generic 2 14748 14749 
connecting 1 14719 
cultures 2 14984 15098 
issue 4 15023 15077 15064 15065 
state 1 14805 
sportsmanship 3 15089 15090 15091 
israel 3 14862 14863 14864 
solution 2 14806 14807 
evaluation 8 14937 14998 14999 15000 14980 14981 14982 14983 
upper 1 14984 
designs 1 14719 
implications 10 14698 14699 14737 15892 15893 14774 14775 14776 14777 15105 
leader 2 14841 14842 
making 2 15104 15112 
toolkit 2 15062 15063 
acceptance 18 14764 14765 14852 14853 14876 14877 14878 14938 14939 14940 14912 14913 14952 14953 14954 14977 14978 14979 
students 10 14780 14781 14782 14783 14883 14884 14886 14905 14906 14907 
university 13 14726 14847 14848 14849 15224 17009 14905 14906 14907 14937 14998 14999 15000 
beginning 3 15013 17331 17332 
leadership 2 14850 14851 
greece 5 14819 14820 14821 14822 14823 
evaluating 3 14883 14892 14893 
century 1 15061 
problem-solving 2 14883 14884 
potential 4 14719 14923 14924 15097 
metaphor 1 15029 
teach 1 15078 
inheritance 2 14806 14807 
egypt 3 14952 14953 14990 
internationalization 4 14896 14897 14898 14899 
tower 1 15076 
liaison 1 15076 
address 1 14761 
myths 1 15127 
uses 3 14876 14877 14878 
special 4 15023 15077 15064 15065 
turkey 2 14841 14842 
user 8 14831 14832 14833 14937 14968 14977 14978 14979 
performative 1 14948 
battlefield 2 15051 15139 
reliable 2 14795 14796 
auction 2 14952 14990 
ludens 1 15071 
using 11 14733 14734 14735 14883 14892 14963 14941 15032 15138 15099 15100 
advertisers 3 14883 14892 14893 
higher 3 14841 14842 14951 
lord 1 15127 
personality 4 14712 14713 14714 15025 
adopting 2 14855 14942 
telecommunication 2 14751 14752 
e-commerce 21 14742 14743 14744 14745 14834 14835 14846 14900 14901 14916 14917 14918 14960 14961 14962 14992 14993 14994 15014 15015 15016 
sustainability 4 14828 14830 14888 14889 
government 1 14948 
black 2 14738 14739 
limits 1 15112 
shoppers 2 14910 14911 
entrepreneurs 2 14771 14818 
death 1 15118 
papers 3 15042 15043 15098 
snakes 2 15119 15120 
apart 1 15036 
projects 3 14828 14829 14830 
editor 1 15098 
fighters 1 15053 
scenario 3 14719 15032 15138 
automata 1 15060 
e-banking 1 15004 
view 2 14801 14802 
hospital 3 15008 15009 15010 
review 5 15021 15045 15067 15070 15115 
introduction 3 15042 15043 15098 
e-government 9 14902 14903 14919 14920 14921 14954 15011 15012 15013 
classifications 1 15131 
assessing 5 14952 14953 15081 15082 15083 
arab 3 14862 14863 14864 
screw 1 15123 
kevin 2 15064 15065 
network-centric 3 14843 14844 14845 
measuring 5 14847 14848 14849 14852 14853 
programming 11 14795 14796 14797 14798 14799 14808 14809 14810 14812 14813 14814 
domain 1 14941 
current 3 14969 14970 14971 
investigating 1 14886 
affecting 6 14834 14835 14912 14913 14952 14990 
relationships 1 15128 
ds 2 15140 15141 
ahp 3 14883 14892 14963 
adoption 34 14819 14820 14821 14822 14823 14824 14834 14835 14870 14871 14876 14877 14878 14902 14903 14904 14919 14920 14921 14969 14970 14971 14985 14986 14987 14995 14996 14997 15011 15012 15013 15014 15015 15016 
violence 1 15118 
organizations 4 14702 14992 14993 14994 
web 13 14702 14731 14896 14897 14898 14899 14925 14926 14927 14957 14958 14959 15017 
living 2 15030 15031 
history 4 15113 15118 15119 15120 
joint-effect 2 14713 14879 
worldness 1 15061 
licenses--open 1 14737 
tripartite 1 14968 
beam 1 15113 
notes 1 14771 
eq 2 15064 15065 
methods 1 14880 
auctions 2 14713 14879 
player 2 15036 15060 
driving 3 14984 15140 15141 
exploring 11 14855 15222 15223 15224 14923 14924 14952 14990 15061 15113 15147 
asian 2 14846 15053 
balance 1 15079 
face-masks 1 14726 
web-mediated 2 14883 14884 
future 6 14969 14970 14971 14991 15042 15043 
zambia 1 14778 
dead 1 15046 
key 4 14883 14884 14894 14976 
dangereuse 1 15076 
location-based 3 14977 14978 14979 
reward 6 15023 15077 15092 15093 15094 15095 
environments 6 14908 14909 14985 14986 14987 15022 
learn 1 15107 
integrating 2 14756 14757 
ethnography 1 15072 
synergies 2 14923 14924 
played 3 15115 15116 15117 
gamestudies 1 15044 
australia 3 15008 15009 15010 
educational 4 14828 14890 14891 15107 
internet 17 14748 14749 14768 14819 14820 14821 14822 14823 14852 14853 14876 14877 14878 14882 14883 14894 14895 
amp 1 14882 
lena 1 15064 
mobile 28 14703 14712 14713 14714 14731 14733 14734 14735 14736 14751 14752 14764 14765 14883 14884 14885 14892 14893 14952 14953 14968 14977 14978 14979 15032 15138 15119 15120 
does 3 14712 14713 14714 
self-regulated 2 14883 14884 
ict 5 14826 14827 14925 14926 14927 
telephones 3 14733 14734 14735 
understanding 5 14733 14734 14735 15023 15105 
purchase 3 15001 15002 15003 
analytic 3 14831 14832 14833 
enhance 4 14742 14743 14744 14745 
households 3 14876 14877 14878 
capitalism 1 15115 
style 1 14702 
integration 7 14876 14877 14878 14972 14973 14974 14975 
experience 5 14838 15047 15048 15119 15120 
voting 8 14865 14866 14867 14868 14869 14941 14952 14953 
audio 1 15057 
society 1 14702 
communication 3 14769 14770 15107 
game 35 14854 14855 14856 14857 14858 15023 15077 15032 15138 15036 15044 15047 15048 15059 15060 15062 15063 15076 15078 15081 15082 15083 15092 15093 15094 15095 15098 15099 15100 15105 15112 15113 15115 15118 15127 
echelons 1 14984 
readiness 3 14992 14993 14994 
shooters 1 15126 
faunasphere 2 15062 15066 
seams 1 15036 
livejournal 1 15049 
glitchers 3 15089 15090 15091 
emotional 6 14726 14854 14855 14856 14857 14858 
stand 1 15034 
approximation 1 15071 
serbian 4 14780 14781 14782 14783 
meeting 1 14771 
multi-dimensional 3 14919 14920 14921 
uae 1 14964 
ad 1 15088 
approach 13 14855 15222 15223 15224 14883 14884 14885 14910 14911 15013 17331 17332 15085 
test-bed 5 14865 14866 14867 14868 14869 
growth 7 14846 14896 14897 14898 14899 14949 14950 
manager 3 14883 14892 14932 
stations 3 14883 14892 14963 
street 1 15053 
door 1 14703 
french 2 14988 14989 
editors 2 15042 15043 
user-developers 1 14737 
doom 1 15112 
e-payment 1 14937 
peking 1 14726 
synthesis 1 15049 
central 1 14846 
commercial 3 14883 14892 14963 
thoughts 2 15034 15128 
creating 4 14742 14743 14744 14745 
structure 1 15129 
services 19 14742 14743 14744 14745 14751 14752 14819 14820 14821 14822 14823 14855 14942 14973 15019 15020 15011 15012 15013 
ou 1 15076 
heart 3 14973 15019 15020 
channels 1 14709 
questions 2 14914 14915 
flexible 2 14795 14796 
malawi 3 14919 14920 14921 
geometry 1 14863 
carjack 1 15072 
technostress 3 14712 14713 14714 
experienced 3 14733 14734 14735 
measures 2 15047 15048 
tragedies 1 15105 
delivery 1 14838 
wright 1 15060 
different 4 14883 14884 14894 14976 
hardware 1 14941 
experiences 2 15032 15138 
development 15 14695 14696 14697 14855 15222 15223 15224 14883 14892 14893 14949 14950 14965 15042 15043 
influence 2 15047 15048 
player-centred 2 15032 15138 
istanbul 3 14847 14848 14849 
biometric 2 14902 14903 
novices 2 15113 15147 
anytime 2 14769 14770 
e-topia 1 14872 
situation 1 15027 
realism 1 15102 
metalepsis 1 15123 
organisation 3 14945 14946 14947 
developments 1 14991 
machines 1 15045 
product 6 14713 14879 14855 15222 15223 15224 
teaching 12 14780 14781 14782 14783 14862 14863 14864 14988 14989 14991 15113 15147 
interview 2 15064 15065 
players 4 15097 15115 15116 15117 
proposal 2 14849 15018 
account 1 15107 
telling 1 15026 
design 18 14800 14803 14804 14910 14911 15032 15138 15054 15059 15067 15078 15081 15082 15083 15113 15129 15140 15141 
qualified 1 14838 
technology 21 14769 14770 14852 14853 14876 14877 14878 14902 14903 14904 14912 14913 14972 14973 14974 14975 15019 15020 15013 17331 17332 
terror 1 15108 
illustration 2 14793 14794 
discworld 1 15058 
perspectives 8 14854 14855 14856 14857 14858 14985 14986 14987 
study 42 14756 14757 14824 14834 14835 14841 14842 14846 14847 14848 14849 14854 14855 14856 14857 14858 14876 14877 14878 14902 14903 14905 14906 14907 14973 15019 15020 14977 14978 14979 15008 15009 15010 15032 15138 15047 15048 15053 15062 15063 15069 15105 
adversity 2 14966 14967 
jo 1 15068 
computing 2 14883 14884 
studies 4 14991 15075 15076 15115 
chinese 3 14702 15224 17009 
military 1 15028 
love 1 15125 
directions 2 15042 15043 
participation 1 14778 
facebook 4 14780 14781 14782 14783 
age 1 14954 
developing 11 15892 14883 14892 14932 14952 14953 14992 14993 14994 15062 15063 
gratifications 3 14876 14877 14878 
investigation 7 14828 14829 14830 14880 14883 14884 14885 
credit 4 14742 14743 14744 14745 
torture 1 15108 
republic 3 15109 15110 15111 
challenges 6 15892 14945 14946 14947 15113 15147 
battlebots 1 15060 
projecting 1 15025 
malaysia 3 15014 15015 15016 
ratios 2 15099 15100 
machine 1 15023 
telehealth 3 14973 15019 15020 
cheesers 3 15089 15090 15091 
issues 5 14865 14866 14867 14868 14869 
likes 3 14883 14894 14895 
la 1 15076 
citizens 2 14952 14953 
locating 4 14972 14973 14974 14975 
democracies 3 14925 14926 14927 
manchester 2 15042 15043 
lost 1 15026 
arabia 2 14902 14903 
oxymoron 1 15106 
theory 10 14876 14877 14878 15001 15002 15003 15004 15105 15115 15137 
citizenship 1 14872 
adverse 3 14712 14713 14714 
affect 2 15046 15069 
war 3 15051 15139 15108 
network 5 14854 14855 14856 14857 14858 
online 33 14713 14879 14715 14716 14717 14850 14851 14883 14884 14885 14892 14886 14908 14909 14910 14911 14965 14980 14981 14982 14983 14985 14986 14987 14991 14995 14996 14997 15030 15031 15089 15090 15091 
agony 1 15118 
risk 4 15092 15093 15094 15095 
playing 5 15042 15043 15097 15107 15131 
real 9 14865 14866 14867 14868 14869 14972 14973 14974 14975 
ic 4 14883 14884 14894 14976 
selected 1 15098 
japan 2 14736 15068 
read 1 15130 
cooperation 1 15105 
banking 8 14764 14765 14819 14820 14821 14822 14823 14968 
sng 5 14854 14855 14856 14857 14858 
driver 3 14843 14844 14845 
intranet 1 14951 
application 8 14883 14884 14885 14892 14893 14910 14911 15004 
iran 3 14977 14978 14979 
audience 1 14778 
iv 1 15136 
economists 1 15105 
transition 5 14846 14847 14848 14849 15018 
sublime 1 15136 
customers 3 14698 14699 15004 
rapid 2 14849 15018 
lisp 1 14811 
human 1 15068 
organizational 4 14828 14890 14891 14984 
unreview 1 15050 
local 1 14948 
grassroots 1 14771 
sme 2 14923 14924 
intelligent 2 14855 14942 
collaborative 3 14965 15051 15139 
inhabitation 1 15024 
statues 1 14726 
e-society 1 15017 
parental 3 14728 14729 14730 
optimal 7 14883 14892 14963 15092 15093 15094 15095 
warcraft 8 15052 15056 15057 15058 15132 15133 15134 15135 
pakistan 5 14764 14765 14905 14906 14907 
collectible 1 15079 
resistance 1 14709 
sympal 3 14812 14813 14814 
narratives 1 15026 
procrustean 1 15035 
content 8 14774 14775 14776 14777 14937 14998 14999 15000 
gameworld 2 15072 15101 
lobbying 2 14756 14757 
ethos 1 15127 
silent 1 15046 
civic 3 14925 14926 14927 
common 1 14811 
pragmatist 1 15024 
data 12 14748 14749 14828 14830 14888 14889 14831 14832 14833 14945 14946 14947 
recapture 1 15123 
vs 3 14960 14961 14962 
digital 16 14728 14729 14730 14847 14848 14849 14865 14866 14867 14868 14869 14966 14967 15029 15052 15122 
differences 2 14698 14699 
theorycraft 1 15054 
critical 7 15034 15050 15055 15064 15065 15107 15115 
grue 1 15123 
congestive 3 14973 15019 15020 
dynamics 5 14731 14841 14842 15030 15031 
racing 1 15113 
civil 1 14702 
discourse 4 15088 15089 15090 15091 
uk 1 15124 
payment 4 14878 14938 14939 14940 
later 2 15064 15065 
matrix 3 14973 15019 15020 
amarc 2 14761 14771 
interoperability 1 15017 
selection 4 14883 14892 14932 14963 
field 1 15124 
relationship 3 14923 14924 15074 
banana 3 15109 15110 15111 
brad 2 15064 15065 
enterprises 3 15014 15015 15016 
modeling 3 14719 14912 14913 
tv 3 14883 14892 14963 
infrastructure 5 14865 14866 14867 14868 14869 
actions 2 14948 15051 
faces 1 15060 
proliferation 4 14774 14775 14776 14777 
in-group 2 14910 14911 
halo 1 15130 
oblivion 1 15136 
first-person 1 15126 
exploration 2 14880 14965 
student 8 14801 14802 14883 14884 14885 14985 14986 14987 
metrics 3 14800 14803 14804 
gender 1 14954 
st 1 15061 
conference 4 14761 15042 15043 15098 
fallout 1 15104 
exemplar 2 14826 14827 
bristol 1 15098 
cellular 4 14733 14734 14735 15060 
networks 6 14756 14757 14960 14961 14962 15017 
household 3 14876 14877 14878 
signification 1 15080 
fun 1 15096 
japanese 1 15053 
logic 4 14778 14808 14809 14810 
inform 2 15032 15138 
input 1 14778 
reader 1 15052 
efforts 1 14948 
comparative 4 14834 14835 14846 15058 
empirical 12 14854 14855 14856 14857 14858 14876 14877 14878 14880 14977 14978 14979 
simulated 1 15025 
model 18 14849 15018 14850 14851 14855 15222 15223 15224 14876 14877 14878 14883 14892 14932 14904 14916 14917 14918 
minority 1 14818 
perception 3 14847 14848 14849 
saudi 2 14902 14903 
massively 2 14850 14851 
businesses 1 14818 
denotational 3 14797 14798 14799 
elder 1 15136 
competing 3 15224 17009 14984 
emotions 3 14733 14734 14735 
allocation 3 14973 15019 15020 
supply 2 14870 14871 
ivory 1 15076 
implement 2 14849 15018 
institution 3 14828 14890 14891 
interactivity 2 15024 15080 
sociality 3 15115 15116 15117 
mitigate 3 14712 14713 14714 
functions 4 14896 14897 14898 14899 
ethnic 1 14818 
mcpherson 2 15064 15065 
promise 1 14964 
web-based 2 14870 14871 
hackers 1 15113 
egovernment 1 14838 
school 6 14728 14729 14730 14847 14848 14849 
methodological 2 15062 15063 
supporting 1 14965 
views 3 14883 14892 14893 
service 7 14698 14699 14719 14995 14996 14997 15056 
operations 2 14815 14816 
blind 3 14883 14894 14895 
success 1 14937 
tension 5 15037 15038 15039 15040 15041 
brief 1 15026 
employees 2 14902 14903 
skills 2 14883 14884 
bring 1 14824 
wood-elves 1 15074 
tim 1 15060 
city 1 14872 
course 4 14937 14998 14999 15000 
open 2 14841 14842 
uneasy 1 15080 
anatomy 1 15130 
sales 6 14896 14897 14898 14899 15140 15141 
evolutionary 1 14731 
weather 1 15022 
vii 1 15121 
collaborating 1 14984 
cohesion 3 14800 14803 14804 
information 7 14738 14739 14912 14913 14969 14970 14971 
problems 2 14806 14807 
form 1 15122 
pullers 3 15089 15090 15091 
scrolls 1 15136 
fps 1 15130 
iranian 3 14876 14877 14878 
art 1 15026 
rewards 3 15062 15066 15101 
interaction 5 14798 14817 14863 15049 15051 
table 1 15034 
strategic 1 14948 
record 3 15008 15009 15010 
virtual-world 2 15064 15065 
tax 4 14878 14938 14939 14940 
mozambique 3 14919 14920 14921 
language 3 14797 14798 14799 
flavour 1 14761 
weibo 1 14726 
spin-outs 2 15224 17009 
examination 3 14831 14832 14833 
orientalism 1 15028 
google 3 14831 14832 14833 
collaboration 4 14980 14981 14982 14983 
america 3 15109 15110 15111 
institutions 1 15084 
mediality 1 15123 
org 1 15044 
king 1 15053 
effective 4 14855 15222 15223 15224 
costs 3 14828 14829 14830 
qualitative 3 14824 15062 15063 
character 1 15033 
probe 1 15035 
mode 1 15045 
reviewed 1 15130 
identity 5 14910 14911 14941 15052 15088 
epic 4 15132 15133 15134 15135 
bucharest 1 14771 
money 2 14949 14950 
india 6 14768 14826 14827 14925 14926 14927 
campaign 2 14756 14757 
app 3 14886 14955 14956 
united 4 14896 14897 14898 14899 
edge 1 14771 
mathematical 1 14965 
research 1 15107 
integrated 3 14992 14993 14994 
industrial 1 14732 
balancing 4 15092 15093 15094 15095 
fall 1 15036 
relational 2 14883 14892 
perceptual 2 14801 14802 
based 3 14876 14877 14878 
genre 1 15046 
old 4 15084 15109 15110 15111 
users 1 14726 
hate 1 15045 
befriending 1 15074 
intermarch 2 14756 14757 
foom 2 14793 14794 
race 1 15118 
impact 4 14910 14911 14988 14989 
planescape 1 15046 
hats 1 15069 
tools 6 14824 14825 14925 14926 14927 14991 
shooter 1 15028 
self-assessment 2 14914 14915 
grand 1 15072 
fortress 1 15069 
unlocking 1 15101 
combat 1 15114 
power 1 15079 
quests 5 15058 15132 15133 15134 15135 
rings 1 15127 
pastoral 1 15136 
work 13 14816 19262 19263 19264 19265 19266 19267 19268 19269 19270 19271 19272 19273 
systems 19 14801 14802 14838 14847 14848 14849 14937 14969 14970 14971 14972 14973 14974 14975 15008 15009 15010 15023 15077 
global 4 15224 17009 14872 15115 
collective 1 14965 
nigeria 2 14748 14749 
properties 1 14838 
environment 14 14712 14713 14714 14812 14813 14814 14883 14884 14914 14915 14980 14981 14982 14983 
influencing 9 14819 14820 14821 14822 14823 14846 14925 14926 14927 
subjective 6 14878 14938 14939 14940 15047 15048 
constitutive 1 15124 
maintainers 1 14737 
management 15 14870 14871 14883 14884 14894 14976 14923 14924 14937 14998 14999 15000 14945 14946 14947 
meteorological 3 14945 14946 14947 
intention 5 14952 14990 15001 15002 15003 
crown 1 15080 
informing 1 15107 
object 7 14798 14817 14800 14801 14802 14805 15079 
wars 1 15034 
pretty 1 15045 
congenial 1 15067 
dice 1 15067 
interactive 8 14862 14863 14864 14914 14915 14991 15106 15122 
operators 4 14798 14817 14806 14807 
forms 2 15051 15084 
proactive 3 14712 14713 14714 
botswana 7 14919 14920 14921 14937 14998 14999 15000 
website 2 14910 14911 
decade 1 14761 
separation 1 14941 
strategy 3 14872 15140 15141 
monsters 1 15127 
roleplaying 2 15033 15049 
domestic 4 14774 14775 14776 14777 
women 2 14910 14911 
rules 4 14728 14729 14730 15130 
ending 1 15060 
manual 1 14951 
classroom 4 14780 14781 14782 14783 
technologies 1 14702 
multimedia 1 14991 
quasi-experimental 3 14883 14884 14885 
latin 3 15109 15110 15111 
cinema 1 15106 
continue 5 14854 14855 14856 14857 14858 
industries 3 15109 15110 15111 
context 5 14988 14989 15053 15058 15114 
cluster 8 14775 15878 15879 15880 14855 15222 15223 15224 
e-loyalty 2 14910 14911 
self-portrayal 1 15025 
