<Keyword> <No of vertices> <vertex1> <vertex2> .... <vertexN> 
auction 5 4548 4549 4550 4551 4552 
using 32 4226 4227 4228 4233 4234 4235 4306 6528 6529 6530 4372 4838 4437 4438 4439 4440 4441 4442 4443 4444 4445 4446 4553 4554 4555 4587 4588 4589 4600 4601 4624 4625 
dispatching 5 4391 4392 4418 4419 4420 
rescheduling 4 4418 4420 6048 6049 
workforce 3 4509 4510 4511 
knowledge-intensive 2 15646 15645 
prototyping 6 4540 4541 4542 4676 5158 5159 
preface 1 4641 
networked 4 4544 4545 4546 4547 
time 12 4324 4325 4326 4442 4443 4444 4445 4446 5925 14633 14634 14635 
search 3 4587 5924 5925 
promoting 5 4497 4498 4499 4500 4501 
e-commerce 2 4492 5965 
event 3 4458 4459 4460 
chemical 7 4651 4652 4653 4654 4655 5755 5756 
complementarity 2 4672 4673 
advanced 4 4566 4567 4568 4569 
features 3 4553 4554 4555 
contribution 4 4308 4309 4310 4311 
role 2 5221 16628 
sustainability 5 4651 4652 4653 4654 4655 
systematic 4 4583 4584 4585 4586 
propagation 1 4518 
taxonomy 3 4585 7221 7222 
cost-aware 3 4585 7221 7222 
satellites 3 4663 4664 4665 
generation 13 4316 4317 4419 6198 6199 6200 4425 4426 4427 4428 4429 4570 4571 
instant 5 4425 4426 4427 4428 4429 
intelligence 2 4559 4560 
monitoring 3 4556 4557 4558 
timed 3 4242 4243 4244 
patterns 3 4199 4200 4201 
asset 4 4579 4580 4581 4582 
c-axis 3 4553 4554 4555 
petri 3 4242 4243 4244 
loading 3 4327 4328 4329 
portfolio 4 4252 4253 4254 4255 
optimization 7 4624 4625 4656 5578 5579 4666 4667 
image 7 4540 4541 4542 4557 4558 6330 6331 
companies 2 5221 16628 
evolution 2 4391 6563 
traceability 4 4306 6528 6529 6530 
provenance 4 4299 9630 9631 9632 
projects 5 4280 4281 4663 4664 4665 
project 11 4186 4187 4188 4189 4190 4252 4253 4254 4255 4382 4383 
corrective 5 4391 5571 5572 5573 5574 
contingency 2 4672 4673 
quality 2 4624 4625 
components 9 4372 4838 4553 4554 4555 14633 17764 17765 17766 
big 5 4651 4652 4653 4654 4655 
artificial 4 4335 4336 19775 6325 
discovery 3 4199 4200 4201 
video-imaging 4 4384 4385 4386 4387 
introduction 3 4656 4657 4658 
review 21 4206 4207 4208 4302 4303 4304 4305 4306 4312 4313 4314 5220 5855 4476 4477 4478 4479 4583 4584 4585 4586 
retail 4 4371 4372 4373 4374 
dynamic 6 4280 5061 5062 4509 4510 4511 
assessing 9 4486 4487 4488 4489 4490 4529 4530 4531 4532 
junctions 4 4463 4464 5973 5974 
knowledge 15 4203 4204 4205 4308 4309 4310 4311 4497 4498 4499 4500 4501 18244 15646 15645 
knowledge-based 4 4330 4331 4332 4333 
incorporating 3 4458 4459 4460 
communications 5 4302 4303 4304 4305 4306 
gis-based 5 4466 4467 4468 4469 4470 
coupling 3 4464 5973 5974 
net 5 4497 4498 4499 4500 4501 
instances 3 4199 4200 4201 
handling 14 4418 4419 4420 4451 5070 5071 5072 4544 4545 4546 4547 4656 5578 5579 
ec 1 4624 
parameterization 3 4233 4234 4235 
execution 4 4246 4247 4248 4249 
measuring 6 4236 4237 4238 4336 18259 18260 
reengineer 3 4203 4204 4205 
training 3 4313 6272 6273 
ventilation 5 4343 4344 4345 4346 4347 
lasts 1 4540 
object-oriented 4 4674 4675 4676 4677 
affecting 3 4520 15749 15750 
rfp 3 4676 5158 5159 
logistics 3 4458 4459 4460 
iso-phote 2 4570 4571 
multi-objective 1 4229 
markets 1 4492 
forecasting 2 15646 16892 
taiwan 3 15646 15645 16892 
redesign 2 4519 4520 
constrained 3 4509 4510 4511 
web 11 4299 9630 9631 9632 4372 4838 4548 4549 4550 4551 4552 
electronic 5 4548 4549 4550 4551 4552 
new 8 4544 4545 4546 4547 18244 4656 4657 4658 
leveraging 3 4203 4204 4205 
testing 3 4242 4243 4244 
configuration 6 4611 5345 5909 5910 5911 5912 
public 7 13696 4296 4297 4298 4299 4300 4301 
transactions 1 18244 
greenhouse 5 4343 4344 4345 4346 4347 
change 5 4520 15749 15750 4521 4522 
tool 13 4548 4549 4550 4551 4552 4570 4571 4659 4660 4661 4662 4666 4667 
versus 4 4451 5070 5071 5072 
captured 6 4611 5345 5909 5910 5911 5912 
event-driven 4 4252 4253 4254 4255 
distributed 14 4242 4243 4244 4280 4281 4306 6528 6529 6530 4427 4429 5270 5271 4491 
firms 2 4382 4383 
architecture 7 4271 4272 4273 4433 4434 18243 18276 
eccentricity 3 4236 4237 4238 
exploring 4 4204 14176 5221 16628 
software 6 4382 4383 4396 18244 18243 18245 
medical 3 4540 4541 4542 
terminal 6 4305 6465 7189 7190 4666 4667 
description 4 4579 4580 4581 4582 
processing 4 4557 4558 6330 6331 
competitiveness 2 5221 16628 
perspective 1 13696 
motion 3 4425 4427 6562 
trains 3 4327 4328 4329 
processes 21 4271 4272 4273 4280 5061 5062 4336 6325 6326 6327 4433 4434 4520 5359 5360 4611 5345 5909 5910 5911 5912 
financial 4 4336 6325 6326 6327 
rationalize 4 4384 4385 4386 4387 
location-based 3 4587 5924 5925 
automatic 3 4316 4317 4352 
environments 5 4559 4560 4585 7221 7222 
ontology 6 4256 4257 4258 4259 4260 4261 
end-user 1 4590 
ct 3 4540 4541 4542 
ctl-based 1 4491 
measurement 9 4312 5220 5221 4318 4319 4476 4477 4478 4479 
lean 2 4538 4539 
semantically 4 4579 4580 4581 4582 
factors 3 4520 15749 15750 
items 3 4209 4210 4211 
determining 4 4335 4336 19775 6325 
similarity 3 4644 4645 4646 
active 4 4302 4303 4305 6465 
machine-vision 3 4556 4557 4558 
factory 2 4391 4392 
internet 3 4280 5061 5062 
scm 2 4280 4281 
mobile 11 4587 5924 5925 14633 14634 14635 17766 18556 18557 18558 18244 
does 2 4672 4673 
feature-based 5 4367 4368 4369 4370 4778 
concise 5 4312 4313 4314 5220 5855 
ict 3 4204 13696 14773 
existing 4 4451 5070 5071 5072 
resource-constrained 5 4186 4187 4188 4189 4190 
analysis 26 4204 13696 14773 4252 4253 4254 4255 4336 6325 6326 6327 4466 4467 4468 4469 4470 4540 4575 4576 4577 4578 4651 4652 4653 4654 4655 
education 3 4204 13696 14773 
simulation 24 4185 4285 4286 4316 4317 4384 4385 4386 4387 4427 4429 5270 5271 4458 4459 4460 4464 5973 5974 4651 4652 4653 4654 4655 
life-cycle 3 4600 4601 4624 
business 13 4216 4217 4336 6325 6326 6327 4372 4838 4520 5359 5360 15646 15645 
sequential 4 4529 4530 4531 4532 
wireless 8 4302 4303 4304 4305 4306 6465 7189 7190 
organization 5 4336 6325 6326 6327 4590 
area 4 4544 4545 4546 4547 
ice 3 4676 5158 5159 
fuzzy 20 4226 4227 4228 4308 4309 4310 4311 4312 4313 4314 5220 5855 6272 6273 4418 4420 6048 6049 4480 4481 
integration 4 4308 4309 4310 4311 
generalization 4 4335 4336 19775 6325 
flattenable 4 4419 6198 6199 6200 
fuel 3 15646 15645 15866 
activity 4 4626 4627 4628 4629 
reconfigurable 2 4352 4491 
projected 5 4615 4616 4617 4619 6340 
facilities 2 4285 4286 
garments 4 4419 6198 6199 6200 
functionality 5 11008 11009 11010 11011 11012 
precision 4 4335 4336 19775 6325 
practitioners 2 4538 4539 
communication 4 13696 4242 4243 4244 
impurities 4 4529 4530 4531 4532 
prediction 3 4336 18259 18260 
stages 4 4659 4660 4661 4662 
methodology 7 4491 4519 4520 4596 4597 4598 4599 
ai 3 18244 18243 18245 
great 3 4313 6272 6273 
source 1 4352 
color 5 4437 4438 4439 4440 4441 
freeze 3 4676 5158 5159 
cooperative 1 4518 
ac 5 4343 4344 4345 4346 4347 
approach 42 4209 4210 4211 4252 4253 4254 4255 4367 4369 4391 5571 5572 5573 5574 4416 4417 4427 4429 6092 4447 4448 4521 4522 4538 4539 4559 4560 14633 17764 17765 17766 4620 4621 4622 4623 15646 15645 15866 4626 4627 4628 4629 
enablers 1 4352 
assessment 2 4538 4539 
graphs 3 4587 4588 4589 
generalized 3 4587 4588 4589 
filtering 3 4204 13696 14773 
sustainable 3 4651 5755 5756 
wafer 3 4625 17201 15646 
neural 8 4418 4420 6048 6049 4573 4574 4624 4625 
influences 2 4204 14176 
actor 1 13696 
layered 2 4216 4217 
sensor 4 4305 6465 7189 7190 
visualization 5 4425 4426 4427 4428 4429 
oc 1 4505 
z-buffer 2 4285 4286 
help 3 4203 4204 4205 
lifecycle 6 4596 4597 4598 4599 4672 4673 
region-based 2 4570 4571 
synergism 2 4480 4481 
tolerance 3 4464 5973 5974 
buyer 3 4312 5220 5221 
constructing 1 4624 
design-and-play 2 4559 4560 
screen 5 4615 4616 4617 4618 4619 
creating 5 4497 4498 4499 4500 4501 
structure 4 4674 4675 4676 4677 
services 7 4282 4283 4284 4336 6325 6326 6327 
support 26 4296 4297 4298 4299 4300 4301 4324 4325 4326 4327 4328 4329 4391 4392 4517 4518 4538 4539 4566 4567 4568 4569 4659 4660 4661 4662 
adaptive 12 4186 4187 4188 4189 4190 4418 4419 4420 4538 4539 4570 4571 
privacy 3 4282 4283 4284 
questions 4 4620 4621 4622 4623 
dels 3 4458 4459 4460 
flexible 4 4626 4627 4628 4629 
reality 6 4615 4616 4617 4618 4619 6340 
startup 5 4343 4344 4345 4346 4347 
responses 2 4624 4625 
dodaf 2 4600 4601 
agent-based 4 4246 4247 4248 4249 
geometry 4 4557 4558 6330 6331 
network-based 4 4418 4420 6048 6049 
policy-support 2 4666 4667 
enabling 1 4518 
verification 1 4491 
operating 3 4233 4234 4235 
phases 2 4600 4601 
measures 3 4327 4328 4329 
bodies 4 4419 6198 6199 6200 
delivery 5 4632 4633 4634 4635 4636 
simplified 2 4471 4472 
novel 12 4336 18259 18260 4427 4429 5270 5271 6092 4626 4627 4628 4629 
plant 3 4591 4592 4593 
expert 2 18243 18276 
virtual 2 4463 4464 
lm 4 4596 4597 4598 4599 
repositories 4 4579 4580 4581 4582 
development 20 4203 4204 4205 4367 4369 4372 4838 4427 4429 5270 5271 4464 5973 5974 4559 4560 15646 15645 15866 16892 
interval 3 4226 4227 4228 
multimodal 5 4632 4633 4634 4635 4636 
aspects 3 4280 5061 5062 
influence 4 5925 14633 14634 14635 
geram 2 4600 4601 
space 5 4327 4328 4329 4517 4518 
decision 26 4324 4325 4326 4327 4328 4329 4391 4392 4418 4420 6048 6049 4466 4467 4468 4469 4470 4538 4539 4566 4567 4568 4569 4656 4657 4658 
algorithm 15 4186 4187 4188 4189 4190 4313 6272 6273 4544 4545 4546 4547 4553 4554 4555 
multi-project 3 4625 17201 15646 
acquisition 2 4401 4402 
remaining 3 4458 4459 4460 
eacute 1 4505 
e-participation 2 4204 14176 
dimensions 3 4203 4204 4205 
interpretation 3 4203 4204 4205 
democracy 3 4204 13696 14773 
products 3 4312 5220 5221 
identifying 3 4587 4588 4589 
productivity 2 4447 4448 
generational 2 4204 14176 
criteria 3 4656 5578 5579 
editorial 3 4312 4313 4314 
casthouse 3 4637 4638 4639 
sequences 2 4471 4472 
ontology-based 3 4644 4645 4646 
product 22 4203 4204 4205 4367 4368 4369 4370 4596 4597 4598 4599 4644 4645 4646 4651 5755 5756 4656 4657 4658 4672 4673 
reasoning 4 4308 4309 4310 4311 
nc 2 4285 4286 
classification 6 4233 4234 4235 4336 18259 18260 
rule-based 7 4206 4207 4208 14633 17764 17765 17766 
improvement 6 4305 6465 7189 7190 4447 4448 
method 11 4308 4309 4310 4311 4553 4554 4555 4557 4558 6330 6331 
efficiency 3 4282 4283 4284 
filesystem 5 11008 11009 11010 11011 11012 
design 50 4209 4210 4211 4226 4227 4228 4324 4325 4326 4367 4368 4369 4370 4778 4425 4426 4427 4428 4429 5270 5271 6092 6427 4464 5973 5974 4517 4518 4521 4522 4591 4592 4593 4651 5755 5756 4656 5578 5579 4659 4660 4661 4662 4663 4664 4665 4674 4675 4676 4677 
manufacturing 31 4246 4247 4248 4249 5221 16628 4355 4356 4357 4382 4383 4416 4417 4418 4420 6048 6049 4427 4429 5270 5271 4447 4448 4449 4450 4451 4519 4520 4590 4624 4625 
sysml 3 4242 4243 4244 
technology 4 13696 5221 16628 4518 
location 2 4666 4667 
initiatives 3 4591 4592 4593 
recognition 17 4206 4207 4208 4233 4234 4235 4308 4309 4310 4311 4425 4426 4427 4428 4429 4573 4574 
utilising 3 4327 4328 4329 
illustration 5 4651 4652 4653 4654 4655 
defect 4 4308 4309 4310 4311 
reliability 3 18244 18243 18245 
segmentation 5 4318 4319 4540 4541 4542 
study 15 4336 6325 6326 6327 4391 6563 15646 16892 4659 4660 4661 4662 4676 5158 5159 
authorization 1 4396 
sequencing 3 4637 4638 4639 
computing 14 4203 4204 4205 4416 4417 4585 7221 7222 4590 4632 4633 4634 4635 4636 
proposition 4 4659 4660 4661 4662 
studies 2 15646 15645 
type 8 4226 4227 4228 4312 4313 4314 5220 5855 
legibility 5 4615 4616 4617 4619 6340 
metrological 2 4318 4319 
two-step 3 4458 4459 4460 
plm 4 4659 4660 4661 4662 
focused 2 4391 4392 
developing 2 4600 4601 
useful 3 4458 4459 4460 
sets 5 4312 4313 4314 5220 5855 
applications 15 4312 4313 4314 5220 5855 6272 6273 4480 4481 4491 4570 4571 18244 18243 18245 
investigation 3 4334 4335 4336 
slicing 2 4570 4571 
flexibility 4 4626 4627 4628 4629 
scanner 5 4437 4438 4439 4440 4441 
mesh 4 4305 6465 7189 7190 
cycle 3 4203 4204 4205 
challenges 3 4585 7221 7222 
controlled 3 4520 5359 5360 
printing 1 4505 
tradeoff 7 4252 4253 4254 4255 4282 4283 4284 
document-process 2 4611 5345 
sectors 4 4451 5070 5071 5072 
machine 10 4236 4237 4238 5531 5532 5533 4529 4530 4531 4532 
professional 1 4505 
embedded 1 4491 
filing 6 4296 4297 4298 4299 4300 4301 
textile 9 4556 4557 4558 15646 16892 4659 4660 4661 4662 
emerging 3 15646 15645 15866 
issues 5 4302 4303 4304 4305 4306 
involving 2 4624 4625 
controller 4 4544 4545 4546 4547 
hybrid 5 4186 4187 4188 4189 4190 
conceptual 10 4226 4227 4228 4401 4402 4427 4429 5270 5271 6427 
mining 13 4334 4335 4336 6325 6326 6327 4442 4443 4444 4445 4446 4447 4448 
concept 5 4425 4426 4427 4428 4429 
expansion 3 4204 13696 14773 
fitness 1 4540 
maximizing 3 4336 18259 18260 
theory 5 13696 4451 5070 5071 5072 
estimating 2 4382 4383 
requirements 8 4451 5070 5071 5072 4659 4660 4661 4662 
investment 3 4676 5158 5159 
network 11 13696 4305 6465 7189 7190 4544 4545 4546 4547 4573 4574 
risk 10 4334 4335 4336 4371 4372 4373 4374 4663 4664 4665 
ic 2 4624 4625 
real 9 4442 4443 4444 4445 4446 4575 4576 4577 4578 
effectiveness 4 5925 14633 14634 14635 
contracting 2 4416 4417 
bio-cad 3 4540 4541 4542 
path 2 4570 4571 
multi-abstraction 2 4216 4217 
accessible 2 4559 4560 
grid 12 11008 11009 11010 11011 11012 4256 4257 4258 4259 4260 4261 4492 
non-standard 2 4573 4574 
quantitative 2 4624 4625 
colored 3 4242 4243 4244 
drives 5 4343 4344 4345 4346 4347 
healthcare 5 4497 4498 4499 4500 4501 
investments 3 4656 4657 4658 
building 7 4299 9630 9631 9632 4449 4450 4451 
iran 1 13696 
application 19 4343 4344 4345 4346 4347 4367 4369 4575 4576 4577 4578 4587 4588 4589 15646 15645 4663 4664 4665 
validation 2 4318 4319 
task 2 4416 4417 
fabrication 3 4676 5158 5159 
resource 6 4396 4566 4567 4568 4569 4590 
problem 3 4396 4666 4667 
generating 3 4425 4427 6562 
pervasive 5 4632 4633 4634 4635 4636 
interface 2 4559 4560 
distributional 4 4620 4621 4622 4623 
triangulation 2 4570 4571 
rapid 6 4540 4541 4542 4676 5158 5159 
database 6 4367 4368 4369 4370 4447 4448 
human 5 4419 6198 6199 6200 4540 
balanced 5 4486 4487 4488 4489 4490 
abilities 5 4186 4187 4188 4189 4190 
hidden 4 4305 6465 7189 7190 
implementation 7 4306 6528 6529 6530 4520 15749 15750 
scientific 5 4651 4652 4653 4654 4655 
itis 2 15646 15645 
modules 3 4587 4588 4589 
etoplan 3 4449 4450 4451 
smart 7 4256 4257 4258 4259 4260 4261 4492 
technique 3 4520 5359 5360 
intelligent 3 4324 4325 4326 
customizable 2 4517 4518 
empowerment 1 13696 
refinement 4 4626 4627 4628 4629 
collaborative 15 4330 4331 4332 4333 4367 4368 4369 4370 4521 4522 4651 4652 4653 4654 4655 
plms 2 4672 4673 
re-engineering 3 4520 5359 5360 
discobole 3 4271 4272 4273 
manage 2 4672 4673 
villages 5 4466 4467 4468 4469 4470 
flow 7 4451 5070 5071 5072 4509 4510 4511 
optimal 8 4391 5571 5572 5573 5574 4637 4638 4639 
deluge 3 4313 6272 6273 
customer 3 4336 18259 18260 
production 11 4246 4247 4248 4249 4352 4391 5571 5572 5573 5574 6563 
schema 4 4579 4580 4581 4582 
concurrent 5 4449 4450 4451 4517 4518 
packaging 4 4302 4303 4305 6465 
comprehensive 3 4334 4335 4336 
parameterizing 4 4419 6198 6199 6200 
foundry 3 4625 17201 15646 
feature 10 4206 4207 4208 4233 4234 4235 4367 4369 4573 4574 
year 2 4391 6563 
points 7 4233 4234 4235 4318 4319 4570 4571 
opportunities 3 4585 7221 7222 
integrate 2 4573 4574 
iso 5 4520 5359 5360 4600 4601 
contents 5 4632 4633 4634 4635 4636 
cell 3 15646 15645 15866 
international 1 4590 
impacts 7 4486 4487 4488 4489 4490 4521 4522 
models 14 4336 18259 18260 4384 4385 4386 4387 4425 4427 6562 4583 4584 4585 4586 
enersip 6 4256 4257 4258 4259 4260 4261 
neighborhoods 6 4256 4257 4258 4259 4260 4261 
floor 2 4316 4317 
metric 3 4336 18259 18260 
conflict 2 4521 4522 
innovativeness 3 4312 5220 5221 
complex 6 4280 4281 4463 4464 5973 5974 
events 4 4335 4336 19775 6325 
advertising 4 5925 14633 14634 14635 
data 30 4296 4297 4298 4299 4300 4301 4318 4319 4401 4402 4442 4443 4444 4445 4446 4447 4448 4518 4557 4558 6330 6331 18244 4651 4652 4653 4654 4655 4672 4673 
use 4 4384 4385 4386 4387 
applicability 3 4334 4335 4336 
digital 7 4204 14176 13696 14773 4464 5973 5974 
messages 4 5925 14633 14634 14635 
rul 3 4458 4459 4460 
critical 4 4384 4385 4386 4387 
document 6 4611 5345 5909 5910 5911 5912 
life 6 4203 4204 4205 4458 4459 4460 
assess 2 4521 4522 
best 5 4497 4498 4499 4500 4501 
customization 4 14633 17764 17765 17766 
multi-criteria 5 4466 4467 4468 4469 4470 
procedure 4 4529 4530 4531 4532 
makespan 4 4252 4253 4254 4255 
reverse 5 4548 4549 4550 4551 4552 
documents 4 4611 4612 4672 4673 
divide 3 4204 13696 14773 
interoperability 4 4583 4584 4585 4586 
learning 3 4355 4356 4357 
seller 3 4312 5220 5221 
selection 2 4471 4472 
multi-faceted 4 4336 6325 6326 6327 
material 10 4396 4418 4419 4420 4451 5070 5071 5072 4463 4464 
fitting 6 4557 4558 6330 6331 4570 4571 
adaptation 1 4229 
immersive 3 4355 4356 4357 
relationship 1 4624 
field 2 4318 4319 
controllers 1 4491 
rfid 9 4302 4303 4305 6465 4442 4443 4444 4445 4446 
challenge 2 4204 14176 
pattern 12 4206 4207 4208 4367 4369 4419 6198 6199 6200 4676 5158 5159 
practice 5 4497 4498 4499 4500 4501 
modeling 21 4185 4216 4217 4256 4257 4258 4259 4260 4261 4287 4288 4289 4290 4375 4376 4458 4459 4460 4591 4592 4593 
inventory 3 4209 4210 4211 
infrastructure 2 4280 4281 
grocery 4 4302 4303 4305 6465 
optical 2 4318 4319 
instructions 5 4615 4616 4617 4618 4619 
scorecard 5 4486 4487 4488 4489 4490 
nces-based 1 4491 
multi-role 1 4229 
inspection 5 4437 4438 4439 4440 4441 
ambient 2 4559 4560 
computer-aided 3 4591 4592 4593 
science 3 4209 4210 4211 
multi-parameter 3 4418 4419 4420 
practical 6 4451 5070 5071 5072 4480 4481 
simulation-based 2 4316 4317 
electricity 2 4492 5965 
replica 5 17766 18556 18557 18558 18244 
networks 2 4624 4625 
shared 2 4517 4518 
control 32 4233 4234 4235 4242 4243 4244 4280 5061 5062 4316 4317 4416 4417 4449 4450 4451 5070 5071 5072 4480 4481 4491 4544 4545 4546 4547 4611 5345 5909 5910 5911 5912 
single-loop 3 4418 4419 4420 
text 5 4615 4616 4617 4619 6340 
index 1 4352 
high-quality 5 4391 5571 5572 5573 5574 
condition 2 4463 4464 
scheduler 4 4287 4288 4289 4290 
association 6 4371 4372 4373 4374 4611 5345 
maintenance 5 4615 4616 4617 4618 4619 
electric 9 4238 5531 5532 5533 4343 4344 4345 4346 4347 
explanation 1 4590 
effort 2 4382 4383 
xml 2 4611 4612 
providing 1 4505 
non-commercial 3 4282 4283 4284 
storing 2 4611 4612 
preliminary 3 4553 4554 4555 
workflow 16 4271 4272 4273 4585 7221 7222 4611 5345 5909 5910 5911 5912 4626 4627 4628 4629 
cost 4 4252 4253 4254 4255 
tolerancing 2 4463 4464 
logic 1 4352 
stl 3 4540 4541 4542 
itri 2 15646 15645 
inspecting 4 4238 5531 5532 5533 
case 13 4336 6325 6326 6327 4391 6563 4505 15646 15645 4659 4660 4661 4662 
natural 5 4651 4652 4653 4654 4655 
innovative 3 4625 17201 15646 
early 4 4659 4660 4661 4662 
model 36 4242 4243 4244 4299 9630 9631 9632 4316 4317 4335 4336 19775 6325 4401 4402 4451 5070 5071 5072 4540 4541 4542 4611 5345 4624 4625 17201 15646 4632 4633 4634 4635 4636 4651 5755 5756 
project-oriented 2 4375 4376 
trade 2 4492 5965 
estimation 3 4458 4459 4460 
deviation 3 4233 4234 4235 
garment 2 4367 4369 
openclinical 5 4497 4498 4499 4500 4501 
dual-armed 4 4287 4288 4289 4290 
nets 3 4242 4243 4244 
sup 4 4596 4597 4598 4599 
engineering 8 4521 4522 18244 4651 4652 4653 4654 4655 
peer-to-peer 3 4209 4210 4211 
rfid-based 4 4306 6528 6529 6530 
hand 6 4425 4426 4427 4428 4429 6562 
completeness 5 4437 4438 4439 4440 4441 
weighted 4 4335 4336 19775 6325 
cad 5 4427 4429 6092 4573 4574 
complete 5 11008 11009 11010 11011 11012 
performance 17 4305 6465 7189 7190 4336 18259 18260 4476 4477 4478 4479 4575 4576 4577 4578 18243 18276 
allocation 3 4509 4510 4511 
real-time 19 4287 4288 4289 4290 4316 4317 4425 4426 4427 4428 4429 4491 4556 4557 4558 18244 18243 18245 18276 
supply 13 4229 4302 4303 4305 6465 4371 4372 4373 4374 4476 4477 4478 4479 
implement 1 4624 
cam 2 4573 4574 
introducing 1 18244 
machining 2 4285 4286 
multiple 7 4186 4187 4188 4189 4190 4624 4625 
interrogating 1 13696 
non-linear 2 4519 4520 
interconnecting 3 4271 4272 4273 
community 2 4204 14176 
feet 1 4540 
extended 5 4285 4286 4313 6272 6273 
web-based 7 4427 4429 5270 5271 6427 4538 4539 
principles 2 4433 4434 
freedoms 3 4204 13696 14773 
units 4 4302 4303 4305 6465 
tracking 4 4302 4303 4305 6465 
supporting 2 4521 4522 
views 4 4557 4558 6330 6331 
genetic 13 4186 4187 4188 4189 4190 4480 4481 4553 4554 4555 4656 5578 5579 
directed 3 4587 4588 4589 
temporal 3 4199 4200 4201 
democratic 3 4204 13696 14773 
smes 6 4375 4376 4519 4520 4672 4673 
freight 5 4466 4467 4468 4469 4470 
service 7 4271 4272 4273 4625 17201 15646 15645 
usage 3 4203 4204 4205 
server 2 4492 5965 
implementing 6 4287 4288 4289 4290 4433 4434 
operations 4 4367 4368 4369 4370 
interoperable 6 4433 4434 4579 4580 4581 4582 
erp 13 4280 4281 4367 4778 4486 4487 4488 4489 4490 4566 4567 4568 4569 
electronics 2 5221 16628 
opm 4 4299 9630 9631 9632 
npd 3 4663 4664 4665 
automated 7 4206 4207 4208 4451 5070 5071 5072 
surface 2 4570 4571 
relay 5 4391 5571 5572 5573 5574 
holarchies 3 4449 4450 4451 
mechanism 11 4282 4283 4284 4306 6528 6529 6530 4418 4420 6048 6049 
city 2 4204 14176 
agility 1 4352 
open 5 4352 4620 4621 4622 4623 
hazards 5 4651 4652 4653 4654 4655 
grouping 2 18243 18276 
interbay 3 4418 4419 4420 
aluminium 3 4637 4638 4639 
casting 3 4676 5158 5159 
dcomplete 5 4437 4438 4439 4440 4441 
deployment 9 4302 4303 4304 4305 4306 4324 4325 4326 4491 
editor-in-chief 1 18244 
industry 12 4302 4303 4304 4305 4306 4505 4521 4522 4625 17201 15646 16892 
compression 3 4324 4325 4326 
corrigendum 2 4521 4522 
strategies 5 4391 5571 5572 5573 5574 
platform 5 4497 4498 4499 4500 4501 
information 14 13696 4226 4227 4228 4372 4838 4517 4518 4587 5924 5925 4644 4645 4646 
problems 4 4305 6465 7189 7190 
form 5 4427 4429 6092 4611 4612 
experimental 6 4464 5973 5974 4676 5158 5159 
operational 2 4433 4434 
reconstructing 2 4611 4612 
strategic 8 4486 4487 4488 4489 4490 4663 4664 4665 
ieee 1 18244 
visual 3 4203 4204 4205 
planning 23 4280 4281 4391 4392 6563 4396 4449 4450 4451 5070 5071 5072 4553 4554 4555 4566 4567 4568 4569 18244 18243 18245 4590 
satisfaction 1 4590 
approaches 3 4585 7221 7222 
axiom 3 4226 4227 4228 
returnable 7 4209 4210 4211 4302 4303 4305 6465 
placement 5 17766 18556 18557 18558 18244 
assisted 3 4656 4657 4658 
collaboration 8 4312 5220 5221 4371 4372 4373 4374 4518 
algorithm-based 3 4656 5578 5579 
assembly 7 4391 5571 5572 5573 5574 4471 4472 
line 3 4327 4328 4329 
block 4 4419 6198 6199 6200 
retrieval 3 4644 4645 4646 
telecentre 2 4204 14176 
techniques 3 4334 4335 4336 
according 3 4663 4664 4665 
qualitative 5 4624 4625 4656 5578 5579 
computers 2 4521 4522 
digitized 2 4570 4571 
transport 10 4209 4210 4211 4302 4303 4305 6465 4324 4325 4326 
fine-grain 4 4367 4368 4369 4370 
tendency 2 15646 16892 
contracts 6 4296 4297 4298 4299 4300 4301 
augmented 6 4615 4616 4617 4618 4619 6340 
options 5 4302 4303 4304 4305 4306 
sintering 4 4384 4385 4386 4387 
networking 2 4375 4376 
module 6 4367 4778 4566 4567 4568 4569 
characteristics 2 4624 4625 
restricted 1 13696 
return 1 4396 
intermodal 5 4327 4328 4329 4666 4667 
associative 2 4367 4369 
research 4 4620 4621 4622 4623 
framework 21 4427 4429 5270 5271 6427 4486 4487 4488 4489 4490 4624 4651 5755 5756 4656 5578 5579 4674 4675 4676 4677 
process 39 4185 4199 4200 4201 4216 4217 4330 4331 4332 4333 4334 4335 4336 19775 6325 6326 6327 4442 4443 4444 4445 4446 4520 15749 15750 4556 4557 4558 4611 4612 4626 4627 4628 4629 4651 4652 4653 4654 4655 
integrated 10 4391 4392 4447 4448 4505 4624 4674 4675 4676 4677 
plates 4 4238 5531 5532 5533 
discrete 3 4458 4459 4460 
industrial 26 4280 5061 5062 4312 4313 4314 5220 5855 4372 4838 4451 5070 5071 5072 4480 4481 4491 4575 4576 4577 4578 4615 4616 4617 4619 6340 
smelter 3 4637 4638 4639 
chain 13 4229 4302 4303 4305 6465 4371 4372 4373 4374 4476 4477 4478 4479 
relational 2 4447 4448 
cloud 6 13696 4318 4319 4585 7221 7222 
fpga-based 5 4343 4344 4345 4346 4347 
fractal 2 4375 4376 
improving 4 4626 4627 4628 4629 
based 28 4299 9630 9631 9632 4418 4419 4420 4425 4427 6562 4486 4487 4488 4489 4490 4520 15749 15750 4557 4558 6330 6331 4570 4571 4573 4574 4611 4612 
orthographic 4 4557 4558 6330 6331 
shop 5 4316 4317 4509 4510 4511 
users 2 4204 14176 
beliefs 3 4312 5220 5221 
transaction 5 17766 18556 18557 18558 18244 
solutions 1 4505 
undo 2 4285 4286 
functional 5 4463 4464 4587 4588 4589 
raising 3 4556 4557 4558 
churn 3 4336 18259 18260 
remote 2 4401 4402 
rotational 3 4553 4554 4555 
impact 3 4204 13696 14773 
function 4 4674 4675 4676 4677 
scheduling 23 4186 4187 4188 4189 4190 4246 4247 4248 4249 4252 4253 4254 4255 4282 4283 4284 4367 4778 4391 4392 4585 7221 7222 
semiconductor 6 4418 4420 6048 6049 4447 4448 
tools 4 4287 4288 4289 4290 
annex 2 4600 4601 
algorithms 7 4480 4481 17766 18556 18557 18558 18244 
shoe 1 4540 
linked 6 4296 4297 4298 4299 4300 4301 
metadata 4 4579 4580 4581 4582 
systems 50 4242 4243 4244 4246 4247 4248 4249 4312 4313 4314 5220 5855 4324 4325 4326 4352 4372 4838 4401 4402 4418 4419 4420 4451 5070 5071 5072 4458 4459 4460 4476 4477 4478 4479 4486 4487 4488 4489 4490 4491 4518 4519 4520 17766 18556 18557 18558 18244 4672 4673 
bearings 3 4236 4237 4238 
enterprise 13 4334 4335 4336 4375 4376 4396 4590 4591 4592 4593 4651 5755 5756 
decision-making 6 4651 5755 5756 4663 4664 4665 
shape 3 4233 4234 4235 
modelling 9 4427 4429 5270 5271 6092 4491 4520 5359 5360 
bi-objective 2 4666 4667 
workbenches 5 4615 4616 4617 4619 6340 
cognitive 3 4313 6272 6273 
market 4 4620 4621 4622 4623 
environment 4 4591 4592 4593 4624 
feature-aligned 4 4419 6198 6199 6200 
hiding 4 4371 4372 4373 4374 
representation 8 4203 4204 4205 4280 5061 5062 4471 4472 
company 2 4375 4376 
policy 2 4433 4434 
management 35 4209 4210 4211 4280 4281 4334 4335 4336 4371 4372 4373 4374 4442 4443 4444 4445 4446 4521 4522 4596 4597 4598 4599 4611 5345 4624 15646 15645 4651 4652 4653 4654 4655 4672 4673 
efficient 7 4437 4438 4439 4440 4441 4471 4472 
bidding 3 4282 4283 4284 
repetition 4 5925 14633 14634 14635 
generic 4 4451 5070 5071 5072 
paper 4 4529 4530 4531 4532 
agents 1 4492 
behaviour 1 4229 
analytical 5 4632 4633 4634 4635 4636 
multilevel 1 4590 
solution 1 4396 
evaluation 27 4226 4227 4228 5221 16628 4466 4467 4468 4469 4470 4471 4472 4540 4583 4584 4585 4586 18243 18276 15646 15645 15866 4632 4633 4634 4635 4636 
fit 4 4419 6198 6199 6200 
sharing 5 4497 4498 4499 4500 4501 
interactive 8 4615 4616 4617 4618 4619 4656 5578 5579 
order 2 4367 4778 
unsorted 2 4318 4319 
rule 6 4371 4372 4373 4374 18243 18276 
making 3 4656 4657 4658 
short-series 4 4246 4247 4248 4249 
acceptance 2 4367 4778 
profit 3 4336 18259 18260 
pressure 4 5925 14633 14634 14635 
error 4 4544 4545 4546 4547 
definition 9 4367 4369 4587 4588 4589 4659 4660 4661 4662 
vision 10 4236 4237 4238 5531 5532 5533 4529 4530 4531 4532 
tacit 3 4203 4204 4205 
chains 3 4464 5973 5974 
gesture 6 4425 4426 4427 4428 4429 6562 
strategy 8 4418 4419 4420 4433 4434 15646 15645 15866 
tasks 8 4242 4243 4244 4391 4392 4637 4638 4639 
women 1 13696 
soft 2 4416 4417 
technologies 5 4302 4303 4304 4305 4306 
multi-agent 6 4229 4416 4417 4509 4510 4511 
multimedia 4 4575 4576 4577 4578 
maps 3 4313 6272 6273 
applied 13 4391 5571 5572 5573 5574 4451 5070 5071 5072 4659 4660 4661 4662 
specification 4 4330 4331 4332 4333 
industries 3 4355 4356 4357 
cluster 4 4287 4288 4289 4290 
architectural 3 4425 4427 6562 
reconstruction 4 4557 4558 6330 6331 
negative 4 4335 4336 19775 6325 
cape-mode 3 4591 4592 4593 
user 2 4559 4560 
