<Keyword> <No of vertices> <vertex1> <vertex2> .... <vertexN> 
microkernel 3 12602 12603 12604 
robots 1 12870 
using 27 12384 12385 12386 12554 12555 12556 12557 12560 12561 12562 12563 12564 12740 12741 12742 12798 12799 12800 12801 12802 12803 12973 12974 12975 12976 12977 12978 
fv 2 12927 12928 
workflows 8 12464 12465 12466 13045 13046 13047 13048 13049 
awareness 3 12872 12873 12874 
accounting 9 12554 12555 12556 12557 12831 12832 12833 12834 12835 
wavelet 2 12694 12695 
seamless 7 12516 12517 12518 12519 12520 12521 12522 
lambda 6 12681 12682 12683 12684 12685 12686 
ausplots 4 12991 12992 12993 12994 
semantics 2 12807 12808 
materials 9 12335 12336 12337 12338 12339 12340 12341 12342 12343 
search 2 12699 12700 
schooling 1 12334 
movement 1 12334 
role 8 13035 13036 13037 13038 13039 13040 13041 13042 
sorting 1 12868 
harmonic 3 12615 12616 12617 
objects 3 12815 12816 12817 
intelligence 3 12740 12741 12742 
e-social 4 13068 13069 13070 13071 
webmathematica 2 12469 12470 
monitoring 10 12798 12799 12800 12801 12802 12803 12991 12992 12993 12994 
moving 4 13068 13069 13070 13071 
texture 3 12815 12816 12817 
optimization 5 12938 13013 13014 13015 13016 
rigid 3 12464 12465 12466 
image 6 12376 12377 12378 12579 12580 12581 
multiresolution 3 12524 12525 12526 
effects 1 12858 
gis 6 12798 12799 12800 12801 12802 12803 
transonic 2 12927 12928 
conditions 3 12615 12616 12617 
project 3 12747 12752 12861 
biological 1 12417 
european 1 12388 
provisioner 3 12740 12741 12742 
fixed-point 1 12514 
automata 4 12568 12569 12570 12571 
recurrences 1 12814 
view 3 12973 12974 12975 
components 3 12731 12732 12733 
bioinformatics 6 12302 12303 12304 12305 12306 12307 
artificial 9 12815 12816 12817 12821 12822 12823 12824 12855 12856 
discovery 3 12549 12550 12818 
array 4 12627 12628 12629 12630 
dynamic 17 12475 12492 12493 12494 12638 12639 12640 12641 12702 12703 12704 12705 12706 12707 12804 12805 12806 
classifications 1 12751 
knowledge 11 12781 12820 12954 12955 12956 12957 12973 12974 12975 13043 13044 
raise 3 13032 13033 13034 
communications 1 12463 
behavior 6 12585 12586 12587 12588 12777 12778 
comparing 5 13045 13046 13047 13048 13049 
oil 6 12798 12799 12800 12801 12802 12803 
programming 5 12473 12474 12999 13000 13001 
experiments 5 12560 12561 12562 12563 12564 
ariane 4 12954 12955 12956 12957 
map 2 13043 13044 
turbulent 2 12927 12928 
dual-level 3 12492 12493 12494 
relationships 2 12783 12784 
mathematica 2 12469 12470 
clouds 2 12389 12390 
weekly 5 12663 12664 12665 12666 12667 
workload 6 12702 12703 12704 12705 12706 12707 
linear 3 12642 12643 12644 
model-oriented 3 13032 13033 13034 
detecting 3 12828 12829 12830 
virtualization 3 12872 12873 12874 
web 13 12781 12798 12799 12800 12801 12802 12803 12871 13045 13046 13047 13048 13049 
join 5 13050 13051 13052 13053 13054 
solving 7 12734 12735 12736 12737 12738 12739 12938 
standards 2 12449 12450 
analyze 4 12954 12955 12956 12957 
independent 1 12514 
javelin 4 12391 12392 12393 12394 
mipeg 2 12971 12972 
predict 4 12554 12555 12556 12557 
base 1 12820 
volume 3 12524 12525 12526 
library 3 12579 12580 12581 
multiprocessor 5 12452 12558 12559 12858 12868 
es 1 12620 
backpropagation 2 12855 12856 
methods 13 12524 12525 12526 12825 12828 12829 12830 12962 12963 12964 13032 13033 13034 
lightpaths 3 13042 13668 13669 
supernode 2 12849 12850 
computational 15 12406 12407 12408 12417 12495 12496 12568 12569 12570 12571 12625 12626 12642 12643 12644 
pdg 3 12999 13000 13001 
high-speed 5 12831 12832 12833 12834 12835 
distributed 12 12452 12491 12751 12859 12860 12929 12930 12931 13063 13064 13065 13066 
snoop-cached 1 12858 
architecture 27 12286 12287 12288 12302 12303 12304 12305 12306 12307 12374 12375 12422 12423 12424 12482 12483 12484 12485 12868 12897 12898 12939 12940 12941 12942 12943 12944 
policies 2 12389 12390 
software 10 12409 12620 12861 12870 12976 12977 12978 13032 13033 13034 
medical 8 12482 12483 12484 12485 12585 12586 12587 12588 
component 4 12514 12973 12974 12975 
jacobi-davidson-type 1 12285 
heuristics 4 12638 12639 12640 12641 
sdi 1 12870 
rdf 2 12836 12837 
processing 2 12634 12635 
perspective 4 12388 12422 12423 12424 
rarefied 2 12495 12496 
vdm 3 13032 13033 13034 
motion 1 13063 
brighter 2 12783 12784 
iec 2 12897 12898 
key 6 12492 12493 12494 13064 13065 13066 
accessibility 7 12516 12517 12518 12519 12520 12521 12522 
processes 3 12751 12995 12996 
automatic 3 12828 12829 12830 
environments 7 12422 12423 12424 12464 12465 12466 12937 
horticulture 2 12600 12601 
code 5 12876 12877 12878 12927 12928 
integrating 3 12872 12873 12874 
ontology 3 12542 16460 16461 
investigations 3 12828 12829 12830 
detection 6 12798 12799 12800 12801 12802 12803 
multiprocessors 2 12859 12860 
cm 2 12495 12496 
items 2 12549 12550 
delivering 1 12752 
educational 1 12861 
example 4 12917 12918 12919 12920 
amp 4 12820 13032 13033 13034 
internet 5 12391 12392 12393 12394 12871 
governance 3 12422 12423 12424 
heterogeneous 8 12389 12390 12464 12465 12466 12813 12897 12898 
mobile 4 12621 12622 12623 12624 
reflection 2 12471 12472 
membership 4 12621 12622 12623 12624 
set 2 13043 13044 
horse 3 12370 12371 12372 
object-centered 2 12471 12472 
scientists 5 13045 13046 13047 13048 13049 
hyper-graph 2 13043 13044 
analysis 9 12404 12405 12514 12549 12550 13170 13171 12694 12695 
simulation 6 12859 12860 12871 12995 12996 13063 
barter 2 12783 12784 
atomic 1 12751 
out-of-order 3 12642 12643 12644 
wireless 4 12482 12483 12484 12485 
fuzzy 1 12751 
experience 2 12558 12559 
harmonizing 3 12973 12974 12975 
swig 1 12409 
reconfigurable 5 12540 12541 12542 12855 12856 
sites 5 12560 12561 12562 12563 12564 
parallel 43 12391 12392 12393 12394 12473 12474 12625 12626 12673 12674 12675 12694 12695 12772 12773 12774 12775 12776 12777 12778 12876 12877 12878 12901 12902 12903 12917 12918 12919 12920 12929 12930 12931 12938 12999 13000 13001 13050 13051 13052 13053 13054 13063 
speed 2 12826 12827 
uniform 1 12814 
communication 6 12492 12493 12494 12751 12849 12850 
semantic 5 12389 12390 12422 12423 12424 
iterative 5 12777 12778 12929 12930 12931 
vulnerabilities 2 12897 12898 
transformation 2 12473 12474 
memory 3 12452 12859 12860 
methodology 1 12620 
ai 2 12870 12932 
backbones--a 1 12938 
nuclear 1 12870 
mission 5 12926 12954 12955 12956 12957 
feedforward 2 12855 12856 
cooperative 4 12672 12673 12674 12675 
approach 20 12399 12400 12491 12731 12732 12733 12836 12837 12887 12888 12939 12940 12941 12942 12943 12944 13059 13060 13061 13062 
numerical 1 12825 
arrays 1 12814 
meager 2 12399 12400 
nonlinear 1 12285 
multiset 2 12473 12474 
jobs 4 12554 12555 12556 12557 
inference 2 12471 12472 
reusable 3 12973 12974 12975 
determine 2 12777 12778 
spp 4 12486 12487 12488 12489 
neural 3 12514 12855 12856 
sensor 4 12482 12483 12484 12485 
operation 7 12410 12411 12412 12413 12414 12433 12434 
visualization 4 12524 12525 12526 12825 
help 1 12584 
replication 3 12804 12805 12806 
minimizing 4 13059 13060 13061 13062 
oriented 3 12286 12287 12288 
guarantees 9 12908 12909 12910 12911 12912 12913 12914 12915 12916 
simulations 5 12417 12838 12839 12840 12841 
federated 5 12560 12561 12562 12563 12564 
fully 3 12929 12930 12931 
bbs 4 12449 12450 12849 12850 
convex 4 12486 12487 12488 12489 
non-reserved 4 12638 12639 12640 12641 
programs 3 12999 13000 13001 
element 3 12976 12977 12978 
creating 6 12540 12541 12542 13073 13074 13075 
services 14 12908 12909 12910 12911 12912 12913 12914 12915 12916 13045 13046 13047 13048 13049 
structure 5 12406 12407 12408 12866 12867 
support 8 12286 12287 12288 12772 12773 12774 12775 12776 
ecological 4 12991 12992 12993 12994 
searching 1 12938 
adaptive 10 12404 12405 12540 12541 12542 12694 12695 12740 12741 12742 
charging 5 12831 12832 12833 12834 12835 
job 1 12813 
powerful 1 12932 
distribution 3 12493 12536 12537 
geometry 7 12516 12517 12518 12519 12520 12521 12522 
gas 2 12495 12496 
traffic 2 12404 12405 
decisions 3 12973 12974 12975 
motility 1 12432 
expert 8 12396 12410 12411 12412 12413 12414 12620 12932 
virtual 17 12516 12517 12518 12519 12520 12521 12522 12560 12561 12562 12563 12564 12740 12741 12742 12752 12771 
satellite 1 12396 
experiences 1 12861 
hardware 6 12370 12371 12372 12540 12541 12542 
development 15 12620 12642 12643 12644 13032 13033 13034 13035 13036 13037 13038 13039 13040 13041 13042 
segments 2 12625 12626 
addressing 2 12328 12329 
mammographic 3 12376 12377 12378 
space 5 12486 12487 12488 12489 12926 
decision 3 12286 12287 12288 
algorithm 5 12452 12726 12727 12751 12938 
achievements 1 12820 
tests 2 12849 12850 
home-based 3 12673 12674 12675 
dependable 3 12612 12613 12614 
published 5 13045 13046 13047 13048 13049 
probabilistic 3 12473 12474 12751 
immune 7 12815 12816 12817 12821 12822 12823 12824 
simultaneous 1 12751 
schemes 3 12384 12385 12386 
se-tc 1 12396 
process-level 3 12999 13000 13001 
middleware 5 12971 12972 12976 12977 12978 
loosely 6 12939 12940 12941 12942 12943 12944 
expressive 1 12397 
enhancement 6 12384 12385 12386 12901 12902 12903 
frequent 2 12549 12550 
supercomputing 9 12335 12336 12337 12338 12339 12340 12341 12342 12343 
vrml 2 12752 12861 
java-based 5 13050 13051 13052 13053 13054 
classification 3 12376 12377 12378 
wikipedia 3 12881 12882 12883 
improvement 3 12384 12385 12386 
subsift 5 13045 13046 13047 13048 13049 
method 1 12285 
efficiency 2 12849 12850 
capabilities 9 12335 12336 12337 12338 12339 12340 12341 12342 12343 
earth 4 12486 12487 12488 12489 
porting 2 12558 12559 
matchmaking 2 12389 12390 
design 8 12602 12603 12604 12726 12727 12740 12741 12742 
hyo-xtm 2 13043 13044 
dirichlet 3 12615 12616 12617 
technology 10 12335 12336 12337 12338 12339 12340 12341 12342 12343 12870 
cause 3 12493 12536 12537 
individual 1 12334 
atos 1 12926 
disk 6 12726 12727 13059 13060 13061 13062 
integrity 2 12634 12635 
authorization 2 12887 12888 
study 6 12615 12616 12617 12771 12859 12860 
computing 23 12328 12329 12391 12392 12393 12394 12463 12612 12613 12614 12772 12773 12774 12775 12776 12872 12873 12874 12876 12877 12878 12927 12928 
caused 5 12663 12664 12665 12666 12667 
directions 2 12897 12898 
partition 9 12493 12536 12537 12702 12703 12704 12705 12706 12707 
value 2 12979 12980 
apa-vmp 3 12740 12741 12742 
sla 9 12908 12909 12910 12911 12912 12913 12914 12915 12916 
applications 46 12365 12366 12465 12466 12937 12475 12486 12487 12488 12489 12516 12517 12518 12519 12520 12521 12522 12673 12674 12675 12681 12682 12683 12684 12685 12686 12702 12703 12704 12705 12706 12707 12777 12778 12872 12873 12874 12876 12877 12878 12901 12902 12903 12929 12930 12931 
biomedical 6 12734 12735 12736 12737 12738 12739 
astrophysical 3 12876 12877 12878 
parallelism 3 12397 12433 12434 
mesh 2 12495 12496 
combining 2 12826 12827 
argument 4 12756 12757 12758 12759 
challenges 3 12417 12897 12898 
off-processor 1 12379 
flat 4 12549 12550 13170 13171 
momi-connection 4 12917 12918 12919 12920 
meiko 5 12876 12877 12878 12927 12928 
spill 6 12798 12799 12800 12801 12802 12803 
assist 1 12584 
machine 9 12495 12496 12627 12628 12629 12630 12740 12741 12742 
embedded 8 12540 12541 12542 12932 13068 13069 13070 13071 
corba 3 12976 12977 12978 
solver 1 12861 
forming 2 12995 12996 
clusters 12 12618 12619 12731 12732 12733 12813 12859 12860 13013 13014 13015 13016 
overlay 1 12818 
issues 2 12328 12329 
executing 3 12929 12930 12931 
mach 2 12558 12559 
hybrid 1 12432 
orthogonal 1 12514 
noos 2 12471 12472 
mining 4 12585 12586 12587 12588 
projection 1 12285 
biosim--a 6 12734 12735 12736 12737 12738 12739 
security 9 12328 12329 12384 12385 12386 12389 12390 12897 12898 
requirements 3 12388 12897 12898 
network 1 12818 
online 4 12464 12465 12466 12937 
paths 1 12922 
rate 2 12404 12405 
gsib 1 12475 
scalable 4 12374 12375 12887 12888 
telecom 1 12396 
path 3 12615 12616 12617 
grid 31 12465 12466 12937 12475 12492 12493 12494 12536 12537 12554 12555 12556 12557 12638 12639 12640 12641 12672 12681 12682 12683 12684 12685 12686 12887 12888 13050 13051 13052 13053 13054 
arms 1 12870 
large-eddy 4 12838 12839 12840 12841 
swarm 3 12740 12741 12742 
tuning 6 12702 12703 12704 12705 12706 12707 
abstract 3 12602 12603 12604 
application 15 12410 12411 12412 12413 12414 12602 12603 12604 12798 12799 12800 12801 12802 12803 13063 
reuse 2 12625 12626 
task 3 12493 12536 12537 
multi-component 3 12901 12902 12903 
contention 4 13059 13060 13061 13062 
resource 16 12491 12554 12555 12556 12557 12638 12639 12640 12641 12702 12703 12704 12705 12706 12707 12818 
list 1 12452 
problem 10 12395 12399 12400 12734 12735 12736 12737 12738 12739 12861 
pervasive 2 12971 12972 
multi-cluster 3 12464 12465 12466 
delay-sensitive 3 12872 12873 12874 
section 3 13042 13668 13669 
human 3 12881 12882 12883 
environmental 3 12286 12287 12288 
implementation 16 12627 12628 12629 12630 12740 12741 12742 12849 12850 12927 12928 13050 13051 13052 13053 13054 
scientific 1 12409 
merging 1 12868 
rating 2 12399 12400 
smart 3 12384 12385 12386 
energy 8 12549 12550 13170 13171 13013 13014 13015 13016 
intelligent 7 12584 12600 12601 12821 12822 12823 12824 
qos 3 12872 12873 12874 
voronoi 2 12365 12366 
power-aware 3 12740 12741 12742 
collaborative 8 12399 12400 12681 12682 12683 12684 12685 12686 
non-trusted 3 13064 13065 13066 
visualizing 3 12881 12882 12883 
optimal 6 12493 12536 12537 13073 13074 13075 
flow 4 12495 12496 12777 12778 
production 2 12600 12601 
practices 4 12585 12586 12587 12588 
decomposition 2 12979 12980 
concurrent 3 12999 13000 13001 
synergistic 3 12731 12732 12733 
asynchronous 3 12929 12930 12931 
procrustes 1 12395 
volatile 3 12929 12930 12931 
continuum 1 12432 
predicate-ordered 1 12781 
consistency 4 12621 12622 12623 12624 
constraints 5 12634 12635 12973 12974 12975 
worms 3 12828 12829 12830 
high-performance 2 12463 12938 
reordering 2 12433 12434 
log 2 12807 12808 
astronomy 3 12579 12580 12581 
structures 1 12858 
content 1 12752 
models 9 12334 12549 12550 13170 13171 12724 12973 12974 12975 
kernels 3 12642 12643 12644 
chorus 6 12939 12940 12941 12942 12943 12944 
deblocking 2 12433 12434 
globus 2 12887 12888 
complex 4 12627 12628 12629 12630 
common 3 12493 12536 12537 
simple 5 12334 12756 12757 12758 12759 
events 2 12618 12619 
smoothing 2 12399 12400 
data 39 12516 12517 12518 12519 12520 12521 12522 12524 12525 12526 12579 12580 12581 12625 12626 12681 12682 12683 12684 12685 12686 12804 12805 12806 12820 12866 12867 12954 12955 12956 12957 12991 12992 12993 12994 13068 13069 13070 13071 
use 2 12818 12861 
collection 4 12991 12992 12993 12994 
digital 3 12579 12580 12581 
trojan 3 12370 12371 12372 
utilization 6 12702 12703 12704 12705 12706 12707 
commutator-free 3 12962 12963 12964 
furnace 5 12410 12411 12412 12413 12414 
crisis 3 12286 12287 12288 
healing 4 12482 12483 12484 12485 
machine-learning 2 12836 12837 
ability 4 12568 12569 12570 12571 
direct 10 12302 12303 12304 12305 12306 12307 12838 12839 12840 12841 
scripting 1 12409 
fortran 3 12876 12877 12878 
replicated 2 12625 12626 
matrix 1 12868 
ai-based 1 12926 
learning 3 12815 12816 12817 
factor 6 12702 12703 12704 12705 12706 12707 
fault 3 12929 12930 12931 
singular 2 12979 12980 
coma 4 12756 12757 12758 12759 
selection 4 12638 12639 12640 12641 
works 5 13045 13046 13047 13048 13049 
field 4 12991 12992 12993 12994 
assignment 4 13059 13060 13061 13062 
challenge 4 12406 12407 12408 12825 
modeling 3 12404 12405 12724 
epidemics 4 12549 12550 13170 13171 
debugger 3 12999 13000 13001 
decentralized 3 12929 12930 12931 
rangelands 4 12991 12992 12993 12994 
infrastructure 7 12475 12971 12972 12991 12992 12993 12994 
respect 2 12995 12996 
world 1 12752 
publishing 3 12579 12580 12581 
optical 4 12917 12918 12919 12920 
recording 2 12777 12778 
grids 10 12625 12626 12804 12805 12806 12901 12902 12903 12971 12972 
portable 5 12772 12773 12774 12775 12776 
centre 1 12396 
finite 3 12976 12977 12978 
chimp 5 12772 12773 12774 12775 12776 
science 18 12335 12336 12337 12338 12339 12340 12341 12342 12343 12417 12486 12487 12488 12489 13068 13069 13070 13071 
architectures 3 12929 12930 12931 
pse 1 12475 
exploiting 2 12433 12434 
practical 2 12549 12550 
metal 2 12995 12996 
matrices 2 12979 12980 
metrics 3 12542 16460 16461 
cars 5 12663 12664 12665 12666 12667 
electricity 5 12663 12664 12665 12666 12667 
macromolecules 1 12417 
deductive 2 12634 12635 
delft 4 12917 12918 12919 12920 
demand 5 12663 12664 12665 12666 12667 
shared 2 12859 12860 
networks 17 12482 12483 12484 12485 12549 12550 12621 12622 12623 12624 12831 12832 12833 12834 12835 12855 12856 
cellular 4 12568 12569 12570 12571 
control 7 12396 12406 12407 12408 12672 12777 12778 
text 3 12376 12377 12378 
usb-based 3 12370 12371 12372 
sparc 2 12374 12375 
electric 5 12663 12664 12665 12666 12667 
multi-domain 6 12681 12682 12683 12684 12685 12686 
agriculture 2 12600 12601 
xml 2 13043 13044 
unstructured 4 12495 12496 12699 12700 
workflow 3 12465 12466 12937 
cost 4 12549 12550 13170 13171 
sweep 3 12901 12902 12903 
logic 1 12781 
workstation 1 13063 
size 1 12814 
partitioned 4 13059 13060 13061 13062 
comparative 3 12615 12616 12617 
service-oriented 1 12475 
jacep 3 12929 12930 12931 
case 1 12771 
cell-vertex 2 12927 12928 
rp 2 12558 12559 
model 5 12432 12821 12822 12823 12824 
sub 1 12395 
profiling 5 13045 13046 13047 13048 13049 
massively 5 13050 13051 13052 13053 13054 
large-scale 5 12558 12559 12881 12882 12883 
turbulence 4 12838 12839 12840 12841 
engineering 8 12516 12517 12518 12519 12520 12521 12522 12620 
peer-to-peer 7 12549 12550 12612 12613 12614 12783 12784 
hpcn 1 12388 
tolerant 3 12929 12930 12931 
performance 15 12449 12450 12452 12627 12628 12629 12630 12858 12901 12902 12903 13013 13014 13015 13016 
allocation 1 12491 
real-time 1 13063 
procos 3 13032 13033 13034 
multiple 7 12901 12902 12903 13013 13014 13015 13016 
neumann 3 12615 12616 12617 
animal 1 12724 
functions 3 12615 12616 12617 
protocol 2 12404 12405 
ncsa 3 12579 12580 12581 
systolic 4 12627 12628 12629 12630 
logical-time-based 1 12491 
extended 3 12602 12603 12604 
cloud-integrated 6 12798 12799 12800 12801 12802 12803 
sdem 1 12620 
exploit 6 12302 12303 12304 12305 12306 12307 
ordered 1 12751 
authentication 3 12384 12385 12386 
service 6 12286 12287 12288 12493 12536 12537 
device 3 12370 12371 12372 
coupled 6 12939 12940 12941 12942 12943 12944 
usage 4 12554 12555 12556 12557 
server 4 13013 13014 13015 13016 
scan 1 12922 
operations 4 12868 12926 13043 13044 
high 2 12826 12827 
historical 4 12554 12555 12556 12557 
transformations 3 12973 12974 12975 
unix 6 12939 12940 12941 12942 12943 12944 
serial 2 12449 12450 
some-bus 1 12868 
automated 1 12409 
surface 6 12876 12877 12878 12922 12927 12928 
entangled 4 12330 12331 12332 12333 
risks 2 12783 12784 
test 2 12449 12450 
indexing 3 12376 12377 12378 
mechanism 4 13013 13014 13015 13016 
character-based 6 12734 12735 12736 12737 12738 12739 
many-core 6 12302 12303 12304 12305 12306 12307 
shop-floor 3 12602 12603 12604 
time-varying 2 12979 12980 
hierarchical 10 12492 12493 12494 12524 12525 12526 12549 12550 13170 13171 
significance 7 12516 12517 12518 12519 12520 12521 12522 
simulating 1 12724 
tree 2 12866 12867 
grouping 1 12724 
file 4 13059 13060 13061 13062 
initial 4 12486 12487 12488 12489 
cooperation-oriented 4 13013 13014 13015 13016 
expectations 1 12820 
alleviate 2 12399 12400 
processor 6 12374 12375 12917 12918 12919 12920 
industry 1 12388 
phase-based 2 12777 12778 
groups 3 12492 12493 12494 
topic 2 13043 13044 
mimd-supercomputers 4 12917 12918 12919 12920 
strategies 5 12804 12805 12806 12849 12850 
information 9 12542 16460 16461 12554 12555 12556 12557 12600 12601 
platform 12 12602 12603 12604 12612 12613 12614 12798 12799 12800 12801 12802 12803 
mixed-parallel 3 12464 12465 12466 
problems 2 12285 12938 
privacy-protecting 2 12866 12867 
resource-management 1 12813 
biochemistry 1 12771 
gsp 3 12731 12732 12733 
flows 2 12927 12928 
decentralised 1 12491 
fgcs 1 12820 
planning 3 12615 12616 12617 
sar 6 12798 12799 12800 12801 12802 12803 
opiom 1 12379 
computation 4 13068 13069 13070 13071 
language 2 12471 12472 
tripod 1 12818 
approaches 9 12302 12303 12304 12305 12306 12307 12815 12816 12817 
ranking 2 12836 12837 
fault-tolerant 5 12560 12561 12562 12563 12564 
collaboration 3 12881 12882 12883 
archiving 3 12579 12580 12581 
complexity 3 12542 16460 16461 
link 4 12917 12918 12919 12920 
discrete-event 1 12871 
proportional-share 2 12726 12727 
secure 8 12482 12483 12484 12485 12492 12493 12494 12672 
mapping 1 12814 
retrieval 3 12376 12377 12378 
techniques 3 12540 12541 12542 
self-timed 4 12568 12569 12570 12571 
pul 5 12772 12773 12774 12775 12776 
hydrodynamic 3 12876 12877 12878 
sensing 6 12798 12799 12800 12801 12802 12803 
particle 2 12432 13063 
fine-grain 2 12433 12434 
transport 2 12404 12405 
eslea 8 13035 13036 13037 13038 13039 13040 13041 13042 
highly 2 12866 12867 
algebra 3 12642 12643 12644 
mpp-systems 2 12995 12996 
failures 3 12493 12536 12537 
switched 3 13042 13668 13669 
applying 5 12469 12470 12540 12541 12542 
meshes 2 12855 12856 
cache 3 12673 12674 12675 
shared-memory 2 12558 12559 
automation 3 12602 12603 12604 
superscalar 3 12642 12643 12644 
crystal 2 12365 12366 
cnes 1 12396 
kernel 2 12618 12619 
access 1 12672 
research 2 12897 12898 
framework 3 12422 12423 12424 
mix 6 12939 12940 12941 12942 12943 12944 
process 4 12585 12586 12587 12588 
combinatorial 1 12938 
databases 2 12634 12635 
recommender 2 12399 12400 
cloud 28 12328 12329 12330 12331 12332 12333 12422 12423 12424 12482 12483 12484 12485 12872 12873 12874 12908 12909 12910 12911 12912 12913 12914 12915 12916 13073 13074 13075 
tailoring 4 12621 12622 12623 12624 
myrinet 1 12379 
improving 3 12804 12805 12806 
based 15 12334 12376 12377 12378 12473 12474 12542 16460 16461 12897 12898 12954 12955 12956 12957 
cyber-physical 2 12897 12898 
lacos 3 13032 13033 13034 
arianexpert 4 12954 12955 12956 12957 
remote 9 12384 12385 12386 12798 12799 12800 12801 12802 12803 
multi-disciplinary 7 12516 12517 12518 12519 12520 12521 12522 
on-line 1 12584 
evlbi 8 13035 13036 13037 13038 13039 13040 13041 13042 
micro-organism 1 12432 
impact 9 12335 12336 12337 12338 12339 12340 12341 12342 12343 
scheduling 8 12452 12464 12465 12466 12937 12726 12727 12751 
tools 2 12859 12860 
grand 1 12417 
compromise 3 12370 12371 12372 
superjanet 1 12747 
profid 2 12549 12550 
survey 3 12804 12805 12806 
power 3 12397 12826 12827 
algorithms 3 12514 12826 12827 
polymorphic 3 12828 12829 12830 
cards 3 12384 12385 12386 
systems 31 12286 12287 12288 12399 12400 12452 12491 12549 12550 13170 13171 12600 12601 12620 12813 12826 12827 12872 12873 12874 12901 12902 12903 12932 13068 13069 13070 13071 13073 13074 13075 
connection 2 12495 12496 
bidding-based 4 12638 12639 12640 12641 
portal 6 12681 12682 12683 12684 12685 12686 
global 4 13068 13069 13070 13071 
symmetric 2 12859 12860 
data-intensive 6 12702 12703 12704 12705 12706 12707 
logging 2 12618 12619 
properties 2 12836 12837 
modelling 5 12663 12664 12665 12666 12667 
state-based 2 12699 12700 
bonfire 5 12560 12561 12562 12563 12564 
formal 3 13032 13033 13034 
similarity-based 4 12585 12586 12587 12588 
p-v 3 12929 12930 12931 
environment 19 12638 12639 12640 12641 12734 12735 12736 12737 12738 12739 12929 12930 12931 12999 13000 13001 13064 13065 13066 
batch 3 12901 12902 12903 
representation 3 12471 12472 12781 
program 3 12449 12450 12858 
images 6 12798 12799 12800 12801 12802 12803 
dlm 1 12932 
diagram 2 12365 12366 
management 16 12286 12287 12288 12422 12423 12424 12492 12493 12494 12600 12601 13043 13044 13064 13065 13066 
filter 2 12433 12434 
efficient 12 12625 12626 12634 12635 12642 12643 12644 12726 12727 12825 12826 12827 
alignment 1 12334 
blast 5 12410 12411 12412 12413 12414 
agents 7 12731 12732 12733 12821 12822 12823 12824 
behaviour 1 12334 
jimm 1 12861 
individual-based 1 12724 
recent 1 12825 
routines 3 12642 12643 12644 
evaluation 8 12452 12486 12487 12488 12489 12726 12727 12820 
parameter 3 12901 12902 12903 
sharing 2 12866 12867 
graph 2 12469 12470 
grape 3 12999 13000 13001 
implications 2 12849 12850 
fluids 4 12838 12839 12840 12841 
availability 3 12804 12805 12806 
marine 6 12798 12799 12800 12801 12802 12803 
aerospace 1 12388 
detect 3 12815 12816 12817 
vision 4 12627 12628 12629 12630 
strategy 2 12699 12700 
signatures 3 12828 12829 12830 
tasks 3 12464 12465 12466 
processors 3 12642 12643 12644 
publication 4 12991 12992 12993 12994 
eigenvalue 1 12285 
multi-agent 3 12540 12541 12542 
architectural 3 12973 12974 12975 
coloring 2 12469 12470 
cluster 5 12560 12561 12562 12563 12564 
special 3 13042 13668 13669 
reconstruction 1 12922 
group 9 12514 12621 12622 12623 12624 12751 12962 12963 12964 
user 3 12384 12385 12386 
lie 3 12962 12963 12964 
preservation 3 12406 12407 12408 
storage 7 12330 12331 12332 12333 13073 13074 13075 
