<Keyword> <No of vertices> <vertex1> <vertex2> .... <vertexN> 
envisioning 2 4111 4149 
nested 3 863 1594 1595 
weight-reducing 2 138 1225 
external 6 16194 16195 1409 17639 16196 16791 
desktop 5 10378 10379 10380 10381 10382 
advances 1 7185 
parts 5 4485 4111 5260 5261 4149 
managing 8 16501 3772 3770 3771 4485 18614 18762 18763 
taxonomical 4 4250 4241 6233 6234 
hose 4 4485 5257 5258 5259 
time 12 635 1434 247 1638 941 3770 4485 1369 940 4748 17510 19665 
materials 5 4966 5110 12696 12697 12698 
semantics 7 120 1406 986 287 958 94 819 
threads 3 120 1231 1232 
event 9 1406 7185 958 94 7184 12283 13584 13585 13586 
role 1 7801 
generation 4 16515 16516 1253 817 
intelligence 2 4483 5131 
organisational 6 16194 16195 5027 5028 16193 16196 
activeness 5 5044 5240 5241 5242 5243 
timed 5 286 216 1636 1637 705 
partial 2 121 1343 
evolution 4 4027 4024 4025 4026 
project 13 19884 19885 19886 3772 3770 4485 5886 5284 4748 3912 3913 5371 3885 
exponentially 1 306 
bin 3 635 1532 1533 
components 5 1518 4241 4239 4240 3630 
bioinformatics 6 11127 11128 7471 13671 13500 13672 
reconfiguration 4 16194 16195 16196 16791 
dynamic 16 16194 16195 5246 3917 5247 5248 4027 16196 16791 4024 4025 4026 5043 5044 5045 5240 
knowledge 20 4291 4292 4293 4250 5284 4251 4421 4422 4241 4111 3912 3913 5371 3885 4239 3630 4430 4431 4432 5603 
incorporating 1 5509 
carlo 5 7797 7799 7800 7801 7802 
product-centric 4 4485 5257 5258 5259 
interleaving 2 120 121 
net 3 958 94 959 
times 1 1362 
guidelines 2 4111 4149 
multi-head 3 248 247 249 
classes 6 714 287 1244 214 286 1548 
time-series 3 7185 7184 12283 
multi-mode 2 5508 6790 
keys 2 125 1075 
dissemination 5 4966 5110 12696 12697 12698 
prospects 3 19884 19885 19886 
indicators 4 5088 4292 4526 4527 
specifications 4 958 1251 7770 10257 
new 15 16501 16194 16195 16515 16516 16196 16791 4485 5260 5261 5321 3885 3882 15959 6370 
utility 1 7185 
sequence 2 120 121 
tile 3 5207 5208 5209 
base 4 16194 16195 16196 16791 
library 7 7473 7474 13500 13499 8577 13501 13502 
datalog 4 863 18495 18496 817 
guest 3 19799 19416 18191 
testing 2 399 398 
nondeterminism 2 714 943 
multiprocessor 2 635 1362 
discounting 2 15 207 
physical 7 8136 13552 5044 5240 5241 5242 5243 
computational 1 7801 
designing 4 3917 3914 3915 3916 
change 3 3883 15649 5500 
pdf 3 18010 18011 18012 
distributed 15 120 1406 10378 10379 10380 10381 10382 7185 121 958 94 7184 12283 3696 3697 
firms 2 16515 16516 
architecture 9 531 4027 9470 4025 5043 5044 5045 4245 5500 
qualification 1 6194 
software 5 4241 4239 4240 3630 5509 
heuristics 1 1409 
technological 4 16194 16195 16196 16791 
rdf 1 3887 
processing 2 120 121 
processes 30 1406 5088 4561 4250 5207 5208 5209 1566 1567 958 94 4421 4422 4241 959 1253 7770 1596 1548 4239 3630 4430 4431 4432 5507 5508 4524 5603 17318 6790 
flow-time 8 637 1362 1585 1586 1075 1414 1415 1416 
automatic 2 17510 19666 
multi-coloring 2 1554 1752 
code 2 120 121 
entrepreneurial 6 16194 16195 16614 16020 16021 16023 
bounds 6 835 399 1362 941 398 940 
active 3 4027 5044 5240 
behavioral 5 4526 4527 4528 5773 5774 
streams 4 7185 7184 12283 18191 
toolset 4 5507 5508 17318 6790 
extending 4 1553 1554 1555 1556 
heterogeneous 4 7185 8390 17510 19666 
remarks 2 863 893 
transitional 3 16194 16195 16614 
reconstructed 2 121 1343 
webflow 2 10166 10167 
analysis 19 1409 4250 9470 18499 18500 7797 7799 7800 7801 7802 8136 12879 4241 6233 6234 1596 18191 5371 3885 
education 1 7801 
life-cycle 1 3887 
business 10 5246 3917 5247 5248 3772 4485 6279 6280 5508 6790 
e-logistics 2 4111 4149 
par 2 416 868 
negation 3 18010 18613 18614 
proofs 3 1343 1341 1342 
dolev-yao 4 958 7770 1596 1548 
possible 1 817 
wireless 4 10382 13357 13358 13359 
fuzzy 8 4965 5109 4966 5110 3772 18010 18011 18012 
complementary 4 4431 5659 6488 6489 
statements 1 6194 
packing 5 635 835 836 1532 1533 
population 1 817 
recognizable 2 13 1518 
sites 6 18017 18018 18019 18020 18021 18022 
two-processor 2 635 399 
m-nets 1 1529 
layer 1 9470 
lba 2 714 1244 
semantic 5 1362 4526 1571 5773 5774 
vmes 3 4784 4783 4785 
theoretical 3 1553 1727 1728 
main 6 5246 19657 19658 19659 19660 19661 
extensional 1 1406 
remanufactured 3 4293 3859 4767 
kits 4 4485 5257 5258 5259 
attributes 3 18191 19921 17510 
assessment 6 5207 5208 5209 4526 5773 5774 
adding 4 4241 4239 4240 3630 
graphs 9 13 4250 203 4251 286 863 542 862 1556 
characterisation 1 5603 
generalized 3 1434 7311 1556 
set-partitioning 2 635 941 
jobs 5 10378 10379 10380 10381 10382 
confluent 3 138 812 1225 
telemedicine 8 4250 14225 14226 14371 14372 14373 14537 14538 
reusable 4 4241 4239 4240 3630 
formalization 4 4250 4421 4422 4241 
gauches 1 630 
sensor 4 10382 13357 13358 13359 
languages 16 248 416 13 1518 247 714 191 203 138 214 995 215 216 217 733 996 
rewrite 1 1518 
recognizability 2 13 203 
fostering 3 4291 4292 4293 
programmed 2 286 542 
oriented 5 120 4784 121 4783 4786 
mechanical 3 4292 4526 4527 
constructing 1 1343 
orientation 8 16194 16195 16614 16020 16021 16023 16193 16196 
support 29 3917 4293 8541 8587 8588 8589 8590 7185 3914 3915 3916 3859 4767 5284 4241 7184 8390 12283 13584 13585 13586 3912 3913 5371 3885 4239 4240 3630 5603 
searching 1 1556 
adaptive 4 7185 4025 8390 4245 
axiomatization 2 13 203 
health 2 8384 8386 
redundancy 4 4784 4783 4785 4786 
verification 4 4561 6194 4250 6541 
querying 5 8539 8541 8542 18191 817 
histograms 2 17510 19665 
virtual 5 5246 3917 5247 5248 5659 
contextual 3 897 94 95 
binary 6 1434 1871 1872 1874 399 398 
maturity 3 5207 5208 5209 
briques 4 416 630 631 1804 
space 3 1434 941 940 
build 1 6284 
decision 9 120 1231 1232 4241 138 4239 4240 3630 812 
statistical 6 7185 7184 12283 13584 13585 13586 
bicentres 4 416 630 631 1804 
revisiting 6 1406 1566 1567 94 1657 1658 
subscribe 2 8136 12879 
eacute 5 416 868 630 631 1804 
products 19 3772 4027 4292 4293 3770 4572 4485 5886 6279 6280 5044 5240 4526 4527 3859 4767 3883 15649 5500 
construction 3 13 4250 4251 
probabilistic 5 1406 1566 1567 835 1362 
note 4 714 1244 17510 19665 
analyse 3 3628 5493 5494 
editorial 2 3772 5804 
undefinedness 3 1343 1341 1342 
multi-solution 3 4526 5773 5774 
reasoning 6 4250 8539 8541 8542 4111 4110 
efficiency 4 1434 4485 4483 4484 
capabilities 4 16194 16195 16196 16791 
bisimulation 1 287 
dasdbs 3 19884 19885 19886 
manufacturing 21 4027 4784 4485 4024 4025 4026 5043 5044 5045 5240 4783 4785 4786 5257 5258 5259 5260 5261 5321 4245 4524 
scalability 4 4784 4783 4785 4786 
single 4 1362 1414 1415 1416 
misalignment 3 3859 4473 3628 
proposition 1 4524 
type 2 120 986 
algebraic 1 531 
teleexpertise 4 4250 14371 14372 14373 
pushdown-cd-systems 2 138 137 
related 3 1225 1224 1227 
procesors 3 863 18495 18496 
foundations 2 7815 7185 
family 1 5500 
plm 1 3887 
hyperedge 1 897 
experiment 3 3770 4485 4748 
applications 3 630 3887 817 
langages 5 416 868 630 631 1804 
congruence 2 138 812 
joins 3 17510 7311 1556 
enterprise-data 3 3770 4485 5744 
addendum 3 863 1594 1595 
locking 2 863 862 
means 1 5603 
amounts 2 714 943 
grelc 1 9470 
hybrid 7 1871 1872 1874 4485 5260 5261 5321 
conceptual 3 4526 5773 5774 
scale 6 18017 18018 18019 18020 18021 18022 
security 2 8577 8578 
path 2 1554 1752 
grammaires 3 416 630 631 
grid 12 11127 11128 7471 7473 7474 7475 7476 11650 11475 11476 8577 8578 
quantitative 1 5088 
algebras 1 1406 
relevant 5 4965 5109 4966 5110 3772 
innovation 16 16194 16195 16614 4291 4292 4293 16515 16516 16020 16021 16023 16193 16196 3883 15649 5500 
building 1 10639 
reuse 4 4250 4241 6233 6234 
political 2 16515 16516 
validation 1 6194 
geospatial 3 7185 7184 12283 
problem 11 4250 8391 8392 8393 714 4241 6233 6234 138 1244 476 
pervasive 3 7474 11475 11476 
concepts 2 4027 4784 
database 13 18017 18018 18019 18020 18021 18022 18192 17993 18191 863 18193 862 1226 
optimizing 1 12879 
environmental 4 16194 16195 16193 16196 
balanced 1 306 
sufficient-completeness 4 1225 1224 1226 1227 
objectives 3 19884 19885 19886 
implementation 5 4239 3630 4430 4431 4432 
preemptive 3 635 1152 1153 
scientific 7 8539 8541 8542 8587 8588 8589 8590 
locality 1 1406 
competitive 2 291 292 
step 4 3772 3770 4485 5886 
energy 5 4966 5110 12696 12697 12698 
axiomatizing 3 958 94 959 
rations 1 630 
syntactical 2 247 11713 
flow 6 635 958 1638 7770 1596 1548 
customer 3 4784 4783 4786 
iterated 2 630 1304 
power-based 4 3885 3882 3883 3884 
deployments 6 7185 8544 8545 8546 8547 8548 
feedback 4 4250 4421 4422 4241 
concurrent 6 863 893 6370 3887 6369 6371 
boolean 3 248 247 714 
goal-oriented 3 16020 16021 16023 
pipelined 5 8541 8587 8588 8589 8590 
elements 5 5207 5208 5209 138 1225 
supplier 4 3885 3882 3883 3884 
template 2 17510 19666 
consistency 3 8134 8135 8136 
admitting 2 863 862 
structures 3 286 1636 1637 
models 10 531 4293 6194 5207 5208 5209 3859 4767 5508 6790 
roles 7 16515 16516 4239 3630 4430 4431 4432 
ideation 4 5507 5508 17318 6790 
multi-behaviour 4 3695 3694 3696 3697 
complex 3 4526 5773 5774 
coordination 5 5207 5208 5209 3696 3697 
use 9 3628 3630 5353 4431 4524 5603 5659 6488 6489 
chase 2 18499 18500 
virtualized 4 4784 4783 4785 4786 
xpath 3 18010 18613 18614 
life 4 7471 13671 13500 13672 
syntactic 5 13 4250 14371 14372 14373 
stigmergic 3 4027 5044 5240 
revisited 2 1554 1752 
publish 2 8136 12879 
customization 2 6284 5500 
coalgebraically 3 94 1657 1658 
flexibilities 3 16194 16195 16614 
familles 2 416 868 
documents 3 18010 18011 18012 
learning 10 16194 16195 7185 16193 16196 7184 12283 13584 13585 13586 
material 5 4965 5109 4966 5110 3772 
situ 2 4111 4149 
assignment 4 4250 4241 6233 6234 
quad 1 125 
multiway 2 1409 1075 
writers 2 863 893 
decentralized 2 4483 5131 
rationell 1 416 
grids 11 7471 13671 13500 13672 10378 10379 10380 10381 10382 7815 7185 
hierarchies 3 248 247 249 
emergency 3 3883 15649 5500 
classically 2 121 1343 
computer-aided 1 5500 
science 5 7471 13671 13500 13672 7801 
architectures 3 3859 3860 4045 
values 3 863 1594 1595 
exploiting 7 4250 7185 4241 6233 6234 7184 12283 
practical 1 1409 
rectangles 3 635 835 836 
automating 3 8391 8392 8393 
fields 6 4027 4026 5043 5044 5045 5240 
china 3 16194 16195 16614 
demand 2 4111 4149 
control 17 120 19416 4027 121 1362 18192 4485 4025 5043 5044 5045 1571 5257 5258 5259 4245 1226 
schedules 5 635 636 637 1152 1153 
belief 4 4250 4241 6233 6234 
formalism 2 4111 4110 
condition 4 1406 958 94 5509 
spare 5 4485 4111 5260 5261 4149 
maintainability 3 4292 4526 4527 
extraction 8 16195 19630 19631 19632 941 940 17510 19666 
storing 3 8539 8541 8542 
cost 1 1226 
dbms 6 5246 19657 19658 19659 19660 19661 
enabler 1 3887 
case-based 2 4111 4110 
saves 3 635 1088 1089 
case 6 3770 4485 5744 5257 5258 5259 
innovative 5 4292 4526 3883 15649 5500 
early 2 7473 7474 
flux 5 7797 7799 7800 7801 7802 
packed 3 635 1532 1533 
lru 3 1553 1727 1728 
roadmap 4 3772 4485 6279 6280 
large-scale 3 7185 7184 7186 
additive 3 4485 5260 5261 
peer-to-peer 2 7815 7185 
cad 3 4293 5283 5284 
federation 2 7815 7185 
repository 3 5284 3912 3913 
performance 31 291 292 635 5088 7185 8136 12879 399 941 4526 4527 8390 8544 8545 8546 8547 8548 398 4528 5773 5774 3628 3630 3695 5493 5494 4524 5603 3694 3696 3697 
subsetting 3 7185 7184 7186 
protocol 13 4966 5110 12696 12697 12698 7473 7474 958 1251 7770 10257 863 862 
primitives 4 958 1251 7770 10257 
extended 4 635 4526 5773 5774 
deformation 1 13 
secrecy 4 958 7770 1596 1548 
general 4 3885 3882 15959 6370 
reference 3 4293 5283 5284 
tables 3 7185 7184 12283 
thue 2 138 1225 
effect 4 16194 16195 16196 16791 
authentication 4 958 1251 7770 10257 
ordered 2 138 995 
smes 3 6284 5508 6790 
trellis 3 287 214 286 
freight 2 4483 5131 
implementing 2 5027 5028 
gridftp 2 7473 7474 
high 2 7185 8390 
historical 3 18614 18762 18763 
transformations 2 13 15 
interoperable 1 5659 
erp 11 3628 4239 3630 3629 5353 4430 4431 4432 4097 4098 4099 
munificence 4 16194 16195 16193 16196 
ties 2 16515 16516 
mechanism 4 16194 16195 16196 16791 
graph-based 2 4250 4111 
contingent 4 16194 16195 16196 16791 
ccs 3 1406 958 94 
extensions 1 817 
uml 4 4431 5659 6488 6489 
chronological 3 7185 7184 12283 
avoid 3 3883 15649 5500 
equivalences 1 1406 
accepted 4 214 215 216 217 
tree 5 13 15 1518 216 705 
focus 2 3912 3913 
industry 7 16501 4561 4250 4251 3630 4524 6437 
continuous 4 4291 4292 4293 18191 
submodule 1 1226 
greedy 2 635 941 
operational 6 1406 958 94 3859 4473 3628 
geo-fencing 3 1871 1872 1874 
antecedents 3 16020 16021 16023 
planning 15 5207 5208 5209 3859 4473 3628 3630 3695 6370 4524 3694 3696 3697 6369 6371 
une 1 191 
combination 3 1871 1872 1874 
closure 6 248 746 747 247 714 1556 
approaches 4 4431 5659 6488 6489 
monoid 1 138 
bootstrap 5 7797 7799 7800 7801 7802 
complexity 8 1362 138 1571 476 1225 1224 1226 1227 
assembly 4 4485 5257 5258 5259 
secure 6 7815 7185 958 1251 7770 10257 
mapping 3 863 18495 18496 
retrieval 1 125 
techniques 12 18499 18500 18192 4241 17993 18191 863 18193 3630 5483 5484 5485 
multi-tier 6 7185 8544 8545 8546 8547 8548 
optimized 7 4027 5043 5044 5045 18191 19921 17510 
transport 2 4483 5131 
opm-compliant 3 8539 8541 8542 
capacity 1 4524 
in-tree 1 1362 
contingencies 4 16194 16195 16193 16196 
containers 5 5044 5240 5241 5242 5243 
automation 3 4025 5914 5915 
characteristics 3 7185 7184 12283 
bioinfomatics 5 7471 7473 7474 7475 7476 
kernel 2 286 542 
model-driven 5 5920 5921 5922 5923 5353 
framework 22 4250 6541 10166 10167 4526 4527 3859 8577 1596 4528 3860 3861 4045 3628 3885 8578 5493 5494 3882 15959 6370 5659 
process 18 1406 1558 232 5246 3917 5247 5248 4292 4293 4526 3859 4767 3912 3913 6370 4524 6369 6371 
inventories 3 3770 4485 4748 
discrete 6 7185 7184 12283 13584 13585 13586 
chain 14 6026 6027 3772 3770 4485 5886 5260 5261 4528 4738 3695 3694 3696 3697 
databases 7 8539 8541 8542 863 1594 1595 1226 
recommender 1 817 
improving 4 1434 4250 14225 14226 
finite-state 1 733 
enable 3 7185 7184 12283 
structural 7 5207 5208 5209 214 215 216 217 
usee 5 4966 5110 12696 12697 12698 
function 3 1553 1554 1555 
semiconductor 1 4524 
scheduling 21 635 4027 8136 13552 399 1088 1089 1362 4026 5043 5044 5045 5240 4241 1414 1415 1416 3630 5483 5484 5485 
mass 2 6284 5500 
stateless 4 247 1272 138 137 
survey 10 1529 3772 4572 4485 3628 3630 3629 4524 5603 817 
algorithms 7 635 7185 1638 8390 17510 1556 19665 
synchronous 2 120 121 
head 3 248 247 249 
metadata 4 8391 8392 8393 3887 
forests 2 13 15 
contradiction 2 4292 4526 
literature 3 3628 3630 3629 
enterprise 21 6026 6027 6194 4250 6541 5920 5921 5922 5923 3859 3860 3861 4473 3628 3630 5506 5507 5508 5509 5510 3887 
decision-making 1 5088 
strip 3 635 835 836 
stable 2 941 940 
picture 3 13 138 995 
formal 5 416 4250 6541 191 5500 
toolkits 1 10639 
prisma 6 5246 19657 19658 19659 19660 19661 
energy-aware 6 4027 4026 5043 5044 5045 5240 
parser 1 1556 
conradi 2 863 893 
item-centric 3 3770 4485 5744 
alignment 9 16195 7471 7473 7474 7475 7476 19630 19631 19632 
hyper 2 286 542 
issue 2 3628 3630 
state 5 248 247 249 4111 4149 
attribute 1 1548 
encoded 2 4250 4251 
solution 3 3772 3770 3771 
evaluation 3 4526 4527 4528 
implications 6 7185 8544 8545 8546 8547 8548 
finding 3 635 636 637 
epsilon 1 1556 
toolkit 5 7471 7473 7474 7475 7476 
making 2 4111 4149 
computations 8 635 247 958 94 1088 1089 11713 959 
croche 2 416 868 
evaluating 4 3917 3914 3915 3916 
problem-solving 1 10639 
potential 9 4027 4485 4026 5043 5044 5045 5240 4483 4484 
context-free 6 248 247 714 995 733 996 
tasks 1 1362 
multi-agent 4 4027 4024 4025 4026 
personalization 1 817 
equational 3 13 15 1518 
segmenting 1 817 
special 15 19799 19416 7471 7474 13671 13500 13672 11650 11475 11476 138 18191 3628 3630 812 
benefits 3 3770 4485 5744 
group 6 4965 5109 4966 5110 3772 138 
user 5 4239 3630 4430 4431 4432 
storage 3 7185 7184 12283 
using 30 4027 4250 7473 7474 18010 8539 8541 8542 7185 1362 4026 5043 5044 5045 5240 3859 4111 14371 14372 14373 7184 12283 13584 13585 13586 1571 3860 4045 4110 817 
predictions 1 635 
workflows 5 8541 8587 8588 8589 8590 
higher 1 1253 
covering 3 1343 1341 1342 
unbounded 3 286 1636 1637 
resourceomic 2 11127 11128 
free 1 138 
telecommunication 4 4250 14371 14372 14373 
search 11 1434 1409 1871 1872 1874 7185 7184 7186 1075 3696 3697 
e-commerce 2 5508 6790 
protein 6 18017 18018 18019 18020 18021 18022 
features 1 9470 
sustainability 2 3630 6437 
instant 4 5246 3917 5247 5248 
nondeterministic 3 1406 1566 1567 
limits 1 6284 
patterns 3 247 11713 817 
monitoring 4 3859 4473 3628 5509 
optimization 8 4241 3630 5483 5484 5485 6370 6369 6371 
number 4 635 306 1532 1533 
effects 4 4485 5257 5258 5259 
dependability 2 4111 4110 
provenance 7 8539 8541 8542 8587 8588 8589 8590 
projects 9 3859 4473 3628 3885 3882 3883 3884 15959 6370 
editor 1 18191 
explicit 5 120 4293 121 5283 5284 
automata 22 248 232 247 249 714 287 1272 138 1369 943 214 286 137 995 215 216 217 1636 1637 733 996 705 
binding 6 18017 18018 18019 18020 18021 18022 
discovery 1 817 
mechanisms 3 5207 5208 5209 
review 2 4483 5131 
introduction 3 19799 19416 18191 
idef 4 4431 5659 6488 6489 
aid 1 1343 
execution 6 4784 4783 4785 863 18495 18496 
ferm 2 416 868 
lru-k 3 1553 1727 1728 
current 7 3630 5506 5507 5508 5509 5510 3887 
relationships 2 5088 3887 
logistics 6 3770 4485 5744 4528 4738 3695 
checking 3 18499 18500 733 
metacomputing 7 10166 10167 10353 862 11827 11828 11829 
ahp 5 4965 5109 4966 5110 3772 
clustering 6 10382 7185 13357 13358 13359 8390 
clouds 8 8384 8386 7185 8544 8545 8546 8547 8548 
safe 2 4027 4784 
linear 5 248 247 714 17510 19665 
firm 3 16194 16195 16614 
formalisation 3 3630 4524 5603 
virtualization 3 4784 4783 4785 
web 17 8134 8135 8136 8391 8392 8393 10166 10167 10353 10639 12879 17510 862 19666 11827 11828 11829 
gain 3 18191 19921 17510 
solving 7 4250 8391 8392 8393 4241 6233 6234 
forever 1 817 
co-cfl 2 630 1304 
configuration 4 6370 5603 6369 6371 
et 4 416 868 630 631 
es 2 416 868 
grid-enabled 5 13500 13499 8577 13501 13502 
atmospheric 3 7185 7184 7186 
comments 2 863 893 
microprocessors 1 531 
methods 6 7185 7184 12283 13584 13585 13586 
dwell 3 3770 4485 4748 
holonic 8 4027 4784 4024 4025 4026 4783 4786 4245 
communicating 8 4965 5109 4966 5110 3772 12696 12697 12698 
set-up 5 4241 3630 5483 5484 5485 
versus 1 1558 
aware 3 4784 4783 4785 
splitting 2 399 398 
ground-reducibility 4 1225 1224 1226 1227 
tool-based 4 4485 5260 5261 5321 
future 5 19884 19885 19886 4111 4149 
rewriting 10 18499 18500 18010 138 286 476 1225 542 1224 1227 
key 6 5088 9470 10382 13357 13358 13359 
mda 3 4250 14225 14226 
db 6 5246 19657 19658 19659 19660 19661 
enhancing 2 5508 6790 
dimensional 2 7185 8390 
environments 4 8391 8392 8393 10639 
breakdown 4 1362 1414 1415 1416 
integrating 3 4250 14225 14226 
mergesort 1 17639 
haulier 3 4485 4483 4484 
detection 6 18192 17993 18191 863 18193 5509 
pushdown 3 120 1231 1232 
maximum 2 17510 19665 
better 7 3628 4239 3630 5353 4430 4431 4432 
similarity 7 16195 19630 19631 19632 17510 7311 1556 
queries 6 18010 7185 18613 18614 7184 12283 
diagnostics 1 5509 
internet 5 5044 5240 5241 5242 5243 
unbalanced 1 1409 
mobile 9 4250 12879 958 14371 14372 14373 1251 1252 1253 
does 1 817 
self-organization 4 4027 4024 4025 4026 
ict 13 4027 4784 4485 4483 4484 3630 5506 5507 5508 5509 5510 3887 6437 
datasets 3 7185 7184 7186 
in-bucket 3 1871 1872 1874 
routing 3 4027 5044 5240 
formes 3 416 630 631 
typed 2 121 1343 
analytic 3 7185 7184 12283 
multi-threading 2 120 121 
mes 4 4784 4783 4785 4786 
integration 14 6026 6027 4292 4526 4111 4528 4239 3630 4110 4738 3695 4430 4431 4432 
cylindre 1 630 
experience 5 4250 4251 4421 4422 4241 
types 2 1406 287 
grammars 4 416 191 1548 1556 
individuals 1 817 
alg 4 416 630 631 1804 
termination 2 18499 18500 
functionality 1 1556 
reidar 2 863 893 
parallel 13 5246 247 637 19657 19658 19659 19660 19661 11713 1585 1586 1075 1556 
requirement 1 4561 
uniform 5 4966 5110 12696 12697 12698 
society 2 8136 13552 
prediction 5 4603 4605 3883 15649 5500 
methodology 6 6026 6027 4293 5283 5284 5353 
memory 6 5246 19657 19658 19659 19660 19661 
biomedicine 4 7471 13671 13500 13672 
materialization 4 17993 17991 17992 17994 
multi-dimensional 1 9470 
e-science 3 8384 8386 11650 
approach 37 5027 5028 4965 5109 4966 5110 3772 4027 4291 4292 4293 4250 5920 5921 5922 5923 18010 3770 3771 4485 5044 5240 4526 3859 4421 4422 4241 18011 18012 5260 5261 5321 4473 3628 5508 3887 6790 
ad 4 10382 13357 13358 13359 
growth 3 16020 16021 16023 
manager 3 5284 5371 3885 
first-order 5 248 746 747 15 207 
trade-offs 5 10378 10379 10380 10381 10382 
implementations 3 4025 5914 5915 
sustainable 5 4027 4784 4293 3859 4767 
editors 2 19799 19416 
accommodating 3 1553 1554 1555 
paged 1 635 
transforming 1 1409 
lifecycle 4 4965 4966 3772 3887 
minimizing 7 635 637 1638 1585 1586 1075 1226 
concurrency 6 1406 19416 287 1362 18192 1571 
approximate 3 18010 18613 18614 
simulations 6 7185 7184 12283 13584 13585 13586 
activities 3 4528 4738 3695 
commercial 2 8384 8386 
climate-g 1 9470 
fully 2 287 819 
forgetting 3 995 733 996 
cavsimbase 6 18017 18018 18019 18020 18021 18022 
programs 2 120 817 
structure 5 125 120 1409 121 1343 
services 14 4250 5920 5923 7815 7185 3770 4485 14225 14226 9571 9572 9573 9574 5744 
op 1 630 
predictive 7 7185 7184 12283 13584 13585 13586 817 
chocs 1 1253 
flexible 7 4027 4026 5043 5044 5045 5240 5509 
agent-based 4 3772 3770 3771 4485 
composite 5 125 3772 3770 3771 4485 
novelty 1 5509 
infrastructure-as-a-service 6 7185 8544 8545 8546 8547 8548 
translatables 2 416 868 
delivery 4 3772 3770 4485 5886 
soa 3 4250 14225 14226 
optimisation 7 4239 3630 4430 4431 4432 4524 5603 
characterizations 7 248 746 747 214 215 216 217 
series 1 13 
meta-model 1 5603 
experiences 5 19884 19885 19886 7473 7474 
development 14 16501 16194 16195 16515 16516 16196 16791 1343 3885 3882 3883 3884 15959 6370 
interval 1 1558 
lr 1 1556 
cryptographic 4 958 7770 1596 1548 
gsms 2 630 1304 
algorithm 8 635 8136 13552 636 637 399 941 398 
mapreduce 9 7797 7799 7800 7801 7802 17993 17991 17992 17994 
hashing 3 1871 1872 1874 
unexpected 1 817 
solve 2 4292 4526 
equivalence 3 291 292 733 
appropriation 2 16515 16516 
closed 1 1558 
situation 1 5603 
null 3 863 1594 1595 
schemes 3 8134 8135 8136 
pages 2 17510 19666 
organisation 1 531 
sequences 1 1548 
ideal 5 635 636 637 1152 1153 
developments 2 4111 4149 
ontology-based 5 4250 4421 4422 4241 3887 
product 31 16501 16194 16195 4965 4966 3772 16515 16516 16196 16791 3770 3771 4485 4526 4527 5260 5261 5321 4528 5773 5774 3885 3882 3883 3884 15959 6370 3887 5500 6369 6371 
sql 1 1556 
one-way 2 247 1369 
classification 4 7185 8390 3628 5353 
item 3 3770 4485 4748 
hoare 1 120 
design 20 4291 4292 4293 4526 4527 3859 4767 5284 4528 5773 5774 3860 3861 4045 3912 3913 5371 3885 1226 5500 
replacement 1 897 
second 1 1253 
parametric 3 4293 5283 5284 
ueml 2 4250 6541 
recognition 4 3917 3914 3915 3916 
chap 1 1518 
competency 1 5603 
study 7 3770 4485 5744 3695 3694 3696 3697 
computing 8 635 7474 7185 11650 12879 1362 11475 11476 
chinese 3 16501 16515 16516 
speeding 1 17639 
level 4 5920 5921 5922 5923 
results 6 286 1636 1637 6370 6369 6371 
value 4 16195 19630 19631 19632 
investigation 1 16501 
competence 2 4524 5603 
combining 11 16195 19630 19631 19632 4485 5257 5258 5259 5260 5261 5321 
challenges 3 4025 5914 5915 
controlled 1 1226 
exponential 1 1362 
preorder 2 291 292 
machine 6 120 121 1362 1414 1415 1416 
comparison 12 1553 1727 1728 18017 18018 18019 18020 18021 18022 287 214 286 
pieces 3 635 1532 1533 
matching 9 16194 16195 10378 10379 10380 10381 10382 16193 16196 
emerging 2 4027 4784 
issues 1 3887 
incremental 1 1556 
diverses 1 416 
mining 9 17993 18191 17991 17992 17994 19921 17510 7311 1556 
bin-packing 2 835 1362 
maximizing 3 635 1532 1533 
way 1 1548 
runtime 2 7185 8390 
theory 2 287 1343 
inverses 1 630 
improve 1 817 
monte 5 7797 7799 7800 7801 7802 
cyber 2 8136 13552 
customized 4 4485 5257 5258 5259 
stage 4 4292 4526 4527 4528 
network 9 5246 3917 5247 5248 3772 8384 8386 3770 3771 
online 7 1554 1752 18191 5507 5508 17318 6790 
risk 9 4485 3859 4111 5260 5261 5321 4473 3628 4110 
autonomic 2 7815 7185 
selected 2 5508 6790 
driven 3 3859 4473 3628 
scalable 4 10382 13357 13358 13359 
deciding 1 138 
chargeback 6 5920 5923 9571 9572 9573 9574 
cooperation 6 16194 16195 120 16196 16791 121 
messaging 1 12879 
abstract 2 287 819 
application 22 4561 4250 6541 5207 5208 5209 7185 10639 4241 8544 8545 8546 8547 8548 3630 5483 5484 5485 216 3887 4524 705 
standard 6 120 986 4241 4239 4240 3630 
synchronization 3 4965 4966 3772 
resource 12 16194 16195 16196 16791 637 3859 1585 1586 1075 4473 3628 3630 
transition 3 1406 862 817 
key-problem 4 3859 3860 3861 4045 
readers 2 863 893 
customers 1 817 
productions 1 1556 
inclusion 1 1226 
section 11 19799 19416 7471 7474 13671 13500 13672 11650 11475 11476 18191 
certification 1 6194 
transductions 1 416 
smart 2 4027 4784 
intelligent 12 3772 3770 4572 4485 5886 6279 6280 5044 5240 5241 5242 5243 
mpi 5 13500 13499 8577 13501 13502 
collaborative 27 16194 16195 3917 4561 4250 5207 5208 5209 16193 16196 3914 3915 3916 5284 4111 3628 3912 3913 5371 3885 5493 5494 5507 5508 5603 17318 6790 
characterization 3 863 862 817 
metabolic 5 7797 7799 7800 7801 7802 
schedule-length 2 635 1638 
minimal 2 1518 817 
optimal 6 635 399 1362 941 1075 940 
reachability 3 286 1636 1637 
scheme 4 10382 13357 13358 13359 
forward 2 6026 6027 
opportunities 2 6194 6284 
preparing 4 4485 5257 5258 5259 
composed 1 733 
international 3 19799 19416 11650 
constraints 5 637 1362 1585 1586 1075 
orca-fms 4 4027 5043 5044 5045 
corruption 5 18192 17993 18191 863 18193 
conflict 2 3912 3913 
load 7 120 10378 10379 10380 10381 10382 121 
centric 3 3772 3770 3771 
trends 7 3630 5506 5507 5508 5509 5510 3887 
simple 2 863 862 
bucket 3 1871 1872 1874 
data 40 16195 125 120 1409 19799 19416 4965 5109 4966 5110 3772 12696 12697 12698 4293 9470 7185 19630 19631 19632 986 3859 4767 18614 7184 7186 8390 12283 1343 286 1596 17993 18191 18762 18763 1636 1637 17991 17992 17994 
digital 7 4485 5257 5258 5259 5260 5261 5321 
axiomatic 1 120 
hoc 4 10382 13357 13358 13359 
critical 2 4483 5131 
document 4 3917 3914 3915 3916 
debugging 4 958 1251 1252 1253 
direct 7 4485 5257 5258 5259 5260 5261 5321 
reverse 5 6026 6027 4528 4738 3695 
matrix 3 4526 5773 5774 
competencies 7 4239 3630 4430 4431 4432 4524 5603 
interoperability 17 5027 5028 3917 4561 4250 5920 5921 5922 5923 4603 4605 3914 3915 3916 14371 14372 14373 
quentielles 1 630 
factor 3 3859 4473 3628 
fault 2 247 11713 
selection 7 1871 1872 1874 3885 3882 3883 3884 
ensemble 6 7185 7184 12283 13584 13585 13586 
field 3 3770 4485 4748 
enterprises 8 5246 3917 5247 5248 3914 3915 3916 5659 
pattern 2 13 203 
modeling 27 4293 4250 6541 4603 4605 7801 7185 4526 4527 5283 5284 4251 14373 14537 14538 8544 8545 8546 8547 8548 4528 5773 5774 862 3887 817 5659 
y-tree 6 287 214 286 215 216 217 
variable 1 1075 
infrastructure 4 4784 4783 4785 4786 
wrapping 3 18010 18011 18012 
alignment-oriented 1 5353 
decreasing 1 306 
lease-based 3 8134 8135 8136 
analysing 3 16020 16021 16023 
finite 9 248 247 249 714 138 943 476 812 1225 
th 2 19799 19416 
exploration 6 7185 7184 12283 13584 13585 13586 
unary 3 248 247 249 
ippop 3 5284 3912 3913 
charlotte 4 862 11827 11828 11829 
indigenous 3 16194 16195 16614 
conference 3 19799 19416 11650 
networks 10 10382 18614 13357 13358 13359 863 18762 18763 18495 18496 
cellular 4 7815 7185 247 1369 
exchanges 3 5284 3912 3913 
text 2 17510 19666 
index 2 19416 18192 
association 2 7311 1556 
maintenance 2 4250 4111 
transitive 1 1556 
xml 2 416 191 
unstructured 3 18614 18762 18763 
retrievals 3 7185 7184 12283 
workflow 7 8539 8541 8542 4241 4239 4240 3630 
logic 18 120 1406 18010 121 1566 1567 958 18011 18012 1343 7770 1596 1548 1341 1342 216 705 817 
size 1 1075 
associated 2 4250 6541 
memories 1 635 
empirical 1 16501 
model 9 120 3772 986 3770 3771 4485 8577 5744 8578 
sudden 2 5027 5028 
ceramic 3 5207 5208 5209 
nets 3 232 94 95 
massively 2 247 11713 
engineering 7 19799 19416 5284 5371 3885 3887 5603 
denotational 1 1596 
mitigation 3 3859 4473 3628 
weighted 3 13 15 207 
sur 2 416 191 
complete 2 138 476 
tolerant 2 247 11713 
real-time 11 19416 7185 8136 12879 13552 18192 7184 12283 13584 13585 13586 
supply 14 6026 6027 3772 3770 3771 4485 5260 5261 4528 4738 3695 3694 3696 3697 
instruction 2 120 121 
hardness 1 733 
plain 1 1253 
ancestor 1 1226 
functions 4 247 121 1369 1343 
trace 1 232 
systolic 6 287 214 286 215 216 217 
recovery 5 18192 17993 18191 863 18193 
tracking 4 3772 4485 6279 6280 
dsl 2 120 986 
supporting 5 5088 5507 5508 17318 6790 
views 1 18010 
temporal 3 216 705 817 
calculus 1 1253 
service 13 4784 5920 5921 5922 5923 8391 8392 8393 10639 12879 1362 4783 4786 
operations 4 306 4485 4483 4484 
aggregate 3 18614 18762 18763 
numeric 3 18191 19921 17510 
string-rewriting 2 138 812 
tag 4 16195 19630 19631 19632 
technical 4 5920 5921 5922 5923 
prototype 3 4025 5914 5915 
computability 2 247 1369 
deployment 3 8391 8392 8393 
high-dimensional 3 17510 7311 1556 
agile 3 4025 4245 5659 
bisimilarity 3 1406 1566 1567 
information 25 3772 4250 1362 3770 3771 4485 3859 4241 6233 6234 1571 4528 3860 3861 4045 3630 4738 3695 5506 5507 5508 5509 5510 3887 4524 
problems 10 120 3772 4292 1231 1232 3770 3771 4526 138 812 
pi-calculus 2 287 819 
art 2 4111 4149 
experimental 3 6370 6369 6371 
strategic 7 16194 16195 16614 120 16193 16196 121 
analytics 6 7185 7184 12283 13584 13585 13586 
flows 2 6026 6027 
ieee 1 11650 
trees 6 125 13 1434 1409 306 1075 
computation 1 1548 
cube 4 17993 17991 17992 17994 
language 8 120 4603 4605 7185 986 8390 286 542 
mgf 5 13500 13499 8577 13501 13502 
fault-tolerant 4 635 1088 1089 1362 
message-based 2 7815 7185 
adacor 5 4027 4024 4025 4026 4245 
collaboration 6 4250 14373 14537 14538 5371 3885 
fms 3 4027 5044 5240 
launch 4 4485 5260 5261 5321 
effective 11 13 3772 4250 8136 13552 3770 4485 5886 14373 14537 14538 
version 1 1226 
dual 4 16515 16516 835 1362 
modal 3 1406 1566 1567 
deterministic 5 247 1272 138 137 995 
algebra 5 13 1558 958 94 959 
duplicate-key 2 941 940 
multidimensional 3 18614 18762 18763 
complements 2 714 1244 
atomicity 5 8541 8587 8588 8589 8590 
access 1 9470 
research 4 3628 3630 3629 3887 
integrated 6 4291 4292 4293 3859 3860 3861 
industrial 13 4027 4784 4250 4025 4241 4111 6233 6234 5914 5915 3630 4524 5603 
balancing 7 120 10378 10379 10380 10381 10382 121 
relational 14 5246 8539 8541 8542 19657 19658 19659 19660 19661 863 862 1594 1595 817 
cloud 13 5920 5923 7797 7799 7800 7801 7802 7185 9571 9572 9573 9574 8390 
based 21 120 1406 3772 10166 10167 10353 958 94 4485 6279 6280 4025 4526 5914 5915 5773 5774 5507 5508 17318 6790 
cyber-physical 3 4025 5914 5915 
causality 9 287 958 94 819 1251 1252 1253 1657 1658 
answers 3 18010 18613 18614 
impact 3 16020 16021 16023 
tools 4 4250 6541 4111 4110 
grb-gsiftp 2 7473 7474 
programmable 4 4784 4783 4785 4786 
logics 5 248 746 747 15 207 
reduction 4 4485 5260 5261 5321 
characterize 1 1548 
reactive 8 4027 4026 5043 5044 5045 5240 862 817 
time-space 1 1226 
systems 49 1406 635 4027 4784 8136 12879 13552 958 94 399 1362 4024 4025 4026 5043 5044 5045 5240 4783 4785 4786 4241 138 5914 5915 3628 4239 4240 3630 476 812 1225 862 3629 5353 4430 4431 4432 5506 5507 5508 5509 5510 3887 4524 1224 1227 733 817 
work 2 7185 5603 
hash 3 7185 7184 12283 
portal 1 9470 
data-intensive 2 862 817 
class 2 138 812 
modelling 14 6026 6027 3859 5284 3860 3861 5371 3885 4431 4524 5603 5659 6488 6489 
properties 10 248 746 747 416 635 191 1638 1225 1224 1227 
embed 5 4965 5109 4966 5110 3772 
environment 3 8134 8135 8136 
program 6 1343 863 1341 1342 18495 18496 
company 3 5207 5208 5209 
word 2 138 476 
closed-loop 1 3887 
management 32 5246 3917 5247 5248 4965 4966 3772 4784 4291 4292 4293 4250 10382 16020 16021 16023 3770 3771 4783 4786 4111 13357 13358 13359 3912 3913 5371 3885 4110 3887 4524 5603 
efficient 16 635 4966 5110 12696 12697 12698 1871 1872 1874 7185 636 637 7184 7186 12283 1556 
agents 8 958 1251 1252 1253 3695 3694 3696 3697 
precedence 1 1362 
object 2 4111 4110 
recent 4 7185 3628 3630 3629 
greibach 1 191 
restarting 4 247 1272 138 995 
graph 2 13 203 
parameter 5 4241 3630 5483 5484 5485 
order 7 4784 6284 4783 4786 138 1253 1225 
rule 1 817 
mean 6 635 637 1638 1585 1586 1075 
representations 1 1518 
operators 2 120 121 
conjecture 1 191 
error 2 17510 19665 
processors 7 635 637 1152 1153 1585 1586 1075 
steel 1 16501 
families 2 13 15 
rules 5 18191 19921 17510 7311 1556 
cyclicity 2 18499 18500 
technologies 11 4025 5914 5915 3630 5506 5507 5508 5509 5510 3887 4524 
massive 1 1556 
safety 3 4292 4526 4527 
state-of-the-art 1 817 
term 3 1225 1224 1227 
applied 5 7797 7799 7800 7801 7802 
specification 6 120 4561 986 5284 3912 3913 
context 3 9470 3887 817 
guarantee 2 635 941 
