<Keyword> <No of vertices> <vertex1> <vertex2> .... <vertexN> 
lightpath 1 10110 
analyzing 5 12668 12669 11449 12670 12671 
nested 1 19557 
bright 3 2018 2123 2167 
visibility 2 17862 347 
external 1 7225 
desktop 9 11131 11754 11755 11756 6953 8554 10919 7081 8644 
knowledge-intensive 1 7850 
managing 6 8086 7947 2425 19509 6446 3791 
prototyping 2 3775 3776 
wavelet 3 17614 17615 17617 
datagrid 1 7444 
minimization 5 18832 17978 18960 18961 18208 
time 2 11449 9439 
semantics 8 19375 19376 9030 19377 18269 19509 19510 19511 
materials 2 7947 2041 
levels 1 7947 
event 7 7820 7821 7822 7823 7824 19987 19988 
exciton 1 2018 
midhdc 2 7582 7583 
advanced 2 7582 7583 
role 4 13026 8830 13025 13027 
cost-aware 4 11095 11096 8380 11098 
taxonomy 1 7868 
objects 2 17862 347 
generation 3 9439 10787 10788 
video 1 7101 
intelligence 3 11846 11847 11848 
distinction 1 17978 
elasticity 4 11095 11096 8380 11098 
handoff 2 9322 7479 
auction-based 1 7808 
loading 2 10721 10233 
answer 4 13026 8830 13025 13027 
wide 2 17585 17587 
reorganization 1 10146 
evolution 4 10761 10762 10763 10764 
beecup 1 9376 
multicores 1 9439 
u-pillbox 2 9376 12863 
bis 6 2017 2018 2423 2424 2425 2426 
aggregation 2 7479 7850 
project 1 7444 
invertible 1 17833 
quality 5 8085 8086 18267 18269 5379 
big 6 19910 12677 7225 18443 18444 18445 
robotic 1 9439 
dynamic 28 18595 18596 1860 10130 10131 9322 7479 12506 10110 13523 9439 7541 17614 17615 17617 9921 17831 17832 17833 17835 17927 18173 18266 18267 18268 18269 18270 6415 
empathetic 2 9376 12863 
knowledge 12 10146 9986 17889 19304 18997 17706 19104 17749 17750 17751 19218 19219 
aggregator 1 7479 
incorporating 5 17877 13026 8830 13025 13027 
communications 2 10721 10233 
coupling 2 3791 1185 
dimension-ordered 1 7276 
evidence-based 1 7808 
rster 2 2017 2167 
object-oriented 1 1480 
experiments 1 7444 
paraphrasing 1 1480 
log-based 2 18251 18884 
recomputation 1 9030 
ogsa-dai 1 8086 
experts 1 17706 
markets 1 13080 
redesign 1 3791 
dissemination 1 10146 
electronic 5 13080 19563 18130 19564 19494 
compensation 3 6776 6777 6779 
leases 4 17583 17584 17585 17587 
new 2 12743 18130 
red 3 2018 2123 2424 
sequence 1 19494 
predict 1 9809 
tile 1 10233 
guest 2 18884 18173 
public 1 18253 
zone 3 2017 2018 2167 
transactions 5 18267 18269 19509 19510 19511 
resources 2 8086 7583 
lightpaths 1 10110 
physical 1 8585 
computational 4 6953 8554 8644 7850 
easing 1 7277 
designing 7 7786 13261 9810 9809 13262 7444 3791 
paradigm 3 10233 11130 11131 
consumption 5 9690 11605 11606 11607 11608 
entity 3 19094 19095 8329 
tool 1 9986 
distributed 34 10146 9986 18781 18782 18783 18784 19655 1860 11449 7582 7583 8585 10228 7808 8423 6953 8424 8425 8426 8427 7393 7081 7538 7539 7386 7540 7541 17615 3776 8380 18443 18444 18445 7850 
metascheduler 2 9670 9671 
architecture 23 9670 9671 7786 13261 9810 9809 13262 7444 5734 5735 17888 17889 17891 8086 8423 6953 8424 8425 8426 8427 8011 2017 2167 
nonadaptive 1 17833 
grid-aware 1 8086 
software 8 5734 5735 19040 19041 19042 19043 19044 19045 
medical 1 7947 
component 3 5734 5735 8380 
red-to-yellow 3 2018 2123 2167 
reputation 4 10130 7479 10110 2822 
composition 2 7225 3791 
rdf 1 7850 
processing 4 11449 8271 19218 19219 
perspective 1 17978 
verifiability 1 18253 
cost-sensitive 3 17706 18918 18919 
processes 3 5527 5529 5530 
spectrum 4 10130 10131 9322 7479 
automatic 4 9956 9957 19218 19219 
protocols 6 8424 8849 8852 10480 10481 10482 
mafia 4 18411 18412 18413 18414 
display 1 2041 
node 6 9140 9141 9142 9143 9810 9809 
gmone 3 8085 8086 8087 
determining 2 17862 347 
blackbox-oriented 4 11131 11754 11755 11756 
active 9 7786 13261 9810 9809 13262 7444 6953 19898 19899 
behavioral 1 7808 
streams 8 18319 18320 1627 17614 17615 17617 17833 17585 
fast 4 13650 13651 13652 7225 
spam 1 9724 
sparse 3 19934 19935 19936 
extending 5 18742 18743 18744 18745 7850 
heterogeneous 18 12743 9690 9322 7479 7582 7583 9439 11130 11131 7947 6953 19095 19898 19899 18208 12884 12885 12886 
measure 2 19113 19114 
indoor 3 7101 18997 19037 
rar 1 8830 
analysis 25 10761 10762 10763 10764 11605 11606 11607 11608 7276 12505 12506 10110 13523 10242 10243 10244 10245 7538 1185 1480 7850 8256 8257 8258 8259 
simulation 2 11586 11587 
business 12 5527 5529 5530 3776 6446 3791 7850 8256 8257 8258 8259 5379 
meets 1 12921 
out-of-order 2 6953 9012 
wireless 11 7479 12506 10110 13523 7808 12150 12151 12152 12153 12154 2424 
quantum 3 2018 2122 2123 
complementary 5 19201 19202 19203 19204 19205 
built-in 4 18742 18743 18744 18745 
activity 5 13650 13651 13652 10762 10764 
straggler 1 17833 
in-vigo 1 7583 
generative 1 17978 
lessons 1 2425 
updates 2 19507 19508 
taks 1 8644 
bgqos 1 5379 
layer 5 2017 2018 2122 2123 2167 
semantic 10 18699 18700 18701 18130 13026 17831 17832 17833 17835 8329 
compilation 5 17889 19304 19130 19131 19132 
search-based 2 19793 19794 
transformation 3 18699 18700 18701 
n-cubes 1 7276 
acid 1 5379 
relations 1 19557 
inside 6 2017 2018 2122 2123 2423 2167 
java 2 7277 8380 
attributes 2 17862 347 
dense 1 18235 
near-optimum 1 19557 
wimax 2 9322 7479 
graphs 2 7808 19201 
unlabeled 1 18997 
generalized 2 7868 17706 
suspicious 2 19910 12677 
inference 1 17585 
diverse 5 19201 19202 19203 19204 19205 
filtering 6 8271 8273 8274 8275 7225 6415 
formulae 1 347 
layers 5 2821 2822 2018 2123 2424 
ultra-thin 2 2017 2018 
deploying 1 8644 
oxadiazole 1 2018 
bio-inspired 2 9986 9376 
sensor 10 7394 7479 7808 12150 12151 12152 12153 12154 2424 19509 
improved 3 2018 2123 2167 
replication 1 8644 
social 1 7808 
oriented 2 6953 7850 
tolerance 1 8644 
tokens 1 10110 
query-dependent 2 19955 19956 
transfer 2 2017 2167 
support 2 10228 17474 
adaptive 23 12710 11449 7276 9868 9869 4671 9870 9871 9872 7582 10242 7808 7386 17585 17587 11095 11096 8380 11098 19898 19899 7850 5379 
enhancers 6 2017 2018 2120 2121 2122 2123 
privacy 2 10228 7808 
recommendation 4 7868 10110 2822 17978 
distribution 10 7394 12662 9690 7276 6953 8554 17583 17584 17585 17587 
redundancy 1 18997 
epidemic 1 10146 
scaling 5 11605 11606 11607 11608 19095 
session 1 7225 
verification 2 7225 1185 
querying 1 19557 
bathocuproine 3 2018 2123 2167 
tensor 4 10761 10762 10763 10764 
cybermatics 4 12154 12865 9376 12863 
filters 2 17833 11557 
cathode 3 2018 2122 2123 
virtual 12 9690 9141 9670 9671 7583 10721 10233 7947 6953 7081 9012 8271 
repositories 1 3791 
europe 1 8011 
group-based 1 5379 
road 3 18066 18067 1860 
space 2 19113 19114 
decision 5 18997 17706 19104 18918 18919 
self-understanding 1 8380 
acquisition 2 19218 19219 
submatrices 5 19820 19821 19822 19823 19824 
distance 8 18249 18251 18253 19156 19890 19891 19892 347 
tests 6 8423 6953 8424 8425 8426 8427 
supported 1 5379 
encoding 1 7101 
probabilistic 1 17978 
construction 3 19563 18130 19564 
products 1 13080 
identifying 1 18299 
white-light-emitting 3 2018 2123 2167 
green 1 7947 
sciences 1 7081 
znb 1 2041 
star 1 7276 
frequent 9 18411 18412 18413 18414 11138 19494 12981 18913 18914 
master 2 11130 11131 
emissive 2 2017 2167 
reasoning 4 18130 17889 19304 347 
prefetching 1 7868 
recall 3 5694 5695 5696 
maximal 5 18411 18412 18413 18414 1627 
modular 2 9670 9671 
method 7 7947 9956 9957 7225 12884 12885 12886 
efficiency 10 2017 2018 2120 2121 2122 2123 17831 17832 17833 17835 
manufacturing 2 3776 6415 
electrodes 6 2017 2018 2122 2123 2423 2167 
single 1 2425 
access-point 3 7101 18997 19037 
disk 1 11449 
discriminability 2 18901 18903 
uxds-driven 3 4017 4976 4978 
authorization 6 12668 12669 11449 12670 12671 10110 
neighbor 3 18066 18067 1860 
on-demand 2 7394 12662 
experiment 1 7393 
disseminate 4 17831 17832 17833 17835 
master-worker 1 10233 
useful 3 17706 18918 18919 
multicast-based 2 7394 12662 
fusion 7 9724 8585 12150 12151 12152 12153 12154 
applications 33 9986 7444 18251 19155 19156 17888 17889 17891 8585 10721 10233 11846 11847 11848 8424 8848 8849 8850 8851 8852 8644 7386 2041 7225 6415 11095 11096 8380 11098 1479 1480 7850 5379 
photonic 1 10110 
mesh 1 10110 
asking 1 17706 
cycle 1 6953 
joins 1 19444 
cross-sectional 2 3775 3776 
consumers 5 12677 7455 12676 4607 12678 
embedded 3 9439 10787 10788 
clusters 3 7393 8011 7277 
strong 2 17585 17587 
proceedings 1 3354 
potassium 8 2017 2018 2120 2121 2122 2123 2423 2167 
hybrid 10 7582 11846 11847 11848 6953 12677 7455 12676 4607 12678 
torus 1 7276 
conceptual 5 4017 4976 4978 1479 1480 
scale 2 8585 8329 
humanistic 2 9376 12863 
differentiated 1 7444 
coordinated 7 8424 8849 8852 10480 10481 10482 8644 
starplane 1 10110 
security 8 10228 7808 8423 6953 8424 8425 8426 8427 
requirements 3 5694 5695 5696 
subset 4 18832 17978 18960 18961 
enyl 3 2018 2122 2123 
rate 1 7444 
paths 1 7808 
time-out 1 7276 
submatrix 5 18831 18832 17978 18833 18834 
grid 36 10146 9986 7394 12662 11586 11587 9670 9671 7786 13261 9810 9809 13262 7444 8085 8086 11449 11130 11131 11754 11755 11756 8423 6953 8424 8425 8426 8427 8644 7538 7386 7541 17927 18173 7850 5379 
quantitative 3 17888 17889 17891 
hole-trapping-layer 3 2018 2123 2167 
innovation 2 4017 2425 
executions 6 12668 12669 11449 12670 12671 8644 
answering 4 18744 17749 17750 17751 
building 5 9986 9919 9920 9921 7225 
reuse 2 5734 5735 
validation 1 3791 
cluster-group 1 7808 
agreement 1 2424 
problem 7 18831 18832 17978 18833 18834 18960 18961 
bloom 2 17833 11557 
generating 1 7808 
ccbke 1 7225 
provision 4 11135 11136 11137 11138 
database 3 19460 19664 347 
optimizing 2 10721 10233 
schedule 1 18208 
co-occurrence 3 18170 18171 18172 
implementation 8 18130 8086 4671 8585 7947 3776 19813 19814 
identification 4 7479 7538 17833 8329 
side-effects 1 9030 
scientific 3 7225 8328 8329 
locality 2 10721 10233 
bridging 2 18901 18903 
things 2 9724 8585 
consistent 4 18832 17978 18960 18961 
throwaway 1 1860 
energy 13 9690 9809 11605 11606 11607 11608 13503 13504 13505 9439 12510 2017 2167 
electroluminescent 9 2017 2018 2122 2123 2423 2424 2425 2426 2167 
multicast 1 7276 
flow 3 7444 1183 1185 
manage 1 6953 
production 2 10762 10764 
bittorrent 2 6953 8554 
pipelines 1 4017 
practices 1 3791 
feedback 2 18251 18884 
comprehensive 4 19375 19376 9030 19377 
boolean 1 18208 
feature 4 18251 19155 19156 7538 
convergence 6 8423 6953 8424 8425 8426 8427 
consistency 6 17583 17584 17585 17587 18267 18269 
models 16 19557 19664 8585 8423 6953 8424 8425 8426 8427 19088 19089 19090 6446 3791 1185 1480 
nondoped 2 2821 2822 
devices 6 2017 2018 2122 2123 2423 2167 
examples 4 347 18997 19920 18208 
deadline 1 19509 
spectral 3 2018 2123 2167 
identity-based 1 8585 
complex 4 2188 2041 2821 2822 
minimum 5 347 18832 17978 18960 18961 
malicious 1 7479 
coordination 3 5694 5695 5696 
domain-driven 3 17614 17615 17617 
expensive 1 18208 
use 7 9670 9671 7538 7539 7386 7540 7541 
elimination 1 18231 
platforms 2 12921 7386 
luminescent 1 2041 
virtualized 1 7583 
methodologies 1 2425 
life 1 6953 
cnc 2 5734 5735 
relevance 5 18251 18299 18884 18901 18903 
best 6 18831 18832 17978 18833 18834 3791 
customization 1 4607 
synopses 3 17614 17615 17617 
collections 2 6446 3791 
diffusion 4 10761 10762 10763 10764 
documents 1 19655 
trust 5 9724 8585 10228 7808 19494 
light-emitting 12 2188 2041 2821 2822 2017 2018 2120 2121 2122 2123 2424 2167 
learning 23 18249 18251 18253 18298 18299 18300 18301 19156 19890 19891 19892 18699 18700 18701 9376 18997 17706 17978 19898 19899 19934 19935 19936 
stochastic 1 11449 
resource-aware 1 7582 
tunable 3 2018 2123 2167 
medium 3 12505 12506 10110 
repeated 5 19820 19821 19822 19823 19824 
security-aware 1 9601 
rfid 1 17585 
corpus 1 13026 
facial 2 19793 19794 
practice 1 7786 
biased 3 18525 18526 18528 
periodicity 2 19987 19988 
decentralized 4 7866 7868 9671 5696 
optiputer 1 7081 
world 2 17585 17587 
intrusion 1 7947 
epc 1 1185 
grids 22 10146 12743 9671 7444 8085 8086 7583 11131 7947 12935 12936 6953 8424 8554 8848 8849 8850 8851 8852 10919 7081 8644 
hierarchies 3 19570 19571 19572 
emission 3 2018 2123 2167 
extracting 3 18997 17706 19104 
implicit 1 7808 
rsa 1 8585 
triage 6 19040 19041 19042 19043 19044 19045 
science 4 12154 12865 9376 12863 
architectures 4 9439 10787 10788 6415 
values 3 17706 18918 18919 
exploiting 5 9809 18269 19509 19510 19511 
practical 2 12594 12595 
brokering 2 9670 9671 
eliminating 1 4017 
eperiodicity 2 19987 19988 
gpu 2 9439 6415 
control 10 7394 12662 7444 12505 12506 10110 9724 3791 1183 1185 
vessel 1 2425 
ouml 2 2017 2167 
iot 2 11131 7225 
identities 1 17833 
cpu 5 11605 11606 11607 11608 7850 
cubes 2 19813 19814 
regularization 4 17978 19934 19935 19936 
evolving 2 19201 1480 
imaging 2 3775 3776 
newton 1 17833 
prolog 1 9030 
navigation 3 19570 19571 19572 
data-driven 3 18699 18700 18701 
photonics 1 3354 
islands 1 12510 
maximize 2 17862 347 
case 3 17833 18997 12981 
internet-based 2 9141 8271 
estimation 6 9439 9956 9957 7101 18997 19037 
managerial 1 3776 
governing 4 11605 11606 11607 11608 
stability 6 2017 2018 2120 2121 2122 2123 
large-scale 13 12451 8423 6953 8424 8425 8426 8427 8849 8852 10480 10481 10482 8644 
mechatronics 11 5379 7454 7455 7456 7457 7458 7459 7460 7461 7462 7463 
peer-to-peer 4 12921 19655 8271 19494 
emotional-based 1 9439 
bi-directional 1 7276 
sampling 3 18525 18526 18528 
federation 2 9670 9671 
performance 22 9809 7444 8085 8086 7276 12506 13523 11130 11131 7393 8011 7538 7539 7386 7540 7541 9956 9957 2821 2822 19444 2018 
introducing 3 5527 5529 5530 
transparent 1 8585 
multiple 10 9670 9671 13026 2018 2123 2167 17978 19088 19089 19090 
interactions 1 9921 
cyber-transformer 4 11131 7947 12935 12936 
protocol 2 18253 9376 
condensation 1 9986 
community 1 7394 
erratum 1 17978 
reference 1 1185 
general 2 17978 1480 
one-pass 3 17614 17615 17617 
ddos 1 7225 
tables 1 19655 
limtopic 5 17877 13026 8830 13025 13027 
multi-site 5 7820 7821 7822 7823 7824 
effect 6 2017 2018 2122 2123 2423 2167 
authentication 4 18066 18067 1860 2424 
genetic 2 8644 5696 
pro 1 3791 
device 3 2018 2123 2167 
infrastructures 4 9670 9671 7786 6953 
mixed-drove 3 18170 18171 18172 
high 12 11586 11587 7444 7820 7821 7822 7823 7824 8085 8086 19444 5379 
interoperable 2 12743 9690 
personalized 4 9810 9809 19094 19095 
automated 4 19563 18130 19564 3791 
predictable 1 7444 
domains 1 17978 
mechanism 6 10110 8585 2822 17585 17587 7850 
graph-based 7 7868 19934 19935 19936 19088 19089 19090 
offloading 4 11135 11136 11137 11138 
many-core 4 9439 10787 10788 10233 
annotation 2 19793 19794 
hierarchical 2 9670 9671 
gmbs 1 12743 
tree 2 18595 18596 
trustworthy 2 9724 8585 
interfacing 2 9670 9671 
focus 2 17889 19304 
industry 1 5379 
topic 5 17877 13026 8830 13025 13027 
strategies 3 9670 9671 9601 
platform 2 10233 7947 
continuous 1 17927 
predicates 5 18742 18743 18744 18745 18208 
outsourced 1 7225 
obstacles 1 4017 
deriving 1 1480 
relaxing 1 5379 
like 1 3791 
cyber-physical-social-thinking 4 12154 12865 9376 12863 
endpoint 1 7444 
sap 1 1185 
measurements 5 19820 19821 19822 19823 19824 
visual 1 18301 
planning 2 3775 3776 
covers 1 347 
start 1 11449 
satisfaction 1 6953 
ranking 9 9140 9141 9142 9143 19094 19095 19955 19956 17978 
placement 6 9670 9671 7225 17927 8328 8329 
port 1 8644 
contours 2 9376 12863 
qos-aware 4 11135 11136 11137 11138 
broadening 3 2018 2123 2167 
textbooks 3 19563 18130 19564 
range 1 8271 
link 5 17877 13026 8830 13025 13027 
optimizer 1 18130 
power-efficient 3 7101 18997 19037 
secure 9 8830 7479 12150 12151 12152 12153 12154 11131 7225 
self 1 8380 
switch 6 18266 18267 18268 18269 18270 6415 
retrieval 13 18251 18301 18884 19156 19890 19891 19892 7947 19201 19202 19203 19204 19205 
mapping 3 10721 10233 18208 
techniques 13 10721 10233 19040 19041 19042 19043 19044 19045 17749 17750 17751 6446 3791 
multi-tier 4 11095 11096 8380 11098 
ceo 3 6776 6777 6779 
biphenyl 1 2018 
optimized 2 9670 9671 
words 1 13026 
dependencies 5 18742 18743 18744 18745 347 
top-k 4 12981 18913 18914 18208 
egee 2 9670 9671 
nmf 2 17628 17629 
networking 3 9810 9809 7444 
uncertain 1 11449 
robust 3 8585 17628 17629 
cache 2 17927 18173 
itemsets 3 12981 18913 18914 
betweenness 1 19201 
chaotic 1 2424 
friendly 1 2424 
autra 1 5379 
kernel 8 12150 12151 12152 12153 12154 18443 18444 18445 
framework 16 17877 13026 8830 13025 13027 1860 8085 8086 10228 7386 7225 3776 3791 1479 1480 8329 
periodic 1 9439 
process 17 4017 4976 4978 8644 3775 3776 6446 3791 1185 5694 5695 5696 7850 8256 8257 8258 8259 
encrypted 1 8830 
cross-layer 2 10110 2822 
chain 1 3791 
databases 14 17888 17889 17891 19375 19376 9030 19377 19955 19956 17833 19509 19130 19131 19132 
compiled 2 17889 19304 
recommender 3 18838 18839 18840 
bug 6 19040 19041 19042 19043 19044 19045 
top-c 1 8644 
deterministically-routed 1 7276 
improving 1 7947 
swift 1 10242 
commonality 1 17978 
skyline 2 11449 17615 
ranked 1 8830 
transaction 2 11138 5379 
remote 1 18253 
sources 5 13026 19095 9921 17978 18208 
scheduling 17 11586 11587 9670 9671 7444 11449 7582 6953 7386 12510 19507 19508 7225 18269 19509 19510 19511 
cais 3 4017 4976 4978 
auto-grouped 3 19934 19935 19936 
thickness 2 2821 2822 
survey 1 7393 
algorithms 12 9986 7868 12594 12595 19444 17833 18266 18267 18268 18269 18270 6415 
process-oriented 1 4671 
rubrene 4 2018 2122 2123 2424 
contradiction 3 4017 4976 4978 
shifts 3 2018 2123 2167 
checkpointing 7 8424 8849 8852 10480 10481 10482 8644 
enterprise 8 6953 10919 7081 8644 9919 9920 9921 7225 
logging 2 18595 18596 
picture 1 7225 
path-based 1 7276 
resonance 2 2017 2167 
formal 1 18130 
energy-conserving 1 11449 
representation 4 19375 19376 9030 19377 
energy-aware 1 8644 
cross-domain 1 17978 
graphswith 2 19094 19095 
suite 2 8085 8086 
joinless 1 18440 
e-learning 15 11131 11754 11755 11756 5379 7454 7455 7456 7457 7458 7459 7460 7461 7462 7463 
refactoring 1 3791 
slave 2 11130 11131 
phosphor 2 2188 2041 
issue 9 18884 9439 10787 10788 11846 11847 11848 10919 5379 
attribute 1 18231 
co-allocation 4 11131 7947 12935 12936 
co-development 1 2425 
evaluation 9 18319 18320 1627 7276 9724 8585 7808 2041 19444 
recursively-adjusting 4 11131 7947 12935 12936 
h-pyran 3 2018 2122 2123 
designs 2 3791 1185 
implications 1 3776 
sla-based 2 12743 9690 
machine-based 5 12150 12151 12152 12153 12154 
making 1 12743 
qos-driven 1 5379 
availability 4 6953 10919 7081 8644 
quantiles 3 17614 17615 17617 
definition 2 11586 11587 
evaluating 8 7786 13261 9810 9809 13262 7444 3791 1185 
potential 1 2041 
tasks 5 9671 11449 9439 7386 12510 
geographical 1 17978 
lbsns 1 7868 
maps 1 2424 
target 1 7808 
self-healing 1 9012 
special 14 9986 7394 7444 18884 7276 7479 9439 10787 10788 11846 11847 11848 10919 5379 
round-trip 1 17833 
user 7 10242 10243 10244 10245 2424 19955 19956 
miss 1 19509 
storage 3 19557 10242 11131 
reliable 2 10110 2822 
using 46 10146 9986 7394 12662 10762 10764 17889 19304 19655 13026 8830 13025 13027 4017 4976 4978 10110 7808 7947 8644 7538 7386 7541 18744 2017 2018 2120 2121 2122 2123 2424 17927 18173 17583 17584 17585 17587 18997 17978 3791 1185 1480 5696 12884 12885 12886 
communities 1 19494 
controlling 1 19460 
distance-aware 1 11557 
self-adaptive 3 12743 9690 11449 
workflows 9 7866 7868 12451 9601 7225 1183 1185 8328 8329 
ian 2 9810 9809 
gd 1 2041 
symposium 1 3354 
missing 3 17706 18918 18919 
seamless 2 9322 7479 
preface 1 10919 
role-and-risk 1 8830 
search 2 11557 18520 
disco 1 19095 
chemical 3 13650 13651 13652 
features 4 18299 2122 3775 3776 
deep 5 18831 18832 17978 18833 18834 
multi-core 1 12510 
patterns 4 18235 18440 18901 18903 
monitoring 3 8085 8086 8087 
achieving 4 17831 17832 17833 17835 
engine 2 12594 12595 
recombination 3 2017 2018 2167 
optimization 4 18699 18700 18701 18208 
image 13 10761 10762 10763 10764 18251 18884 19156 19890 19891 19892 7947 17628 17629 
effects 2 2017 2167 
causal 2 18901 18903 
molecular 2 2188 2041 
provenance 2 10762 10764 
editor 1 18884 
blocking 6 8424 8849 8852 10480 10481 10482 
ratio 1 19509 
voltage 2 12510 2018 
explicit 1 7444 
hole-electron 3 2018 2123 2167 
view 4 18832 17978 18960 18961 
multitask 4 18298 18299 18300 18301 
discovery 8 10146 9986 12921 11557 17978 17749 17750 17751 
mechanisms 2 9670 9671 
introduction 2 18884 18173 
web-log 1 18997 
optimum 1 347 
multi-modal 4 19156 19890 19891 19892 
declustering 4 18234 18235 18236 18237 
handling 5 18781 18782 18783 18784 9030 
execution 10 12710 7866 7868 12594 12595 9439 6953 9012 7541 5696 
measuring 1 13026 
programming 12 13026 8830 13025 13027 8423 6953 8424 8425 8426 8427 8644 7277 
feasibility 3 18443 18444 18445 
current 2 6446 3791 
write 2 9956 9957 
domain 2 18299 17706 
subspace 1 17615 
relationships 2 19094 19095 
checking 2 18253 8585 
caching 2 17927 18997 
clustering 11 18249 18251 18253 9376 18525 18526 18528 2122 17978 19113 19114 
streaming 16 7394 12662 7820 7821 7822 7823 7824 9868 9869 4671 9870 9871 9872 7386 19507 19508 
clouds 11 9666 9667 9668 9669 9670 9671 7820 7821 7822 7823 7824 
workload 4 12710 19557 8585 10242 
linear 5 7866 7868 19130 19131 19132 
transfers 2 9690 7444 
multi-objective 1 7386 
abductive 2 17889 19304 
pebl 2 19920 18208 
virtualization 3 12743 9690 3791 
extrinsic 1 18299 
scorm-compliant 1 7947 
web 22 7866 7868 18884 19793 19794 8585 2122 19955 19956 17927 17585 17587 18997 19920 18208 5696 7850 8256 8257 8258 8259 4607 
constrained 1 11449 
blocks 1 1627 
fd 1 19460 
multi-factor 4 9140 9141 9142 9143 
solving 5 10146 9986 4017 4976 4978 
independent 1 9671 
multi-trusted 1 7808 
group-by 1 1627 
grid-enabled 1 9986 
methods 4 18234 18235 18236 18237 
body 1 7394 
semi-supervised 3 18249 18251 18253 
pwlm 2 9956 9957 
pre-ws 2 9670 9671 
privacy-preserving 10 18253 10110 9724 8585 8271 8273 8274 8275 2822 18520 
high-speed 1 7444 
aware 2 10721 10233 
splitting 1 11138 
long 1 7850 
mashups 4 9919 9920 9921 7225 
tetramethyljulolidyl 3 2018 2122 2123 
ultrathin 5 2821 2822 2018 2123 2424 
balance 3 2018 2123 2167 
coselection 1 2122 
future 3 9439 10787 10788 
trusms 1 9724 
enactment 1 12451 
opinion 1 18299 
non-blocking 6 8424 8849 8852 10480 10481 10482 
bi 1 2041 
light 4 2018 2122 2123 2167 
key 3 10110 2424 7225 
diamine 3 2018 2123 2167 
enhancing 3 7394 8085 8086 
establishment 1 10110 
dimensional 1 19444 
decomposing 1 1627 
environments 7 12743 9690 18781 18782 18783 18784 9012 
integrating 2 3775 3776 
agent 3 7394 12662 8086 
detection 6 10228 7947 18525 18526 18528 18997 
general-purpose 1 7393 
bundles 5 19201 19202 19203 19204 19205 
redundancies 1 7947 
three-dimensional 1 4607 
recursive 5 9670 9671 19130 19131 19132 
item-based 4 8271 8273 8274 8275 
similarity 10 1627 13026 19444 17648 17649 17650 17651 17652 19113 19114 
queries 12 18319 18320 1627 11449 18744 17615 17927 17706 19130 19131 19132 18208 
diode 3 2018 2123 2424 
internet 6 7479 9724 8585 11846 11847 11848 
provisioning 2 9670 9671 
mobile 12 10130 7479 10110 7808 9439 9376 11135 11136 11137 11138 2822 17978 
does 2 19955 19956 
trusted 1 7808 
qos-based 1 10146 
set 5 13026 8830 13025 13027 347 
consensus 4 17978 19088 19089 19090 
routing 2 7276 17615 
hdfs 3 7947 9956 9957 
understanding 2 7393 8011 
frequency 4 11605 11606 11607 11608 
statistics 1 13026 
organization 1 7947 
topic-sensitive 1 18997 
semistructured 1 18997 
tris 9 2017 2018 2122 2123 2423 2424 2425 2426 2167 
integration 12 7394 17648 17649 17650 17651 17652 7850 8256 8257 8258 8259 8329 
butylphenyl 6 2017 2018 2423 2424 2425 2426 
grammars 1 1480 
outlier 3 18525 18526 18528 
parallel 15 18235 9030 8086 11449 6953 8011 8644 9012 7277 7538 7539 7386 7540 7541 5379 
saas 1 7394 
communication 5 7276 17831 17832 17833 17835 
poly 6 2017 2018 2423 2424 2425 2426 
prediction 9 13650 13651 13652 7538 7539 7386 7540 7541 7850 
game-theoretic 1 7101 
interacting 2 3775 3776 
materialization 2 19813 19814 
hadoop 4 11605 11606 11607 11608 
topics 2 7582 7583 
propositional 1 347 
multi-dimensional 2 1627 7808 
cooperative 10 7394 12662 17927 18173 3776 17583 17584 17585 17587 5379 
approach 29 7394 12743 9690 18440 18699 18700 18701 19375 19376 9030 19377 13026 8085 8086 8087 7582 17927 7101 18831 18832 17978 18833 18834 19088 19089 19090 5377 5378 5379 
ad 2 10130 7479 
hyperspace 4 12154 12865 9376 12863 
dicyanomethylene 3 2018 2122 2123 
evasion 2 19910 12677 
colocation 1 18440 
multi-cloud 1 12451 
editors 1 18173 
quantified 1 8380 
visualization 1 7081 
load-balancing 7 18234 18235 18236 18237 12884 12885 12886 
sliding-window 3 18319 18320 1627 
approximate 3 18525 18526 18528 
activities 1 3791 
federated 1 9671 
resource-limited 1 7101 
standardized 1 13080 
synthesis 1 2041 
ring 2 17628 17629 
lesson 3 19563 18130 19564 
creating 1 13080 
programs 2 7393 8011 
abduction 2 17889 19304 
services 23 10146 9986 7866 7868 10761 10762 10763 10764 9670 9671 9810 9809 7444 8085 8086 7582 7583 12677 5696 7455 12676 4607 12678 
structure 1 1860 
predictive 5 18781 18782 18783 18784 18997 
channels 3 12505 12506 10110 
flexible 1 8830 
agent-based 3 5377 5378 5379 
composite 6 19201 19202 19203 19204 19205 5696 
centrality 1 19201 
enabling 10 7820 7821 7822 7823 7824 11557 11095 11096 8380 11098 
traffic 5 7276 11135 11136 11137 11138 
e-infrastructure 2 10762 10764 
negotiation 1 7225 
measures 1 347 
delivery 8 9666 9667 9668 9669 9670 9671 17927 18173 
novel 8 10130 7479 2188 2041 2018 2123 2424 8329 
malware 1 10228 
optimisation 1 7541 
mapfs-dai 1 8086 
accessing 1 7947 
development 3 7394 12662 7850 
pairwise 1 10110 
influence 2 2821 2822 
algorithm 16 7868 18411 18412 18413 18414 11449 7582 7808 8271 8273 8274 8275 12981 18913 18914 5696 
mapreduce 3 10721 10233 7386 
doped 7 2041 2017 2018 2423 2424 2425 2426 
hashing 2 17628 17629 
state-space 1 1185 
qcg-ompi 6 8424 8848 8849 8850 8851 8852 
spire 1 17585 
actionable 3 18997 17706 19104 
multi-keyword 2 8830 18520 
closed 3 12981 18913 18914 
geriatric 2 9376 12863 
characterizing 6 10762 10764 6953 10919 7081 8644 
cuts 1 9030 
weakly 2 19793 19794 
xtremweb 6 8423 6953 8424 8425 8426 8427 
spatial 4 18440 1860 19813 19814 
discriminative 1 18235 
schemes 2 9724 8585 
dvc 1 7081 
middleware 3 12743 7582 7583 
k-means-based 1 17978 
lars 3 18838 18839 18840 
machines 2 9670 9671 
ontology-based 2 7947 7850 
location-aware 3 18838 18839 18840 
unified 3 18251 18884 17978 
extension 4 8086 19934 19935 19936 
product 4 4671 5694 5695 5696 
quadtree 1 1627 
energy-efficient 2 7479 9376 
teaching 1 7947 
classification 6 17978 19130 19131 19132 19920 18208 
lambda-grids 1 7081 
earth 1 7081 
design 9 18130 4017 4976 4978 8086 4671 5377 5378 5379 
technology 6 5734 5735 12154 12865 9376 12863 
multicore 3 9439 10787 10788 
selective 3 9030 19813 19814 
save 1 9439 
individual 2 9376 12863 
location 4 1860 7101 18997 19037 
integrity 3 18253 8585 7225 
reliability 1 7947 
perspectives 1 7786 
study 2 12921 12981 
sequencing 2 3775 3776 
computing 32 7394 13650 13651 13652 9141 11586 11587 9810 9809 7444 8830 7479 10110 7582 7583 7808 8423 6953 8424 8425 8426 8427 10919 8271 7538 7539 7386 7540 7541 2822 7225 5379 
fraud 1 17978 
studies 1 17833 
self-stabilization 1 12921 
buffer 2 2018 2123 
prismatic 2 3775 3776 
partitioning 5 17831 17832 17833 17835 5696 
level 1 5379 
partition 2 17628 17629 
results 3 19570 19571 19572 
geoscience 2 10146 9986 
hydroxyquinoline 6 2017 2018 2122 2123 2423 2167 
sets 9 9986 10242 10243 10244 10245 18525 18526 18528 347 
developing 2 9601 8380 
sla 1 12451 
pre-scheduling 2 11130 11131 
txop 2 12506 13523 
live 11 7820 7821 7822 7823 7824 9868 9869 4671 9870 9871 9872 
combining 4 7444 19088 19089 19090 
challenges 3 6446 3791 5379 
crowdsourcing 1 1860 
chloride 8 2017 2018 2120 2121 2122 2123 2423 2167 
correlation 2 19113 19114 
workflow-based 2 10762 10764 
machine 7 9690 10228 10721 10233 7947 6953 9012 
targeted 1 19557 
liquid 1 3354 
emerging 4 10228 7808 18901 18903 
incremental 3 18319 18320 1627 
locating 1 19655 
decompositions 3 17614 17615 17617 
customer-supplier 1 2425 
mining 43 7868 18299 19793 19794 18170 18171 18172 18235 18440 13026 8830 13025 13027 8086 9724 8585 10242 10243 10244 10245 11138 19910 12677 19820 19821 19822 19823 19824 19494 18997 18832 17978 18960 18961 18901 18903 17474 12981 18913 18914 19987 19988 1185 
concept 8 18781 18782 18783 18784 8585 19570 19571 19572 
equivalent 1 7444 
drifts 4 18781 18782 18783 18784 
volunteer 1 10919 
theory 4 17888 17889 17891 1480 
grid-based 5 10761 10762 10763 10764 7947 
runtime 1 9012 
footprint 3 13503 13504 13505 
improve 2 9809 17706 
enhanced 2 2017 2018 
cyber 1 8585 
network 14 9690 9810 9809 19655 7276 10110 10242 10243 10244 10245 9012 12884 12885 12886 
online 18 18251 18298 18299 18300 18301 19155 19156 19890 19891 19892 7808 19201 18266 18267 18268 18269 18270 6415 
matrix-based 1 10110 
autonomic 5 9986 9810 9809 8085 8086 
real 1 12921 
wormhole 1 7276 
scalable 19 18838 18839 18840 18235 11131 11754 11755 11756 9012 19507 19508 19201 17927 18173 17583 17584 17585 17587 8380 
read 2 9956 9957 
spatiotemporal 3 18170 18171 18172 
various 6 2017 2018 2122 2123 2423 2167 
ultra 3 2018 2122 2123 
tuning 1 10146 
healthcare 4 12451 9376 12863 7386 
agenda 1 1185 
application 7 19156 19890 19891 19892 8585 7541 1480 
smp 2 7393 8011 
resource 20 9140 9141 9142 9143 9670 9671 9601 9868 9869 4671 9870 9871 9872 7582 10242 6953 10919 7081 8644 11557 
e-toile 3 9810 9809 7444 
ii 1 8585 
growing 3 11846 11847 11848 
sms 1 9724 
rapid 2 3775 3776 
bodycloud 1 7394 
section 6 9986 7394 7444 7276 7479 5379 
human 2 9376 12863 
local 2 17889 19304 
guide 2 17889 19304 
intelligent 8 4671 7538 7386 7541 7225 17749 17750 17751 
mpi 11 8424 8848 8849 8850 8851 8852 10480 10481 10482 7393 8011 
qos 10 12505 12506 10110 13523 12677 5379 7455 12676 4607 12678 
collaborative 11 18298 18299 18300 18301 4671 7081 8271 8273 8274 8275 11557 
non-uniform 1 7276 
datatag 1 7444 
overlays 1 17927 
optimal 2 9670 9671 
ampic 1 8644 
counters 1 9809 
wiki-health 1 8380 
lr-wpans 3 12505 12506 10110 
scheme 17 18251 18884 9322 7479 12506 13523 12150 12151 12152 12153 12154 11131 7947 12935 12936 2424 17927 
providers 7 9670 9671 12677 7455 12676 4607 12678 
admission 1 7444 
maximization 3 19088 19089 19090 
aluminum 6 2017 2018 2122 2123 2423 2167 
unsupervised 3 19088 19089 19090 
asynchronous 4 18781 18782 18783 18784 
opportunities 1 5379 
threshold-based 2 12506 13523 
expiration 1 17927 
coquos 1 17927 
gridnetworks 1 7444 
induction 1 18231 
constraints 9 18130 17888 17889 17891 18269 19509 19510 19511 17474 
intervals 1 19664 
available 4 10130 10131 9322 7479 
ws 2 9670 9671 
hpc 4 9809 13503 13504 13505 
content 10 10146 7394 12662 7947 17927 18173 17583 17584 17585 17587 
accruals 3 6776 6777 6779 
floor 1 3776 
metric 4 19156 19890 19891 19892 
load 4 7538 7386 7541 7850 
invariants 1 1185 
face 2 19793 19794 
data 99 9986 7868 12594 12595 10762 10764 9140 9141 9142 9143 7444 18253 18319 18320 1627 18235 8830 1860 8085 8086 11449 7479 9724 8585 10242 10243 10244 10245 12150 12151 12152 12153 12154 11131 11135 11136 11137 11138 7947 12935 12936 6953 8554 7081 8271 7386 19910 12677 17614 17615 17617 18525 18526 18528 19507 19508 19095 19820 19821 19822 19823 19824 7225 17833 17585 18266 18267 18268 18269 18270 6415 19509 19510 19511 18832 17978 18960 18961 18443 18444 18445 18901 18903 19040 19041 19042 19043 19044 19045 19813 19814 1479 1480 5694 5695 5696 7850 8328 8329 
aligning 1 7850 
sentence 1 13026 
vs 6 8424 8849 8852 10480 10481 10482 
digital 1 3776 
running 3 9439 7393 8011 
hoc 2 10130 7479 
document 6 2122 17927 19113 19114 19218 19219 
dynamics 1 18253 
intrinsic 1 18299 
multi-criteria 1 6953 
appliance 1 9690 
reverse 2 3775 3776 
itemset 6 18411 18412 18413 18414 19557 11138 
t-butyl 3 2018 2122 2123 
differentially 2 11138 19494 
kernelized 3 19934 19935 19936 
factor 1 17978 
fault 7 8424 8849 8852 10480 10481 10482 8644 
selection 8 12594 12595 18251 19155 19156 7101 18997 19037 
supervised 3 19088 19089 19090 
multi-scheduler 1 5379 
relationship 3 347 2018 8329 
push-pull 4 17831 17832 17833 17835 
pattern 6 18170 18171 18172 18744 18901 18903 
modeling 10 17877 13026 8830 13025 13027 12668 12669 11449 12670 12671 
string 1 17833 
freshness 7 18266 18267 18268 18269 18270 6415 19509 
infrastructure 6 9666 9667 9668 9669 9670 9671 
agree 5 12677 7455 12676 4607 12678 
faces 1 18301 
polarization-induced 3 2018 2123 2167 
pushing 1 17474 
congestion 1 7444 
th 1 3354 
metrics 2 3791 1185 
deductive 3 19130 19131 19132 
networks 32 7394 12662 9140 9141 9142 9143 7444 18066 18067 1860 10130 9322 7479 10110 7808 12150 12151 12152 12153 12154 2424 2425 18520 17583 17584 17585 17587 17648 17649 17650 17651 17652 
categorical 2 1479 1480 
text 2 17978 8329 
index 3 18595 18596 1860 
association 3 18235 19557 17474 
maintenance 4 17583 17584 17585 17587 
multi-domain 1 10110 
white 5 2821 2822 2018 2122 2123 
effort 5 18831 18832 17978 18833 18834 
unstructured 1 17927 
xml 1 19655 
workflow 8 12668 12669 11449 12670 12671 7225 3791 1185 
multilayer 3 2018 2122 2123 
reduce 1 11449 
logic 2 10130 7479 
size 2 19955 19956 
slcp 1 3354 
bursty 3 12505 12506 10110 
hybrids 1 10228 
osg 2 9670 9671 
comparative 1 7538 
simulated 1 5379 
model 24 9671 4017 4976 4978 7276 10130 10131 9322 7479 9439 9376 12863 10233 6953 9956 9957 12677 17978 3791 5379 7455 12676 4607 12678 
sub 3 2041 2018 2123 
density 3 12884 12885 12886 
aromatic 3 2018 2123 2167 
nets 1 13026 
sup 5 9810 9809 2041 9956 9957 
engineering 5 3775 3776 5377 5378 5379 
observations 2 19987 19988 
incomplete 3 19664 19987 19988 
referential 1 18130 
complete 3 8085 8086 8087 
ovm 2 6953 9012 
servers 1 8585 
tolerant 6 8424 8849 8852 10480 10481 10482 
allocation 9 9140 9141 9142 9143 10130 10131 9322 7479 8644 
lans 2 12506 13523 
real-time 5 7386 12510 18267 18269 19509 
supply 1 3791 
machining 2 3775 3776 
h-benzimidazol 6 2017 2018 2423 2424 2425 2426 
defense 1 7225 
functions 3 18249 18251 18253 
confidence-based 1 7225 
geographic 4 18234 18235 18236 18237 
trace 1 7538 
task-level 1 7386 
d-toss 1 1860 
web-based 2 9921 3776 
object-based 2 19813 19814 
mvd 1 19460 
organic 12 2188 2041 2821 2822 2017 2018 2120 2121 2122 2123 2424 2167 
tracking 1 7808 
supporting 5 9810 9809 9921 19494 18208 
views 1 18744 
temporal 13 17888 17889 17891 19304 19375 19376 9030 19377 18267 18269 19509 19510 19511 
service 28 12743 9690 12921 9666 9667 9668 9669 9670 9671 10130 10131 9322 7479 11135 11136 11137 11138 8644 7225 3776 18267 18269 7850 8256 8257 8258 8259 5379 
server 1 8380 
operations 2 9956 9957 
aggregate 1 11131 
age-based 1 17927 
inferences 1 19460 
utility-driven 1 12710 
bases 1 18997 
diagnosis 2 17889 19304 
regression 3 18443 18444 18445 
technical 1 4017 
maintaining 6 18266 18267 18268 18269 18270 6415 
iridium 4 2188 2041 2821 2822 
center 5 9140 9141 9142 9143 8271 
benzidine 6 2017 2018 2423 2424 2425 2426 
open 2 5734 5735 
cover 4 18832 17978 18960 18961 
wrapper 1 10228 
page 2 19920 18208 
file 3 8086 7947 12981 
behaviors 4 10242 10243 10244 10245 
deployment 3 9690 9670 9671 
high-dimensional 3 18235 18901 18903 
compression 1 17585 
processor 1 2425 
groups 2 19910 12677 
cohesion 2 3791 1185 
information 21 10146 18301 18234 18235 18236 18237 19557 13026 9921 17831 17832 17833 17835 18520 17648 17649 17650 17651 17652 18208 1480 
k-ary 1 7276 
problems 2 10146 9986 
polymer 2 2188 2041 
experimental 1 12921 
cluster-based 3 12884 12885 12886 
low-support 1 18235 
wi-fi 2 9322 7479 
armco 1 7582 
flows 2 12594 12595 
fundamentals 2 1183 1185 
tax 2 19910 12677 
logistical 3 9810 9809 7444 
trees 6 19557 18997 17706 19104 18918 18919 
computation 3 10130 7479 347 
language 1 8011 
in-page 2 18595 18596 
fault-tolerant 1 9012 
collaboration 1 8830 
query 17 12710 18699 18700 18701 18130 8830 18066 18067 1860 8271 19570 19571 19572 17749 17750 17751 18208 
effective 12 11130 11131 19570 19571 19572 19040 19041 19042 19043 19044 19045 7850 
probe 1 18208 
mode 6 18266 18267 18268 18269 18270 6415 
qualitative 3 17888 17889 17891 
sensing 5 12150 12151 12152 12153 12154 
private 6 11131 11138 11754 11755 11756 19494 
dual 2 2821 2822 
particle 1 6415 
accurate 1 7276 
reputation-based 1 19494 
highly 5 10130 10131 9322 7479 17615 
ubiquitous 1 7582 
mastermind 1 17833 
migration 2 9690 8644 
labeled 2 19793 19794 
edge 2 17927 18173 
mathematical 1 7276 
crystal 1 3354 
teragrid 2 9670 9671 
access 7 12505 12506 10110 19095 12884 12885 12886 
parallelizing 4 18234 18235 18236 18237 
research 3 5734 5735 1185 
meta-scheduling 2 9670 9671 
vehicular 4 11135 11136 11137 11138 
point 2 347 17978 
integrated 2 7081 4607 
mutual 1 2424 
industrial 2 9810 9809 
balancing 5 7276 10242 7538 7386 7541 
relational 10 1627 19460 19664 17888 17889 17891 19375 19376 9030 19377 
self-organizing 1 9986 
cloud 45 7394 13650 13651 13652 12743 9690 9670 9671 8830 8085 8086 8087 10110 7582 8585 10242 11131 11754 11755 11756 7947 7386 12677 2822 7225 11095 11096 8380 11098 8328 8329 5379 7454 7455 7456 7457 7458 7459 7460 7461 7462 7463 12676 4607 12678 
clem 11 5379 7454 7455 7456 7457 7458 7459 7460 7461 7462 7463 
attack 1 7225 
perceptual 2 17628 17629 
based 40 5734 5735 19557 19664 17877 13026 8830 13025 13027 8086 10130 7479 10110 9724 10228 7808 12154 12865 9376 12863 11131 11754 11755 11756 2188 2041 9956 9957 2822 19570 19571 19572 2018 2123 2167 3775 3776 7850 17628 17629 
cyber-physical 16 8585 12150 12151 12152 12153 12154 11135 11136 11137 11138 18266 18267 18268 18269 18270 6415 
shop 1 3776 
order-preserving 10 19820 19821 19822 19823 19824 18831 18832 17978 18833 18834 
functional 1 347 
giss 3 12884 12885 12886 
impact 6 12668 12669 11449 12670 12671 8644 
diodes 11 2188 2041 2821 2822 2017 2018 2120 2121 2122 2123 2167 
tools 1 7393 
phenyl 6 2017 2018 2423 2424 2425 2426 
power 1 7947 
bregman 3 18249 18251 18253 
reduction 7 19040 19041 19042 19043 19044 19045 1185 
positive 1 18997 
user-defined 1 5379 
work 1 5379 
tfp 3 12981 18913 18914 
systems 60 9986 7394 12662 7868 9809 18234 18235 18236 18237 19460 13503 13504 13505 11449 7276 9868 9869 4671 9870 9871 9872 8585 10228 7808 9439 10787 10788 12150 12151 12152 12153 12154 11130 11131 11135 11136 11137 11138 8423 6953 8424 8425 8426 8427 7393 8271 7538 7539 7386 7540 7541 18266 18267 18268 18269 18270 6415 7101 12981 7850 
spaces 4 17831 17832 17833 17835 
implication 1 18130 
hash 1 19655 
portal 2 10146 9986 
data-intensive 1 7444 
properties 10 2017 2018 2122 2123 2423 2424 2425 2426 2167 5379 
modelling 5 9690 11586 11587 1479 1480 
jetstream 5 7820 7821 7822 7823 7824 
throughput 7 11586 11587 7820 7821 7822 7823 7824 
environment 5 9141 8086 8271 7225 5379 
market 4 10130 10131 9322 7479 
importance 5 17877 13026 8830 13025 13027 
window 1 1627 
decision-aware 3 5527 5529 5530 
apps 1 17978 
subjective 2 10130 7479 
images 2 19793 19794 
conditional 4 18742 18743 18744 18745 
emitting 3 2018 2122 2123 
ensembling 2 19898 19899 
management 29 9666 9667 9668 9669 9670 9671 18301 13503 13504 13505 9601 9868 9869 4671 9870 9871 9872 7582 9724 8585 10242 7808 7393 7081 6776 6777 6779 3776 3791 
efficient 29 18838 18839 18840 17889 19304 8830 6953 8554 8271 8273 8274 8275 12510 17615 18525 18526 18528 19094 19095 2018 2123 2167 11557 17585 12981 18913 18914 19813 19814 
filter 1 10228 
specific 1 5379 
precedence 1 11449 
agents 4 9439 7538 7386 7541 
image-rich 5 17648 17649 17650 17651 17652 
object 1 3791 
analytical 1 7276 
multilevel 1 19460 
fit 2 19955 19956 
graph 2 7276 7808 
cesium 2 2017 2018 
interactive 2 18301 4607 
vector 2 10228 17833 
reinforced 5 17648 17649 17650 17651 17652 
operators 1 1627 
netsolve 1 8644 
activation 1 7808 
film 2 2821 2822 
multitype 1 2122 
dcjtb 4 2018 2122 2123 2424 
warehouses 2 19507 19508 
error 3 12505 12506 10110 
exascale 3 13503 13504 13505 
strategy 6 11449 11130 11131 7225 8328 8329 
relaxation 1 5379 
processors 2 9439 12510 
benzene 6 2017 2018 2423 2424 2425 2426 
nearest 4 9986 18066 18067 1860 
rules 5 18235 18699 18700 18701 17474 
intra-ac 2 12506 13523 
neighbor-based 1 9986 
technologies 4 7394 12662 18884 8585 
peertrust 1 19494 
term 1 7850 
applied 1 2018 
server-assigned 1 1860 
context 8 9810 9809 7444 7850 8256 8257 8258 8259 
guarantee 2 18267 18269 
cluster 2 7947 12981 
negative 2 19920 18208 
yl 6 2017 2018 2423 2424 2425 2426 
auditing 1 8585 
plsa 1 18997 
