<Keyword> <No of vertices> <vertex1> <vertex2> .... <vertexN> 
desktop 6 13246 13247 13248 13249 13250 13251 
awareness 3 13693 13694 13695 
academic 1 13718 
networked 4 13996 13995 14540 14541 
time 1 13370 
movement 1 13341 
ad-hoc 3 13738 13824 14034 
role 6 13725 13729 13730 13889 13740 14446 
systematic 3 14609 14610 14611 
infoethics 1 13702 
directive 1 14271 
generation 4 13360 13688 14116 13889 
video 8 13209 13210 13211 13212 13493 13494 13495 13496 
intelligence 2 13233 13234 
inequalities 3 13726 13727 13728 
conditions 1 13889 
project 2 14236 13721 
european 9 13597 16338 13697 13698 13709 13710 13711 13737 13738 
frames 2 13729 13730 
quality 2 13213 13737 
cafe 2 13718 13803 
mobilization 2 13729 13730 
attacks 3 13371 13372 13373 
dynamic 12 13076 13077 13078 13079 13123 13350 13351 13352 13493 13494 13495 13496 
literacy 2 13722 14337 
knowledge 3 13360 13479 13480 
communications 8 13136 13137 13138 14115 14391 13738 13824 14034 
youths 3 13742 13743 13744 
behavior 7 13714 13715 13716 13717 13748 13749 13752 
carlo 4 13152 13153 13154 13155 
commerce 1 13721 
bangladesh 1 14236 
times 3 14081 13996 14082 
experiments 2 13731 13732 
isbn 1 13721 
coherent 1 13281 
sweden 2 13824 14536 
keys 2 13599 13600 
markets 3 13706 14115 14116 
forecasting 5 13370 13824 14165 14666 14667 
taiwan 4 13700 13765 13766 13721 
connectivity 1 13739 
telematics 1 13737 
increasing 4 13726 13727 13728 13739 
mcmc 2 13479 13480 
electronic 1 13706 
autopoietic 2 13722 14337 
new 9 13593 13683 13719 13721 14081 13996 14082 13737 14214 
utility 4 13216 13217 13218 13219 
sequence 2 13319 13320 
library 3 13226 13227 13228 
multiprocessor 6 13254 13255 13256 13257 13258 13259 
public 2 13599 13600 
libraries 1 13725 
physical 3 13131 13132 13133 
computational 7 13216 13217 13218 13219 13478 13676 13677 
basis 2 13521 13522 
designing 2 13996 13995 
paradigm 4 13604 13605 13606 13607 
root 3 13689 13690 13691 
change 2 13740 14446 
tool 4 13097 13098 13099 13100 
distributed 26 13136 13137 13138 13175 13176 13303 13304 13327 13328 13329 13330 13331 13342 13343 13344 13384 13385 13593 13629 13630 13631 13663 13664 13665 13666 13667 
increments 1 13525 
architecture 10 13136 13137 13138 13181 13182 13183 13360 13732 14115 14116 
dynamically 6 13254 13255 13256 13257 13258 13259 
consumer 3 14155 14081 13996 
policies 4 13721 14115 14116 13889 
software 8 13254 13255 13256 13257 13258 13259 13403 14271 
medical 3 13700 13765 13766 
pcs 2 13172 13173 
friendship 3 13748 13749 13752 
processing 1 13593 
bank 4 14609 14660 14661 14662 
perspective 12 13402 13720 13721 13722 14337 13745 13746 13747 13748 13749 13750 14515 
taboo 1 14271 
synchronized 5 13663 13664 13665 13666 13667 
spectrum 2 13732 14402 
automatic 3 13388 13389 13390 
contextualizing 2 13740 14446 
country 3 13468 14760 14236 
factors 6 13720 13721 13737 13745 13746 13747 
seismic 5 13327 13328 13329 13330 13331 
aerodynamic 3 13342 13343 13344 
sparse 4 13423 13424 13425 13426 
heterogeneous 6 13172 13173 13493 13494 13495 13496 
governance 1 13889 
feature-based 5 13184 13185 13186 13187 13188 
indoor 2 13479 13480 
consultancy 4 13468 14760 14236 13889 
analysis 26 13097 13098 13099 13100 13319 13320 13388 13389 13390 13643 13644 13645 13717 14303 14304 14305 13726 13727 13728 13729 13730 13824 14042 14043 13740 13741 
education 9 13177 13178 13179 13180 13558 13718 13726 13727 13728 
perceived 1 13721 
simulation 10 13423 13424 13425 13426 13629 13630 13631 13640 13641 13642 
business 9 13427 13428 13707 13708 13732 14115 14402 14391 13824 
atomic 1 13525 
response 5 13566 13567 13568 13569 13570 
wireless 10 13709 13710 13711 13732 14115 14391 13824 14165 14666 14667 
fuzzy 1 13370 
asia 2 13740 14446 
drms 2 14115 14740 
reconfigurable 9 13254 13255 13256 13257 13258 13259 13563 13564 13565 
workload-based 2 13121 13122 
population 3 13726 13727 13728 
law 2 14115 14740 
semantic 4 13175 13176 13479 13480 
iterative 4 13423 13424 13425 13426 
planned 3 13748 13749 13752 
theoretical 2 13720 13721 
securing 2 13368 13369 
shadows 1 13123 
source 3 13722 13723 13724 
reverse-mode 3 13388 13389 13390 
java 2 13346 13347 
dense 2 13156 13157 
nursing 4 13177 13178 13179 13180 
assessment 3 13244 13245 13737 
adding 2 13731 13732 
graphs 1 13593 
singh 1 13721 
strangers 3 13748 13749 13752 
telemedicine 1 14236 
news-related 1 13721 
belgian 4 14156 14153 14154 14155 
layered 1 13360 
replication 3 13404 13405 13406 
broadcasters 2 13697 13698 
norm 2 13720 13721 
social 12 13720 13721 13725 13729 13730 13745 13746 13747 13748 13749 13750 14515 
tolerance 6 13643 13644 13645 13693 13694 13695 
bbs 3 13094 13095 13096 
support 4 13213 13244 13245 13403 
spanish 5 13594 13595 13596 13597 13598 
radiosity 1 13123 
searching 3 13466 13467 13468 
adaptive 11 13081 13082 13083 13321 13322 13323 13324 13452 13453 13454 13455 
menu 2 13546 13547 
privacy 5 13693 13694 13695 13996 13995 
job 3 13081 13082 13083 
health 3 14236 13718 13733 
distribution 3 14461 14462 14463 
scaling 5 13097 13098 13099 13100 13295 
abstraction 3 13226 13227 13228 
foraging 2 13319 13320 
colony 2 13156 13157 
recorded 3 13388 13389 13390 
pointer 2 13368 13369 
western 3 13709 13710 13711 
virtual 12 13123 13437 13438 13439 13440 13553 13554 13555 13556 13557 13610 13611 
credibility 1 13721 
television 4 13719 13732 14156 14271 
europe 9 13402 13732 14156 13737 14214 13824 14165 14666 14667 
diabetes 1 14236 
predictability 1 13093 
aspects 2 13233 13234 
generalizable 2 13479 13480 
explaining 6 13748 13749 13750 13751 13752 13753 
achievements 1 13718 
perceptions 4 13996 13995 14540 14541 
alerts 3 13689 13690 13691 
innovators 2 14115 14271 
encoding 2 13368 13369 
trading 1 13370 
voip 1 13213 
diversity 2 13741 14059 
stay 2 13741 14059 
editorial 1 13737 
marketing 3 14155 14081 13996 
green 2 13721 13737 
ethical 1 13702 
reasoning 2 13591 13592 
insights 2 13427 13428 
method 6 13566 13567 13568 13569 13570 13670 
porting 3 13094 13095 13096 
efficiency 4 13714 13715 13716 13717 
closing 2 13737 14214 
d-models 1 13889 
single 4 14156 14153 14154 14155 
initiatives 1 13739 
multiplicity 2 13741 14059 
algebraic 3 13131 13132 13133 
related 5 13663 13664 13665 13666 13667 
python 4 13374 13375 13376 13377 
schools 3 13722 13723 13724 
experiment 3 13722 13723 13724 
action 2 13729 13730 
applications 34 13089 13090 13091 13092 13097 13098 13099 13100 13131 13132 13133 13150 13151 13246 13247 13248 13249 13250 13251 13303 13304 13336 13337 13338 13339 13403 13452 13453 13454 13455 13638 13639 14115 14391 
asia-pacific 2 13737 14054 
biomedical 1 13447 
daroc 3 13136 13137 13138 
means 4 13558 13722 13723 13724 
consumers 2 13720 13721 
efficiently 6 13286 13287 13288 13289 13290 13291 
printing 3 13722 13723 13724 
pki 1 13295 
solver 3 13131 13132 13133 
clusters 7 13172 13173 13553 13554 13555 13556 13557 
hybrid 6 13233 13234 13441 13629 13630 13631 
security 6 13371 13372 13373 13689 13690 13691 
compsci 2 13676 13677 
requirements 4 13656 13657 13658 13659 
investment 2 13597 16338 
incentive-compatible 4 13620 13621 13622 13623 
informatics 5 13177 13178 13179 13180 13737 
effectiveness 2 13244 13245 
path 1 13213 
ideology 1 13593 
grid 31 13081 13082 13083 13152 13153 13154 13155 13319 13320 13321 13322 13323 13324 13342 13343 13344 13360 13404 13405 13406 13469 13470 13563 13564 13565 13617 13618 13638 13639 13676 13677 
innovation 2 13824 14165 
hla 3 13629 13630 13631 
adapted 3 13484 13485 13486 
building 2 13591 13592 
political 4 13719 13740 13741 14446 
vocabulary 4 13209 13210 13211 13212 
task 5 13237 13238 13350 13351 13352 
agreement 4 13321 13322 13323 13324 
problem 5 13216 13217 13218 13219 13471 
instrument 3 13742 13743 13744 
algorithmic 6 13233 13234 13404 13405 13406 13619 
interface 7 13254 13255 13256 13257 13258 13259 13721 
concepts 5 13084 13085 13086 13087 13088 
provision 2 13705 13706 
election 4 13711 14546 14547 14548 
implementation 11 13181 13182 13183 13484 13485 13486 13546 13547 13699 13700 13701 
identification 3 13689 13690 13691 
weighting 4 13083 19358 19359 19360 
scientific 5 13089 13090 13091 13092 13292 
mobile-banking 4 14609 14660 14661 14662 
bridging 3 13824 14042 14043 
energy 12 13437 13438 13439 13440 13493 13494 13495 13496 13714 13715 13716 13717 
technique 5 13442 13443 13444 13591 13592 
discussion 2 14446 14445 
clinic 3 13468 14760 14236 
multicast 4 13076 13077 13078 13079 
countries 2 14115 14466 
production 2 13722 14720 
practices 3 13700 13765 13766 
concurrent 1 13655 
comprehensive 4 13548 13549 13550 13551 
quantity 1 13737 
feature 2 13384 13385 
jsim 3 13640 13641 13642 
self-certified 2 13599 13600 
entities 3 13484 13485 13486 
o-fcn 2 13175 13176 
models 14 13360 13673 13674 13675 13707 13708 13721 13731 13732 14115 14402 14156 14391 13824 
hypercube 3 13094 13095 13096 
narcissism 2 13737 14164 
deadline 4 13437 13438 13439 13440 
polarizabilities 1 13525 
predictors 4 13717 14303 14304 14305 
censor-ware 1 13721 
press 1 13721 
plants 1 13609 
advertising 2 13720 13721 
eucd 2 14115 14740 
use 19 13286 13287 13288 13289 13290 13291 13346 13347 13591 13592 13604 13605 13606 13607 14081 13996 14082 13737 14164 
states 4 13281 13420 13421 13422 
isospectral-like 1 13471 
scenarios 4 14156 14153 14154 14155 
decoding 4 13493 13494 13495 13496 
sigma 5 13084 13085 13086 13087 13088 
american 2 13737 14164 
customization 2 13705 13706 
cons 3 14839 14609 14840 
site 3 13745 13746 13747 
platform-as-a-service 2 13731 13732 
diffusion 2 14115 14391 
quake-catcher 6 13286 13287 13288 13289 13290 13291 
replicated 3 13136 13137 13138 
tubulin 1 13281 
divide 6 13824 14042 14043 14839 14609 14840 
sexting 7 13748 13749 13750 13751 13752 13753 14515 
learning 10 13521 13522 13718 13722 13723 13724 13748 13749 13750 14515 
singular 2 13132 19057 
medium 3 14081 13996 14082 
commons-based 2 13722 14720 
south 7 13711 14546 14547 14548 13739 14446 14445 
grids 11 13089 13090 13091 13092 13216 13217 13218 13219 13371 13372 13373 
ipv 2 14115 14116 
e-readiness 4 13824 14839 14609 14840 
science 3 13447 13676 13677 
architectures 4 13493 13494 13495 13496 
parsytec 1 13670 
values 2 13702 13706 
ipsc 3 13094 13095 13096 
care 2 14236 13733 
workstation-farm 1 13478 
dutch 3 13726 13727 13728 
two-level 4 13083 19358 19359 19360 
demand 15 13246 13247 13248 13249 13250 13251 13566 13567 13568 13569 13570 13824 14165 14666 14667 
china 2 13719 13721 
enabled 3 13342 13343 13344 
control 8 13213 13546 13547 13566 13567 13568 13569 13570 
prescription-release 3 13700 13765 13766 
willingness 6 13748 13749 13750 13751 13752 13753 
extraction 2 13384 13385 
economic 3 13709 13710 13711 
workstation 1 13403 
vectors 2 13132 19057 
case-based 2 13591 13592 
navigation 1 13721 
case 12 13384 13385 13721 13722 14720 13729 13730 14116 13889 14461 13824 14536 
innovative 1 13739 
archaeological 5 13663 13664 13665 13666 13667 
profiling 2 13237 13238 
aspiring 1 13719 
era 1 13719 
large-scale 4 13489 13490 13491 13492 
singapore 3 13721 13729 13730 
peer-to-peer 5 13722 14337 14461 14462 14463 
blogs 3 13721 13729 13730 
hpcn 1 13402 
setting 2 13384 13385 
performance 13 13097 13098 13099 13100 13121 13122 13303 13304 13348 13349 13442 13443 13444 
exploratory 3 13693 13694 13695 
cam 1 13558 
interdisciplinary 2 13676 13677 
handsets 4 13714 13715 13716 13717 
profile 4 13237 13238 13718 13803 
differentiation 3 13388 13389 13390 
community 2 13697 13698 
extended 1 13655 
deformation 1 13525 
sensors 6 13286 13287 13288 13289 13290 13291 
classrooms 1 13718 
effect 1 13525 
authentication 9 13101 13102 13594 13595 13596 13597 13598 13599 13600 
genetic 6 13081 13082 13083 13466 13467 13468 
regional 1 13719 
changing 1 13732 
democratic 1 13889 
device 3 13094 13095 13096 
infrastructures 5 13722 14337 14115 14116 14461 
usage 6 14156 14153 14154 14155 13824 14536 
core 6 13493 13494 13495 13496 13617 13618 
high 9 13226 13227 13228 13442 13443 13444 13722 13723 13724 
personalized 2 13610 13611 
automated 7 13083 19358 19359 19360 13689 13690 13691 
p-assisted 4 13620 13621 13622 13623 
surface 3 13466 13467 13468 
mechanism 4 13620 13621 13622 13623 
hierarchical 3 13342 13343 13344 
stock 1 13370 
reform 1 13719 
carbon 1 13525 
income 3 13726 13727 13728 
focus 1 14236 
low-cost 6 13286 13287 13288 13289 13290 13291 
industry 4 13707 13708 13732 14402 
strategies 2 13996 13995 
games 2 13311 13312 
continuous 2 13156 13157 
multi-server 2 13599 13600 
operational 2 13707 13708 
unesco 1 13702 
gaps 5 13737 14214 13824 14839 14609 
protesting 2 13729 13730 
visual 4 13209 13210 13211 13212 
start 1 13737 
satisfaction 3 13700 13765 13766 
sar 1 13721 
myself 3 13742 13743 13744 
culture 2 13740 13741 
stream 2 13150 13151 
translation 2 14115 14116 
high-order 1 13370 
superscheduling 4 13321 13322 13323 13324 
centers 5 13566 13567 13568 13569 13570 
secure 5 13594 13595 13596 13597 13598 
cultural 1 13719 
mapping 2 13479 13480 
retrieval 2 13175 13176 
techniques 5 13184 13185 13186 13187 13188 
multi-tier 4 13452 13453 13454 13455 
modern 3 13131 13132 13133 
computers 2 13121 13122 
telecommunications 6 13732 14115 13889 14741 13824 14165 
end 3 13484 13485 13486 
$-means 4 13083 19358 19359 19360 
pornographic 4 13209 13210 13211 13212 
applying 6 13748 13749 13750 13751 13752 13753 
distracted 2 13737 14164 
orbitals 3 13420 13421 13422 
resuming 5 13553 13554 13555 13556 13557 
excited 3 13420 13421 13422 
pros 3 14839 14609 14840 
framework 13 13441 13479 13480 13638 13639 13663 13664 13665 13666 13667 13699 13700 13701 
process 3 13721 13740 14446 
databases 3 13466 13467 13468 
radio 2 13697 13698 
broadband 5 14116 13889 14461 13824 14536 
improving 2 13526 13527 
re-structuring 3 13404 13405 13406 
phone 7 13717 14303 14304 14305 13742 13743 13744 
multicellular 1 13341 
structural 4 13717 14303 14304 14305 
remote 5 13468 14760 14236 13599 13600 
attitudes 7 13714 13715 13716 13717 13742 13743 13744 
function 5 13521 13522 13719 13729 13730 
heap 2 13368 13369 
scheduling 12 13081 13082 13083 13350 13351 13352 13437 13438 13439 13440 13526 13527 
semiconductor 3 13094 13095 13096 
sent 3 13748 13749 13752 
algorithms 11 13081 13082 13083 13342 13343 13344 13466 13467 13468 13526 13527 
penetration 1 13889 
status 3 13742 13743 13744 
lowering 4 14156 14153 14154 14155 
post-wto 1 13719 
transputer 3 13466 13467 13468 
policy 4 13700 13765 13766 13739 
cross-domain 3 13371 13372 13373 
media 4 13729 13730 13737 14164 
generic 5 13663 13664 13665 13666 13667 
breaks 4 13717 14303 14304 14305 
issue 5 13712 13713 13738 13824 14034 
state 1 13721 
eid 5 13594 13595 13596 13597 13598 
solution 4 14156 14153 14154 14155 
evaluation 8 13121 13122 13575 13576 13577 13689 13690 13691 
sharing 3 13371 13372 13373 
adolescent 7 13748 13749 13750 13751 13752 13753 14515 
aborted 1 13721 
implications 4 14271 13824 14042 14043 
acceptance 3 13748 13749 13752 
availability 3 13643 13644 13645 
students 1 13718 
university 1 13721 
greece 3 13722 13723 13724 
petrochemical 1 13609 
soft 1 13737 
eigenvalue 1 13471 
nanotubes 1 13525 
special 10 14236 13676 13677 13712 13713 13737 13738 14054 13824 14034 
turkey 2 13718 13803 
user 23 13336 13337 13338 13339 13599 13600 13656 13657 13658 13659 13693 13694 13695 13714 13715 13716 13717 14116 13889 13824 14165 14666 14667 
browsing 2 13214 13215 
clients 6 13599 13600 14609 14660 14661 14662 
visions 2 14115 14466 
using 27 13097 13098 13099 13100 13131 13132 13133 13175 13176 13216 13217 13218 13219 13371 13372 13373 13374 13375 13376 13377 13466 13467 13468 13599 13600 13729 13730 
communities 4 13295 13468 14760 14236 
self-adaptive 4 13336 13337 13338 13339 
college 1 13718 
singlet 1 13281 
gf 2 13348 13349 
publics 2 13729 13730 
octree-based 1 13441 
politics 1 13721 
search 2 13737 13738 
e-commerce 2 13427 13428 
protein 5 13319 13320 13404 13405 13406 
features 8 13209 13210 13211 13212 13717 14303 14304 14305 
projections 4 13097 13098 13099 13100 
government 2 13729 13730 
data-activated 3 13136 13137 13138 
patterns 1 13719 
moving 2 13824 14165 
multiresolution 1 13441 
optimization 5 13319 13320 13342 13343 13344 
companies 2 13597 16338 
effects 1 13718 
keystroke 2 13101 13102 
promises 3 14155 14081 13996 
automata 3 13673 13674 13675 
mechanisms 3 13371 13372 13373 
review 3 14609 14610 14611 
gcel 1 13670 
introduction 7 13732 14115 14116 14081 13996 14082 13737 
e-government 3 13699 13700 13701 
exploitation 6 13246 13247 13248 13249 13250 13251 
geometric 5 13184 13185 13186 13187 13188 
seeking 1 13702 
measuring 4 13714 13715 13716 13717 
widening 2 13737 14214 
determinant 3 13442 13443 13444 
cross-national 4 13740 13741 14446 14445 
programming 22 13089 13090 13091 13092 13136 13137 13138 13181 13182 13183 13233 13234 13348 13349 13374 13375 13376 13377 13656 13657 13658 13659 
loop 4 13336 13337 13338 13339 
debate 4 13711 14546 14547 14548 
donate 3 13745 13746 13747 
socio-economic 4 13824 14165 14666 14667 
investigating 2 13824 14536 
affecting 2 13720 13721 
relationships 1 13706 
clustering 4 13083 19358 19359 19360 
intensive 4 13452 13453 13454 13455 
linear 4 13423 13424 13425 13426 
adoption 9 13721 13824 14536 14609 14610 14611 14660 14661 14662 
eu 4 14271 13738 13824 14034 
needs 3 14155 14081 13996 
web 2 13214 13215 
printing-milling 2 13722 14720 
chemistry 1 13478 
volume 1 13737 
methods 2 13521 13522 
assessments 3 14839 14609 14840 
supernode 6 13254 13255 13256 13257 13258 13259 
auctions 3 13709 13710 13711 
rosenau 1 13721 
versus 2 13132 19057 
exploring 5 13721 13996 13995 14540 14541 
asian 5 13729 13730 13745 13746 13747 
transparency 4 13996 13995 14540 14541 
phenomena 3 13673 13674 13675 
future 10 13360 13718 13732 14115 14116 14402 13889 13738 13824 14034 
broadcasting 2 13697 13698 
ant 2 13156 13157 
financial 5 13152 13153 13154 13155 13824 
pkix-based 3 13484 13485 13486 
environments 2 13123 13718 
reprap-based 2 13722 14720 
detection 4 13209 13210 13211 13212 
recursive 3 13131 13132 13133 
three-dimensional 4 13094 13095 13096 13341 
educational 5 13346 13347 13722 13723 13724 
erasable 2 13150 13151 
internet 19 13370 13693 13694 13695 13718 13803 13721 13726 13727 13728 13737 13824 14042 14043 14609 14610 14611 13741 14059 
amp 2 13597 16338 
phase 1 13706 
provisioning 4 13452 13453 13454 13455 
mobile 33 13599 13600 13610 13611 13693 13694 13695 13714 13715 13716 13717 13720 13721 13731 13732 14115 14116 14402 14156 14391 13733 13738 13824 14034 14042 14043 14165 14536 14446 14445 13742 13743 13744 
trusted 2 13427 13428 
ict 6 13725 14115 14116 13889 13737 13739 
understanding 2 13996 13995 
routing 1 13213 
arguing 1 13513 
eds 1 13721 
experience 3 13709 13710 13711 
parallel 46 13089 13090 13091 13092 13097 13098 13099 13100 13121 13122 13131 13132 13133 13303 13304 13327 13328 13329 13330 13331 13348 13349 13374 13375 13376 13377 13403 13423 13424 13425 13426 13466 13467 13468 13575 13576 13577 13593 13604 13605 13606 13607 13656 13657 13658 13659 
software-as-a-service 2 13731 13732 
audio 4 13209 13210 13211 13212 
communication 2 14446 14445 
saas 3 13689 13690 13691 
society 7 13702 13712 13713 14115 14466 13737 13738 
prediction 2 13237 13238 
game 2 13707 13708 
interacting 2 13156 13157 
eca 2 13469 13470 
memory 2 13368 13369 
methodology 2 13121 13122 
ai 2 13346 13347 
dimension 2 13132 19057 
e-science 4 13617 13618 13676 13677 
approach 14 13468 14760 14236 13469 13470 13548 13549 13550 13551 13619 13824 14165 14666 14667 
ad 5 13594 13595 13596 13597 13598 
hong-kong 1 13721 
thailand 3 13824 14042 14043 
actor 1 13719 
ny 1 13721 
visualization 8 13184 13185 13186 13187 13188 13303 13304 13513 
abuse 3 13693 13694 13695 
barrier 3 13709 13710 13711 
policy-making 1 13721 
laser 1 13292 
simulations 6 13286 13287 13288 13289 13290 13291 
activities 3 13726 13727 13728 
synthesis 1 13619 
commercial 1 13719 
thoughts 1 13093 
programs 5 13566 13567 13568 13569 13570 
structure 8 13084 13085 13086 13087 13088 13404 13405 13406 
services 13 13213 13427 13428 13489 13490 13491 13492 13889 13733 13824 14165 14666 14667 
post-euphoric 1 13706 
on-cloud 3 13468 14760 14236 
flexible 4 13303 13304 13732 14402 
powerful 6 13286 13287 13288 13289 13290 13291 
agent-based 2 13346 13347 
responses 2 13720 13721 
managed 2 13824 14165 
enabling 4 13336 13337 13338 13339 
traffic 1 13213 
disciplines 5 13663 13664 13665 13666 13667 
vulnerability 4 13548 13549 13550 13551 
delivery 9 14236 13489 13490 13491 13492 13620 13621 13622 13623 
novel 9 13350 13351 13352 13599 13600 13604 13605 13606 13607 
sectional 3 13726 13727 13728 
gap 3 14115 13889 14741 
expert 9 13378 13379 13380 13591 13592 13609 13686 13687 13688 
region 3 13721 13737 14054 
series 1 13370 
hardware 5 13403 13604 13605 13606 13607 
development 8 14115 14116 14271 13889 14741 14461 13740 13741 
marginalized 2 13741 14059 
constraint 4 13437 13438 13439 13440 
pictures 2 13233 13234 
influence 1 13721 
biometric 2 13101 13102 
algorithm 9 13083 19358 19359 19360 13156 13157 13350 13351 13352 
lego-built 2 13722 14720 
hyperspectral 2 13244 13245 
democracy 3 13737 13740 13741 
middleware 6 13136 13137 13138 13732 14115 14116 
pages 1 13721 
organisation 1 13889 
combinator 3 13575 13576 13577 
expressive 1 13558 
socially 2 13741 14059 
supercomputing 1 13447 
machines 10 13097 13098 13099 13100 13244 13245 13437 13438 13439 13440 
idtv 3 14155 14081 13996 
vrml 3 13346 13347 13558 
rule-based 1 13619 
archive 1 13292 
design 2 13546 13547 
multicore 4 13493 13494 13495 13496 
cause 3 13689 13690 13691 
technology 3 14115 14740 13733 
integrity 3 13442 13443 13444 
illustration 1 13558 
perspectives 4 13676 13677 14116 13889 
segmentation 3 13742 13743 13744 
study 8 13384 13385 13693 13694 13695 13721 14446 14445 
computing 15 13076 13077 13078 13079 13466 13467 13468 13526 13527 13563 13564 13565 13610 13611 13733 
studies 2 14116 14461 
chinese 3 13707 13708 13719 
knapsack 4 13216 13217 13218 13219 
barriers 4 14156 14153 14154 14155 
level 9 13226 13227 13228 13321 13322 13323 13324 13824 14165 
results 3 13094 13095 13096 
participation 5 13336 13337 13338 13339 13721 
gather 2 13214 13215 
facebook 4 13996 13995 14540 14541 
age 5 13726 13727 13728 13737 14164 
value 2 13731 13732 
developing 13 13254 13255 13256 13257 13258 13259 13468 14760 14236 13686 13687 14115 14116 
combining 1 13213 
sign-on 4 14156 14153 14154 14155 
challenges 7 13676 13677 13697 13698 14461 14462 14463 
millenium 4 13177 13178 13179 13180 
escort 1 13721 
e-health 3 13468 14760 14236 
machine 2 13722 14720 
comparison 5 13404 13405 13406 13597 16338 
heterarchy 2 13156 13157 
matching 4 13656 13657 13658 13659 
emerging 1 13721 
issues 4 13295 13707 13708 13721 
humanlike 1 13721 
biochemical 3 13673 13674 13675 
democracies 2 13729 13730 
mining 2 13150 13151 
scope 1 13688 
lost 2 14115 14116 
volunteer 2 13526 13527 
ethics 2 13712 13713 
grid-based 4 13089 13090 13091 13092 
theory 6 13563 13564 13565 13748 13749 13752 
participating 5 13566 13567 13568 13569 13570 
compositionality 1 13655 
limitations 1 13688 
monte 4 13152 13153 13154 13155 
protecting 3 13371 13372 13373 
network 13 13286 13287 13288 13289 13290 13291 13731 13732 13741 14059 13745 13746 13747 
sns 3 13745 13746 13747 
online 12 13707 13708 13726 13727 13728 14156 14153 14154 14155 13748 13749 13752 
risk 4 13152 13153 13154 13155 
radial 2 13521 13522 
non-personal 3 13484 13485 13486 
driven 2 13479 13480 
banking 3 14609 14610 14611 
read 4 13452 13453 13454 13455 
cooperation 2 13732 14156 
healthcare 3 13468 14760 14236 
abstract 1 13655 
peer 2 13722 14720 
gravitational-wave 1 13292 
aida 2 13233 13234 
application 4 13563 13564 13565 13733 
audience 4 13996 13995 14540 14541 
resource 16 13216 13217 13218 13219 13311 13312 13452 13453 13454 13455 13469 13470 13620 13621 13622 13623 
ii 3 13575 13576 13577 
fabrication 2 13722 14720 
section 2 13676 13677 
filling 3 14115 13889 14741 
certification 3 13484 13485 13486 
electrical 3 13378 13379 13380 
potentials 3 14461 14462 14463 
local 3 13420 13421 13422 
smart 1 13718 
mpi 2 13638 13639 
qos 2 13214 13215 
greater 1 13721 
albany 1 13721 
ready 3 14081 13996 14082 
scheme 7 13594 13595 13596 13597 13598 13599 13600 
admission 1 13213 
presidential 4 13711 14546 14547 14548 
opportunities 2 13697 13698 
rights-holders 2 14115 14271 
nordic 2 14115 14466 
homogeneous 4 13493 13494 13495 13496 
cell 1 13341 
international 2 13597 16338 
high-performance 4 13604 13605 13606 13607 
copyright 2 14115 14271 
impacts 1 13824 
hpc 5 13553 13554 13555 13556 13557 
content 13 13489 13490 13491 13492 13620 13621 13622 13623 14116 13889 14461 14462 14463 
disaster 3 13643 13644 13645 
fusing 4 13209 13210 13211 13212 
load 9 13172 13173 13237 13238 13566 13567 13568 13569 13570 
hop 4 13076 13077 13078 13079 
vlsi 3 13181 13182 13183 
trends 8 13717 14303 14304 14305 13719 13824 14839 14609 
civic 3 13721 13740 14446 
assurance 3 13442 13443 13444 
choice 2 13705 13706 
simple 4 13604 13605 13606 13607 
data 34 13083 19358 19359 19360 13150 13151 13214 13215 13244 13245 13292 13368 13369 13404 13405 13406 13442 13443 13444 13479 13480 13566 13567 13568 13569 13570 13643 13644 13645 13663 13664 13665 13666 13667 
vs 1 14271 
digital 13 13226 13227 13228 13697 13698 13722 14720 13824 14042 14043 14839 14609 14840 
running 2 13686 13687 
hoc 5 13594 13595 13596 13597 13598 
personal 5 13402 13705 13706 13741 14059 
document 2 13175 13176 
dynamics 3 13101 13102 13281 
globalization 1 13719 
facilitate 3 13136 13137 13138 
uk 2 13617 13618 
interoperability 3 13226 13227 13228 
fault 3 13469 13470 13609 
selection 2 13469 13470 
on-sitedriverid 5 13594 13595 13596 13597 13598 
field 5 13184 13185 13186 13187 13188 
pattern 2 13150 13151 
modeling 4 13093 13643 13644 13645 
tv 5 13489 13490 13491 13492 13719 
variable 4 13083 19358 19359 19360 
infrastructure 7 13076 13077 13078 13079 13484 13485 13486 
optical 4 13489 13490 13491 13492 
faces 1 13737 
earthquake 6 13286 13287 13288 13289 13290 13291 
solvers 4 13423 13424 13425 13426 
ghana 1 13889 
tertiary 1 14236 
gender 3 13726 13727 13728 
networks 19 13479 13480 13489 13490 13491 13492 13521 13522 13548 13549 13550 13551 13593 13594 13595 13596 13597 13598 13824 
cellular 6 13673 13674 13675 13738 13824 14034 
migol 2 13638 13639 
applicative 3 13181 13182 13183 
sp 4 13374 13375 13376 13377 
alternative 6 13378 13379 13380 13732 14116 14461 
japanese 2 13597 16338 
conjugate 1 13670 
willing 2 13705 13706 
workflow 1 13360 
logic 4 13479 13480 13619 13655 
size 1 13525 
james 1 13721 
adolescents 3 13748 13749 13752 
comparative 3 13121 13122 13721 
model 16 13216 13217 13218 13219 13237 13238 13341 13370 13737 13738 13748 13749 13750 13751 13752 13753 
non-cooperative 2 13311 13312 
massively 4 13097 13098 13099 13100 
engineering 1 13889 
weighted 2 13150 13151 
allocation 14 13216 13217 13218 13219 13311 13312 13493 13494 13495 13496 13620 13621 13622 13623 
implement 4 13604 13605 13606 13607 
popularity 4 13717 14303 14304 14305 
expanding 4 13711 14546 14547 14548 
promise 5 14271 13996 13995 14540 14541 
web-based 5 13546 13547 13640 13641 13642 
markov 2 13479 13480 
temporal 1 13655 
service 13 13214 13215 13321 13322 13323 13324 13638 13639 13705 13706 13732 14115 14116 
circuit 4 13423 13424 13425 13426 
intel 3 13094 13095 13096 
denmark 2 14116 14461 
success 3 13700 13765 13766 
anylogic 3 13629 13630 13631 
migrating 11 13246 13247 13248 13249 13250 13251 13553 13554 13555 13556 13557 
tw-$ 4 13083 19358 19359 19360 
diagnosis 4 13378 13379 13380 13609 
audiences 4 13996 13995 14540 14541 
technical 4 13089 13090 13091 13092 
drama 1 13719 
prototype 6 13748 13749 13750 13751 13752 13753 
center 3 13643 13644 13645 
open 3 13722 13723 13724 
behaviors 5 13706 13996 13995 14540 14541 
evolutionary 5 13342 13343 13344 13526 13527 
youngsters 2 13737 14164 
metamodel-assisted 3 13342 13343 13344 
processor 2 13546 13547 
visualizations 4 13996 13995 14540 14541 
information 17 13546 13547 13700 13765 13766 13702 13705 13706 13712 13713 13721 13722 14337 14115 14466 13737 13738 
exclusion 1 13725 
national 2 13824 14165 
alert 7 13371 13372 13373 13548 13549 13550 13551 
iranian 4 14609 14660 14661 14662 
flows 1 13471 
dam-youth 1 13721 
computation 4 13604 13605 13606 13607 
pesys 2 13686 13687 
fault-tolerant 2 13638 13639 
cross 3 13726 13727 13728 
position 6 13286 13287 13288 13289 13290 13291 
collaboration 3 13563 13564 13565 
observatory 1 13292 
cross-media 4 14156 14153 14154 14155 
effective 3 13132 19057 14236 
engage 6 13748 13749 13750 13751 13752 13753 
tele-centres 1 13889 
simplify 4 13374 13375 13376 13377 
surviving 2 13737 14164 
migration 5 13327 13328 13329 13330 13331 
multidimensional 2 13311 13312 
smartphones 2 13824 14536 
associative 3 13575 13576 13577 
access 3 13824 14042 14043 
research 1 13737 
vehicular 5 13594 13595 13596 13597 13598 
scatter 2 13214 13215 
paradigms 1 13683 
balancing 2 13172 13173 
bacteria 2 13319 13320 
cloud 11 13437 13438 13439 13440 13452 13453 13454 13455 13689 13690 13691 
tcp 2 14115 14740 
rhetorical 2 13729 13730 
based 30 13150 13151 13156 13157 13321 13322 13323 13324 13442 13443 13444 13469 13470 13479 13480 13548 13549 13550 13551 13594 13595 13596 13597 13598 14461 14462 14463 13742 13743 13744 
gradient 1 13670 
fine-grained 2 13546 13547 
old 4 13683 14081 13996 14082 
users 9 13718 13803 13721 14115 14271 13996 13995 14540 14541 
impact 3 13732 13889 13737 
requests 3 13748 13749 13752 
sliding 2 13150 13151 
icts 2 13737 14214 
tweeting 4 13711 14546 14547 14548 
power 1 13737 
reduction 2 13132 19057 
korea 8 13711 14546 14547 14548 13824 14165 14446 14445 
cards 5 13594 13595 13596 13597 13598 
systems 28 13089 13090 13091 13092 13341 13360 13378 13379 13380 13423 13424 13425 13426 13546 13547 13591 13592 13620 13621 13622 13623 13629 13630 13631 13655 13686 13687 13688 
awe 2 13737 14164 
multiview 4 13083 19358 19359 19360 
global 7 13184 13185 13186 13187 13188 13702 13721 
collective 2 13729 13730 
shape 3 13342 13343 13344 
modelling 3 13094 13095 13096 
programme 2 13617 13618 
environment 7 13610 13611 13640 13641 13642 13737 14214 
market 2 13719 13889 
window 2 13150 13151 
program 3 13094 13095 13096 
interferometer 1 13292 
influencing 4 13721 13745 13746 13747 
wave 1 13593 
dincast 4 13076 13077 13078 13079 
triplet 1 13281 
management 17 13152 13153 13154 13155 13469 13470 13548 13549 13550 13551 13663 13664 13665 13666 13667 13996 13995 
efficient 16 13076 13077 13078 13079 13437 13438 13439 13440 13493 13494 13495 13496 13620 13621 13622 13623 
longitudinal 3 13726 13727 13728 
intention 3 13745 13746 13747 
dispensing 3 13700 13765 13766 
behaviour 6 13748 13749 13750 13751 13752 13753 
agents 1 13513 
object 3 13136 13137 13138 
multilevel 3 13131 13132 13133 
push 3 14155 14081 13996 
interactive 5 13123 13489 13490 13491 13492 
regulatory 2 13721 13739 
vector 7 13184 13185 13186 13187 13188 13244 13245 
graphics 2 13346 13347 
york 1 13721 
operators 2 13731 13732 
africa 4 14115 13889 14741 13739 
cross-cutting 2 14446 14445 
separation 3 13700 13765 13766 
suspending 5 13553 13554 13555 13556 13557 
processors 3 13563 13564 13565 
shock 2 13737 14164 
rules 2 13469 13470 
lanczos 2 13132 19057 
technologies 10 13721 13732 14115 14116 14391 13996 13995 13740 13741 14446 
multimedia 4 13489 13490 13491 13492 
entry 3 13709 13710 13711 
