<Keyword> <No of vertices> <vertex1> <vertex2> .... <vertexN> 
analyzing 4 12745 12744 11040 12746 
nested 1 6166 
external 4 1886 452 1887 1888 
minimization 2 8224 7374 
networked 7 3853 6162 6163 6164 6165 6166 6167 
time 8 17817 17656 17818 17819 17790 17646 1842 18047 
semantics 8 17944 17943 17945 17571 13647 7014 8456 17423 
event 5 1886 13647 452 1887 1888 
semantically-related 1 9060 
advanced 6 17659 17664 17646 17712 17713 452 
ad-hoc 1 8624 
steganographic 3 17663 18394 19721 
planar 4 17464 12222 12223 18036 
systematic 3 451 450 452 
taxonomy 1 11270 
generation 3 17424 452 7053 
objects 23 17812 17944 17951 17501 17799 17800 17801 17657 19061 17946 17947 17665 18343 19236 19237 19238 13647 17673 17671 18425 17672 18567 18047 
intelligence 1 5567 
slenderness 1 7 
non-answers 5 18621 18843 16600 19016 17464 
highly-threaded 1 10431 
inequalities 4 18344 18345 19018 19019 
hashtag 1 9060 
wide 3 18036 10411 19038 
inverted 3 17673 17671 17672 
partial 4 17812 17809 17810 17811 
aggregation 6 17946 2183 9689 5567 9688 8624 
junction 5 2435 1930 1933 2239 2237 
median 1 19254 
neighbors 5 18024 17665 18730 17664 19396 
european 3 8323 8758 8759 
aspect 1 17912 
quality 3 17424 2969 17423 
codes 1 7053 
multistep 5 17947 17665 18954 18955 18956 
big 8 17663 17501 2709 18621 19710 7014 8456 11040 
attacks 7 12223 1886 452 18215 18216 1887 1888 
dynamic 5 17424 1842 10411 7053 8323 
knowledge 17 17812 17811 18514 18649 18650 19972 19973 3064 3853 7014 8456 9060 9104 17508 18098 18099 17912 
behavior 2 17424 17767 
imbalance 4 8557 10342 8322 11270 
comparing 1 452 
carlo 6 8322 8323 8758 11300 11301 8759 
coupling 1 17424 
net 3 17812 19702 19703 
commerce 4 12222 18072 17872 17873 
immunization 1 18309 
existentially 5 17659 17664 17646 17712 17713 
object-oriented 9 12 1310 17900 19774 3853 452 8456 19719 18047 
ensembles 4 8557 8555 8224 7374 
classes 4 12 18867 17812 18868 
prospects 2 17767 7053 
join 12 17663 17900 17501 18603 19900 17800 18883 17657 19061 17790 17424 1842 
rpern 1 6 
aggregating 4 19061 19236 19237 19238 
super-peer 1 10755 
electronic 1 18072 
multi-aspect 5 3066 19159 18309 17508 19160 
new 14 16600 17464 12222 17463 16598 16599 16601 19944 17424 1842 8624 19687 17423 19688 
demand-driven 3 17663 17501 19768 
red 6 2766 2767 2435 2764 2765 3241 
utility 6 17664 17424 19395 17539 19254 19396 
leveraging 2 17659 5016 
sequence 1 1842 
library 1 17633 
guest 7 3853 17930 1842 452 18098 18099 17912 
public 3 452 12746 10755 
multiprocessor 2 4 19708 
resources 1 7517 
transactions 1 452 
computational 3 7053 8224 7374 
visible 6 18843 17464 18844 3853 12222 17463 
gridrpc 1 7517 
paradigm 3 17900 17899 5016 
semanteco 7 2667 9524 9525 9526 9527 9528 9529 
consumption 1 17424 
change 1 17656 
tool 1 452 
broadcast 2 17930 17423 
settings 1 17790 
distributed 48 537 17571 18934 17572 17663 19542 17900 17501 18603 18394 19900 17800 19446 19373 17817 17947 17665 2667 12222 18036 12745 8322 19739 19382 9524 9525 9526 9527 9528 9529 7014 18047 18826 19464 19465 19466 10411 12744 11040 12746 7053 11270 8323 7517 8758 11300 11301 8759 
architecture 9 2667 17424 9524 9525 9526 9527 9528 9529 8323 
policies 5 17812 17809 17810 17811 452 
software 1 8456 
component 3 17589 17588 17590 
description 1 8456 
uniqueness 2 12 1310 
numa-aware 5 17946 2183 9689 5567 9688 
processing 56 4 18957 17663 17900 17501 18603 2709 18621 19710 18346 18347 17800 18883 18843 17464 18024 19373 17817 17659 17947 17665 18345 18844 3853 12222 17463 19307 19308 19309 12745 18025 9355 17790 5016 19739 19382 17424 18689 17930 1842 18567 19795 19796 19797 19798 452 7014 6166 19719 18047 8624 19464 19465 19466 10411 7053 
trimming 1 17424 
perspective 3 17741 8120 19223 
embedding 5 19019 19750 18287 19600 18291 
$-trees 4 17501 19475 18344 19476 
processes 11 3853 12745 6162 6163 6164 6165 6166 6167 12744 11040 12746 
releases 1 17424 
automatic 2 7014 1930 
protocols 3 17571 18097 19870 
pcm 6 12223 18052 18053 18054 18055 18056 
proximity 1 17646 
imprecise 6 17657 17659 17658 17660 17661 17656 
node 3 17665 17664 18309 
linking 6 2709 2706 2707 2708 2674 2710 
active 5 17741 8120 19223 2183 8323 
streams 22 17944 17571 18934 18935 18936 18937 17665 18035 18345 17664 17790 19101 19366 19367 17424 17767 2969 17673 17672 18438 17930 1842 
fast 9 17664 17790 17671 17672 17472 1842 7014 7053 17829 
sparse 8 17817 18342 18345 18025 9355 19157 10687 19158 
extending 1 452 
backbone 8 2674 2667 2668 2669 2670 2671 2672 2673 
heterogeneous 19 537 17817 3853 8322 17907 19235 17790 19101 6162 6163 6164 6165 6166 6167 8323 8758 11300 11301 8759 
do-it-yourself 1 12746 
connect 1 9060 
measure 1 452 
indoor 3 17800 17657 19061 
membership 1 17472 
concise 2 17790 17424 
analysis 13 17571 17662 17663 18344 17665 18345 19018 19019 17664 17424 17767 18309 17633 
simulation 8 1 8322 8306 8323 8758 11300 11301 8759 
flock 5 8120 8119 8121 8122 8123 
life-cycle 5 3853 3857 3858 4146 4147 
business 8 3853 5567 6162 6163 6164 6165 6166 6167 
atomic 2 537 536 
response 1 18047 
following 1 17633 
sequential 5 17424 17767 17669 17670 8306 
possible 2 18097 19867 
wireless 12 17464 12222 17463 12223 18036 17424 17930 17669 17670 19687 19688 19767 
fuzzy 8 8538 9174 9175 9176 8366 7014 9060 6166 
generalization 5 17664 19395 17539 19254 19396 
rational 1 7 
twig 2 4 18957 
activity 6 8322 17424 17767 17423 8323 7517 
facilities 3 17673 17671 17672 
sites 3 17800 19373 17817 
updates 2 17673 452 
ventures 4 16600 16598 16599 16601 
injection 1 2183 
layer 14 2709 2706 2707 2708 2674 2710 2766 2767 2435 2183 2764 2765 1930 3241 
bandwidth-efficient 1 17423 
semantic 18 17900 18637 18638 18639 19061 18994 18992 19392 19393 19394 18993 17672 9529 452 7014 8456 11590 11588 
iterative 3 17659 17646 7053 
farthest 2 17800 17659 
relations 4 12 17817 17818 17819 
checkbox 1 13647 
java 3 38 7989 10411 
planner 1 17790 
assessment 5 2969 17671 17672 7014 9060 
adding 2 12 1310 
searchable 1 8306 
graphs 4 17671 17672 1842 18309 
generalized 1 537 
presentations 1 452 
inference 9 18024 17665 3066 18023 1886 19159 18309 17508 19160 
diverse 1 10411 
filtering 13 17944 17571 18934 18935 18936 18937 3853 13647 18071 18072 18073 17633 18074 
layers 3 1932 1930 1933 
accesses 1 452 
sensor 7 12222 17463 17669 17670 19687 19688 19767 
languages 1 7 
rank 4 8538 2969 7313 10149 
overhead 1 7517 
replication 1 8323 
norm 1 17790 
semijoin-based 3 17663 17501 18603 
social 17 3853 1886 13647 17424 1842 18287 18291 452 12779 12780 11590 11588 17633 8624 17423 1887 1888 
oriented 11 3853 3857 3858 4146 4147 6162 6163 6164 6165 6166 6167 
tweet 1 19101 
mechanical 2 8 9 
border 4 17501 17498 17499 17500 
aided 1 7053 
orientation 4 16600 16598 16599 16601 
support 2 8306 8608 
adaptive 6 17944 19873 19874 19875 17912 11270 
searching 1 17790 
bag 1 17424 
styrylamine-doped 7 2766 2767 2435 2764 2765 1932 1930 
privacy 13 451 12223 17664 9688 452 12126 5560 18215 18216 19395 17539 19254 19396 
recommendation 11 3853 17424 18287 18291 7014 18071 18072 18073 17633 18074 8306 
job 5 12745 12744 11040 12746 7053 
health 1 17670 
distribution 2 17673 452 
scaling 1 7014 
epidemic 5 17571 18095 18096 18097 17912 
abstraction 2 9 38 
foraging 1 17912 
querying 10 12222 17463 18036 7014 8456 18826 19687 19688 19767 11270 
generalized-tree-pattern 6 17944 17571 18934 18935 18936 18937 
iaas 4 8557 8555 8224 7374 
virtual 3 5016 7313 7053 
binary 1 7 
mcdm 5 8538 9174 9175 9176 8366 
multi-clouds 6 3853 3854 3855 3856 3857 3858 
road 13 17464 18024 17659 12222 17463 19307 19308 19309 12745 19944 17656 17790 19076 
space 3 7014 9060 9104 
decision 3 7 8306 8608 
statistical 3 17571 17662 17663 
short 1 17672 
all-pairs 2 17671 17672 
anonymous 5 18024 17659 17665 18023 1886 
explaining 4 17466 19441 19442 19443 
distance 4 17501 19475 18344 19476 
subscribe 1 13647 
probability 2 17669 17670 
construction 2 7014 8456 
probabilistic 23 17812 17811 18201 18202 18621 18843 16600 19016 17464 17659 17664 17790 17646 17712 17713 19382 17673 17671 17672 1842 18567 17633 17912 
hole 1 2183 
diversity 5 451 17424 12126 5560 17423 
editorial 3 17501 17424 452 
criteria 4 8538 19519 17472 19520 
trajectories 1 1887 
links 1 17633 
unknown 3 12222 18036 18826 
enhancement 1 2183 
disaggregating 4 19061 19236 19237 19238 
set-covering 3 12222 17669 17670 
odmg 1 452 
white-light 5 2674 2684 2685 451 2686 
multiclass 3 18394 17741 8120 
kettenbruchentwicklungen 1 6 
reasoning 4 17812 17811 19702 19703 
index-based 6 17501 18883 17464 17463 17465 17466 
clears 10 17741 18711 18712 18713 18714 18715 18716 18717 18718 17589 
preserving 9 451 17664 452 12126 5560 19395 17539 19254 19396 
modular 9 17571 17572 2667 9524 9525 9526 9527 9528 9529 
method 8 4 19708 451 17424 450 452 17912 7053 
efficiency 1 8306 
capabilities 4 8557 8978 11671 10755 
rmi 2 38 7989 
manufacturing 1 5016 
pyridinyl 5 2674 2684 2685 451 2686 
authorization 2 9688 452 
neighbor 19 18843 17464 17659 17947 17665 18844 3853 12222 17463 17664 17646 18954 18955 18956 19464 19465 19466 10411 17829 
algebraic 2 8 9 
foundations 3 17812 18513 18514 
triadic 1 17633 
family 3 451 12126 5560 
applications 23 2674 17464 2667 2668 2669 2670 2671 2672 2673 17463 17465 17466 17424 17767 1842 8624 12746 7053 8224 7374 8323 8758 8759 
writer 2 537 536 
flexibility 4 19061 19236 19237 19238 
reviews 1 17912 
joins 5 18343 17672 18689 19994 19995 
authentic 1 452 
locking 3 537 17741 17740 
momentum 1 7053 
ber 1 6 
linkage 2 8538 18625 
efficiently 4 17501 19475 18344 19476 
aggregations 1 8624 
embedded 1 8456 
solver 2 38 9907 
clusters 12 8120 8119 8121 8122 8123 18023 17656 18291 19074 19075 19076 19077 
owner 1 9688 
locks 3 17571 18097 19870 
hybrid 6 17812 18649 18650 7053 8224 7374 
k-means 4 17801 17946 17947 17665 
scale 1 7517 
mwm 4 12745 12744 11040 12746 
security 1 8306 
validating 1 9355 
multi-emitting 3 1932 1930 1933 
path 18 8 9 17900 18346 18347 17659 18023 17656 17983 17984 17985 13647 18291 8306 19074 19075 19076 19077 
disagreement 2 18097 19867 
grid 23 38 7989 3064 8119 7014 8456 9060 9104 11517 8306 11518 11519 11520 8608 7053 8224 7374 8978 11270 8323 7517 8758 8759 
geosocial 2 17466 19608 
workloads 7 8119 11517 8306 11518 11519 11520 8608 
relevant 2 8538 18625 
innovation 4 16600 16598 16599 16601 
drug 1 17912 
executions 4 8557 10342 8322 11270 
building 5 3853 12779 12780 11590 11588 
bgk 1 7053 
validation 1 17912 
task 4 8557 10342 8322 11270 
problem 3 8 9 7053 
bloom 1 17790 
anonymization 3 451 450 452 
suffix 1 7014 
optimizing 11 17900 19900 12223 17790 17424 18052 18053 18054 18055 18056 8323 
database 10 12 537 18394 17741 8120 18036 452 6166 10411 19038 
rendering 10 2674 2673 3064 2766 3065 3066 3067 3068 2767 2435 
environmental 7 2667 9524 9525 9526 9527 9528 9529 
disambiguation 1 17633 
co-occurrence 1 9060 
identification 2 17424 17423 
implementation 4 38 9907 17656 11270 
scientific 13 8557 8560 8555 10342 8322 7014 8556 8558 8559 8224 7374 10755 11270 
icde 1 17930 
step 1 1930 
energy 1 17930 
electroluminescent 7 2766 2767 2435 2764 2765 1932 1930 
electrophosphorescent 11 2674 2684 2685 451 2686 2766 2767 2435 2764 2765 3241 
flow 1 7053 
production 1 8323 
feedback 1 17424 
u-skyline 4 12222 19687 17423 19688 
oleds 7 2766 2767 2435 2183 2764 2765 3241 
differential 3 17656 452 17654 
script-based 1 8224 
comprehensive 2 17424 17423 
feature 6 18342 18345 19157 10687 19158 5560 
convergence 8 3853 3854 3855 3856 3857 3858 4146 4147 
worldwide 5 8120 8119 8121 8122 8123 
structured 6 17663 18406 17501 18407 1842 8624 
responsibility 9 18621 18344 18843 16600 19016 17464 18345 19018 19019 
multiversion 4 17571 17572 17741 17740 
ppy 5 2674 2684 2685 451 2686 
cosac 3 17571 17662 17663 
groupings 4 17900 18637 18638 18639 
consistency 4 17812 17811 18201 18202 
mavs 7 3853 5709 5710 5711 5712 5713 5714 
models 6 1 451 17656 17790 12126 5560 
provable 1 8306 
location-centric 4 1886 452 1887 1888 
low 1 7517 
devices 13 2674 2684 2685 451 2686 2766 2767 2435 2764 2765 1932 1930 1933 
bipartite 2 17671 17672 
co-adaboost 1 8456 
spectral 9 18344 18341 18342 18343 8538 18345 1932 1930 1933 
complex 2 8456 7053 
minimum 5 12222 17463 19687 19688 19767 
inconsistency 3 17812 19702 19703 
domain-driven 5 8538 17767 19519 17472 19520 
user-level 1 7053 
unequal 4 17801 17946 18034 18035 
influential 3 17673 17671 17672 
xpath 1 9355 
schedulers 1 7517 
osln 1 8456 
electron 1 2183 
autonomous 7 3853 5709 5710 5711 5712 5713 5714 
publish 1 13647 
correctness 1 452 
crawling 1 13647 
sensitive 1 17930 
multiuser 3 17663 17501 19768 
diffusion 3 17508 17633 7053 
replicated 5 17571 18095 18096 18097 5560 
transactional 1 17424 
documents 9 17944 17943 17945 17571 17790 17646 452 7014 18047 
multi-context 5 19019 19750 18287 19600 18291 
trust 6 3066 452 19159 18309 17508 19160 
light-emitting 27 2709 2706 2707 2708 2674 2710 2667 2668 2669 2670 2671 2672 2673 3064 2766 3065 3066 3067 3068 2767 2435 2764 2765 1932 1930 3241 1933 
learning 13 18035 18342 18345 19366 19367 17424 17767 2969 19157 10687 19158 1842 17912 
duplicate-insensitive 6 18345 17673 17672 18438 17930 1842 
presence 3 17812 19702 19703 
world 4 18036 17790 10411 19038 
arbitrary 2 17665 17664 
pegasus 11 8120 8557 8560 8555 10338 10339 10340 10341 10342 8322 10343 
vertical 7 17947 17665 3853 19739 19382 19719 18047 
grids 5 10687 7014 8456 11270 8323 
hierarchies 1 1842 
send-receive 1 38 
implicit 1 17424 
multiscale 2 17790 1842 
science 13 8120 8557 8560 8555 10338 10339 10340 10341 10342 8322 10343 7014 7053 
service-based 1 11270 
architectures 1 10431 
exploiting 3 17663 17501 18603 
charakteristik 1 6 
simulation-based 1 17912 
metal 6 2709 2706 2707 2708 2674 2710 
control 10 537 17571 17572 8538 451 5016 17424 7313 452 5560 
ouml 1 6 
starburst 12 17741 18711 18712 18713 18714 18715 18716 18717 18718 17589 17588 17590 
willingness 2 17424 17423 
unsteady 1 7053 
indexes 3 17663 17501 18603 
pcmlogging 6 12223 18052 18053 18054 18055 18056 
extraction 2 8624 18216 
evolving 1 19101 
cost 6 8557 8555 17790 452 8224 7374 
economic 1 7517 
modified 8 2674 2667 2668 2669 2670 2671 2672 2673 
workstation 5 8120 8119 8121 8122 8123 
optimize 4 8557 10342 8322 11270 
gridlab--a 1 7374 
reductions 1 2 
navigation 8 3853 7014 5709 5710 5711 5712 5713 5714 
lattice 1 7053 
high-efficiency 6 2766 2767 2435 2764 2765 3241 
estimation 1 13647 
profiling 6 8557 8560 8555 8556 8558 8559 
stability 10 2674 2673 3064 2766 3065 3066 3067 3068 2767 2435 
large-scale 1 8323 
regions 5 12222 17466 18036 18826 19608 
peer-to-peer 9 17663 18406 17501 18407 17790 9689 9688 452 7014 
hpcn 1 7053 
cliques 3 17817 17818 17819 
sampling 1 1842 
exploratory 11 16600 19061 16598 16599 16601 18994 18992 19392 19393 19394 18993 
performance 25 9 38 17571 18097 19870 17900 18346 18347 19774 17741 8120 17665 12223 17740 19223 17664 17424 18052 18053 18054 18055 18056 8306 8608 7053 
berechnung 1 6 
introducing 1 17424 
hop-based 1 7014 
multiple 15 17944 18514 17571 18934 18935 18936 18937 19972 19973 8538 17790 17767 19519 17472 19520 
protocol 1 537 
strength 1 17424 
community 5 17424 17472 17669 17670 17423 
extended 5 17656 452 7014 9060 9104 
adapting 2 38 7989 
general 13 18621 18619 18620 18622 18623 19019 17790 19750 18287 19600 18291 7053 19396 
agent-mediated 1 18072 
crats 2 17466 19608 
effect 5 2674 2684 2685 451 2686 
ordered 3 17571 18097 19870 
trajectory 7 19019 19353 19750 18287 19600 18291 19074 
changing 6 2766 2767 2435 2764 2765 3241 
infrastructures 5 8322 8224 7374 8323 7517 
usage 1 17912 
performances 1 2183 
core 2 13647 1842 
high 12 2674 2673 3064 2766 3065 3066 3067 3068 2767 2435 17424 8306 
historical 1 17646 
condors 5 8120 8119 8121 8122 8123 
interoperable 1 9529 
automated 1 7014 
domains 7 17946 2183 9689 5567 9688 17671 17672 
movement-based 2 17669 17670 
transitivity 5 3066 19159 18309 17508 19160 
mechanism 1 452 
graph-based 2 9060 17670 
extensions 2 537 536 
many-core 1 10431 
hierarchical 3 17900 18346 18347 
annotation 2 17656 19076 
tree 8 3 4 9689 9688 1842 7014 17669 17670 
interfacing 2 8120 8123 
watermarking 1 452 
topic 1 9060 
strategies 9 17900 19774 8322 8306 8323 8758 11300 11301 8759 
platform 12 3064 3853 7014 8456 9060 9104 6162 6163 6164 6165 6166 6167 
continuous 12 2 17501 18394 17799 17800 17801 18024 17946 17947 17665 18730 17664 
equals 4 17801 17946 18034 18035 
slender 1 7 
phenotype 1 1842 
logical 4 17944 17943 17945 17571 
planning 2 17424 17423 
sat 2 9 38 
combination 4 17944 19873 19874 19875 
closure 1 17633 
indices 2 4 19708 
approaches 7 17464 12222 17463 17465 17466 17669 17670 
ranking 4 17801 17946 18034 18035 
omni-channels 5 3853 3857 3858 4146 4147 
placement 1 8323 
cells 6 17657 17659 17658 17660 17661 17656 
stream 2 17790 1842 
range 3 18036 17790 18056 
backward 1 8306 
faceted 1 7014 
link 4 7014 8456 11590 11588 
secure 5 17812 18513 18514 452 8306 
mapping 1 7053 
techniques 1 452 
retrieval 12 17944 17943 17945 17571 18621 18619 18620 18622 18623 8538 7313 10149 
impact-targeted 1 17767 
words 1 9060 
dependencies 2 12 1310 
subspaces 3 17817 18025 9355 
top-k 5 17466 17424 19441 19442 19443 
networking 1 10687 
uncertain 24 17659 18035 18343 12222 17463 17664 17790 17646 17712 17713 19366 19367 17424 17767 2969 17673 17671 18425 17672 1842 19687 17423 19688 19767 
robust 1 19254 
partially-ordered 1 17767 
itemsets 1 17424 
automation 11 8120 8557 8560 8555 10338 10339 10340 10341 10342 8322 10343 
pvm 2 8120 8123 
mpgs 1 452 
framework 33 12 18867 17812 18868 17571 17662 17663 17464 17817 12222 17463 19944 8322 17818 17819 5016 9688 19353 8366 17930 1842 452 7014 17633 17912 17872 17873 8323 8758 11300 11301 8759 19074 
process 1 5567 
combinatorial 4 2 17571 17662 17663 
electrowetting 1 2183 
chain 1 5 
databases 44 17812 17809 17810 17811 18201 18202 18513 18514 17571 17572 17663 18095 18096 18097 17501 18603 18621 18619 18620 18622 18623 18843 17464 17741 8120 17817 18844 3853 12222 17463 19223 17656 18025 9355 17790 13647 17424 1842 452 19719 18047 19687 17423 19688 
nickel 6 2709 2706 2707 2708 2674 2710 
crystallization 3 8121 11651 7053 
stores 1 452 
double-sided 6 2709 2706 2707 2708 2674 2710 
skyline 25 17501 18621 17799 17800 17801 18843 16600 19016 17464 19373 17817 17947 17665 12222 17463 17465 17466 12223 19739 19382 19687 17423 19688 18056 18582 
latent 2 17466 19608 
ranked 1 17790 
restrictions 4 17900 18637 18638 18639 
transaction 13 17741 8120 12223 19223 17656 17424 17930 452 18052 18053 18054 18055 18056 
structural 7 18342 18345 17424 19157 10687 19158 17423 
remote 1 11040 
sources 2 17900 19900 
resident 3 17589 17588 17590 
scheduling 14 12 18867 17812 18868 17501 18394 18883 17741 8120 8119 7313 8306 12467 12468 
extents 2 17665 17664 
schemasql 2 17900 19677 
boundaries 3 17741 8120 19223 
model-based 7 3853 3854 3855 3856 3857 3858 8306 
survey 15 17663 17501 2709 18621 19710 19061 17656 18994 18992 19392 19393 19394 18993 17424 10687 
thickness 6 2766 2767 2435 2764 2765 3241 
algorithms 15 17571 18095 18096 18097 8119 8557 8555 13647 17424 18309 8624 12467 12468 8224 7374 
recursion 2 9 1467 
lbgk 1 7053 
effectively 7 18343 8538 17673 17671 18425 17672 18625 
checkpointing 6 8322 8323 8758 11300 11301 8759 
symmetric 1 7053 
enterprise 6 3853 5016 3857 3858 4146 4147 
logging 6 12223 18052 18053 18054 18055 18056 
bifurcation 1 7053 
stable 2 2239 2237 
role-based 3 8538 451 7313 
scoring 4 8538 19519 17472 19520 
phishing 2 11590 11588 
derivation 2 8 9 
formal 1 7 
powered 7 2667 9524 9525 9526 9527 9528 9529 
multimedia-on-demand 2 18394 19446 
eic 1 17501 
representation 1 17424 
energy-aware 3 12222 17669 17670 
media 9 17812 17944 17951 19873 19874 19875 13647 18287 18291 
e-learning 4 3853 18098 18099 17912 
characters 1 1930 
all-k-nearest-neighbor 4 18621 18843 19439 19440 
connecting 2 18287 18291 
redundant 1 7053 
navigational 1 452 
attribute 1 19600 
encoded 3 17900 18346 18347 
evaluation 22 17900 18394 18346 18347 19774 17741 18024 17659 3853 17740 17589 17664 17646 17712 17713 1842 19719 18047 17588 17590 8306 19396 
sharing 18 17571 18097 19870 18394 8120 19446 17657 17659 8119 8121 8122 8123 17658 17660 17661 17656 452 17508 
poisson 1 17912 
finding 10 18621 18843 16600 19016 17464 8538 17673 17671 17672 18625 
epsilon 1 17424 
toolkit 1 7374 
mid-flight 10 17741 18711 18712 18713 18714 18715 18716 18717 18718 17589 
cost-optimal 2 38 9907 
nearest-neighbor 2 18036 18056 
stratified 1 1842 
keyword 13 12223 17790 17646 17673 17671 17672 18689 1842 7014 8456 18056 18582 8306 
evaluating 1 17790 
tasks 1 7053 
predeclaration 1 17930 
noise 1 17912 
personalization 1 8366 
target 2 11590 11588 
self-healing 3 8322 8323 7517 
special 8 12222 12223 1842 452 7014 8624 12224 8978 
reconstruction 1 7053 
group 6 18345 18567 19795 19796 19797 19798 
user 1 17424 
browsing 1 18047 
jointly 2 17466 19608 
storage 8 12 18867 17812 18868 17589 17930 17588 17590 
using 36 38 9907 17501 2709 19475 18344 19476 2706 2707 2708 2674 2710 19061 8557 10342 8322 17656 18994 18992 19392 19393 19394 18993 9355 2183 17424 17930 1842 18287 18291 452 9060 17912 11270 7517 19076 
communities 2 17466 19608 
distance-aware 3 17800 17657 19061 
workflows 9 8557 8560 8555 8556 8558 8559 8978 11671 10755 
regularities 1 17912 
microblogs 1 9060 
missing 6 17466 17672 19441 19442 19443 18953 
preface 1 7053 
free 1 5 
search 45 18097 17501 18621 18394 19867 19475 18344 19476 18843 17464 19439 19440 18024 17817 17659 17947 17665 12222 17463 12223 18036 19751 19752 19944 17664 17661 17818 17819 17790 17646 18954 18955 18956 17673 17671 17672 1842 7014 17508 18056 18582 8306 17829 17539 18953 
e-commerce 2 18287 18291 
correlated 3 17817 18025 9355 
features 4 8557 8978 11671 10755 
interfaces 1 13647 
sorting 1 1 
propagation 6 18341 18342 18343 19101 19353 17912 
deep 1 18216 
cloud-assisted 1 8306 
multivalued 1 12 
monitoring 9 17801 18024 17946 17947 17665 18730 17664 11270 8323 
patterns 3 4 18957 17767 
multi-core 2 4 18957 
moving 10 17501 17799 17800 17801 17657 19061 17946 17947 17665 18567 
engine 3 17817 17907 10431 
vchunkjoin 5 18343 17672 18689 19994 19995 
petri 3 17812 19702 19703 
portfolio 1 19254 
harness 2 8120 8123 
image 6 18621 18619 18620 18622 18623 2969 
optimization 8 2 12 697 698 17472 8323 8758 8759 
papers 2 17930 8978 
transmission 1 452 
content-protecting 1 452 
provenance 2 9529 452 
inserting 2 2183 1930 
voltage 1 1930 
automata 1 7053 
binding 1 7053 
air 5 17464 19307 19308 19309 12745 
view 4 18934 19542 17900 19900 
discovery 13 8538 18023 17656 17424 7313 10149 18291 17669 17670 19074 19075 19076 19077 
introduction 8 3853 17424 17930 1842 452 18098 18099 17912 
handling 4 17812 17809 17810 17811 
execution 5 17944 19873 19874 19875 8323 
programming 5 17812 8538 19519 17472 19520 
simrank 2 17671 17672 
di 5 2674 2684 2685 451 2686 
locations 2 17800 17659 
sync 4 12 18867 17812 18868 
subspace 3 17659 17790 17646 
logistics 1 7014 
checking 6 17812 17811 18201 18202 9355 452 
clustering 17 18344 17659 18341 18342 18343 8538 18345 451 8557 10342 8322 17646 17424 17472 450 452 11270 
caching 3 17663 17501 19768 
intensive 1 8624 
streaming 6 17817 17907 19235 17790 19101 452 
clouds 10 8119 8557 8555 452 12746 12467 12468 8224 7374 7517 
workload 4 12745 12744 11040 12746 
linear 5 9 1467 17673 17671 17672 
deadline-constrained 7 8119 8557 8555 12467 12468 8224 7374 
detecting 1 7014 
integer 1 1 
apis 2 17659 5016 
constrained 4 17800 19373 17817 17424 
web 26 17944 17943 17945 17571 19061 18341 18342 18343 8538 18036 18994 18992 19392 19393 19394 18993 19101 19353 7313 10149 18625 17508 17912 10411 18216 19038 
ones 2 537 536 
solving 1 7053 
background 1 7014 
configuration 2 12746 11270 
projective 1 17673 
expression 4 17801 17946 18034 18035 
methods 3 18097 19867 8323 
holonic 1 5016 
invocation 1 8224 
n-body 1 7053 
driving 1 1930 
privacy-preserving 1 452 
context-based 1 1842 
aware 7 17817 17907 10431 19235 17790 19101 17646 
impossible 2 18097 19867 
optimality 2 18097 19867 
polynomen 1 6 
boundary 5 17501 17498 17499 17500 1930 
ultrathin 1 2183 
exploring 7 17817 18025 9355 1842 17669 17670 17423 
phenomena 1 7053 
para-virtualized 1 7313 
facts 1 7014 
future 2 7014 7053 
broadcasting 1 17424 
k-nearest 6 18843 17464 18844 3853 12222 17463 
light 5 2435 1930 1933 2239 2237 
key 2 9355 9688 
location-based 15 17464 18024 17659 17665 12222 17463 17465 17466 12223 18036 18023 1886 5016 18056 18582 
keywords 2 17664 17829 
enhancing 5 17664 19395 17539 19254 19396 
establishment 1 452 
shrinking-based 1 17472 
environments 19 4 19708 18934 19542 17900 3853 12223 19353 17508 5709 5710 5711 5712 5713 5714 18047 18056 18582 19074 
integrating 8 2667 17472 9524 9525 9526 9527 9528 9529 
ontology 5 8538 9174 9175 9176 8366 
conjunctive 7 12 697 698 18344 18345 19018 19019 
resisting 2 17424 17423 
semantically 7 2667 9524 9525 9526 9527 9528 9529 
detection 10 18035 3853 19366 19367 17424 17767 12779 12780 11590 11588 
recursive 1 1842 
platinum 5 2674 2684 2685 451 2686 
similarity 14 17501 19475 18344 19476 17817 18343 17818 17819 17790 17672 18689 19994 19995 452 
molecules 8 2674 2667 2668 2669 2670 2671 2672 2673 
diversification 1 1842 
trilayer 1 2183 
queries 51 12 697 698 17944 17571 18934 18935 18936 18937 18097 17501 18394 19867 17799 17800 17801 18344 17464 18024 17659 17665 18345 19018 19019 12222 17463 17465 17466 12223 18036 18023 1886 17664 17656 17790 17646 17712 17713 13647 1842 452 6166 19464 19465 19466 10411 19441 19442 19443 18056 18582 
suggestion 1 17646 
lightweight 1 7053 
diode 10 2674 2667 2668 2669 2670 2671 2672 2673 2239 2237 
phase 1 537 
provisioning 4 8557 8555 8224 7374 
mobile 11 12222 12223 17424 17872 17873 10411 18056 18215 18216 18582 8306 
queryprocessing 1 1842 
geometries 1 7053 
set 6 17900 18637 18638 18639 19600 10411 
datasets 7 12222 18036 12745 18826 12744 11040 12746 
correction 1 452 
understanding 2 17672 12746 
resource-constrained 2 19353 19074 
timeslice 2 17656 17654 
statistics 6 18345 17673 17672 18438 17930 1842 
approximating 1 1930 
integration 15 3853 3854 3855 3856 3857 3858 4146 4147 6162 6163 6164 6165 6166 6167 11270 
alpha 3 451 12126 5560 
skeletons 2 38 9907 
trip 1 17790 
difluoro 5 2674 2684 2685 451 2686 
grammars 1 5 
location-dependent 3 12223 18215 18216 
sample 1 19600 
deadlock 2 10 11 
projected 2 17659 17646 
outlier 5 18035 19366 19367 17424 17767 
parallel 18 1 9 38 1467 9907 17817 8121 8322 17907 10431 10411 11651 7053 8323 8758 11300 11301 8759 
schemas 2 3 4 
metacomputer 1 10411 
society 2 7014 8456 
communication 2 10687 7517 
vide 1 18216 
trie 3 698 1442 537 
edit 9 17501 19475 18344 19476 18343 17672 18689 19994 19995 
prediction 6 12222 17633 17912 17872 17873 8323 
memory 4 17589 10431 17588 17590 
message 1 38 
materialization 3 17661 17790 18953 
amnesic 2 19353 19074 
topics 2 17466 19608 
pacman 1 10411 
color 10 2674 2673 3064 2766 3065 3066 3067 3068 2767 2435 
cooperative 1 7014 
$^ 4 17501 19475 18344 19476 
e-science 4 8557 8978 11671 10755 
approach 22 9 38 18934 19542 17900 18035 8538 19366 19367 17424 17767 7313 10149 17472 1842 9529 5560 7014 9060 17670 18216 10755 
arrival 4 12745 12744 11040 12746 
olap 7 19061 18994 18992 19392 19393 19394 18993 
plug-in 1 7517 
ae 1 17424 
growth 1 8306 
crcw 1 1 
enclosed 7 3853 5709 5710 5711 5712 5713 5714 
clustered 1 17790 
enrichment 1 17672 
nonmonotonic 1 17812 
implementations 5 8 9 8121 11651 7053 
editors 6 3853 17930 1842 18098 18099 17912 
third-party 1 452 
integral 5 3066 19159 18309 17508 19160 
visualization 1 7053 
operation 1 8456 
barrier 1 1930 
cloudkeybank 1 9688 
concurrency 6 698 1442 537 17571 17572 5560 
guarantees 1 17539 
approximate 4 12222 8624 17669 17670 
simulations 1 7053 
workbench 1 7053 
activities 2 17466 19608 
synthesis 3 17812 17944 17951 
texts 1 17672 
programs 3 8 9 38 
gene 4 17801 17946 18034 18035 
structure 18 17944 17943 17945 17571 17464 12222 12223 18036 9355 17646 2183 9689 9688 17424 17472 1842 2239 2237 
services 20 17464 17659 8538 3853 12222 12223 18036 5016 7313 8366 10149 3854 3855 3856 3857 3858 18056 18215 18216 18582 
ecological 7 2667 9524 9525 9526 9527 9528 9529 
loccs 1 7517 
flexible 3 8538 451 7313 
microblogging 3 18287 18291 17633 
emotion 5 3853 12779 12780 11590 11588 
enabling 7 17657 17659 17658 17660 17661 17656 8323 
bounded 2 18097 19867 
bringing 1 7053 
alphabet 1 7 
delivery 1 12746 
records 1 17670 
constraint-level 4 8538 19519 17472 19520 
novel 3 2183 19353 19074 
thinness 1 7 
simplified 2 3 4 
expert 1 17508 
series 7 7 17817 17818 17819 17790 17646 1842 
b-tree 3 17663 18394 19721 
development 2 8 9 
pairwise 1 2969 
dominated 2 17800 17659 
influence 5 18341 18342 18343 19101 19353 
doped 2 2239 2237 
gmine 1 18309 
algorithm 17 18024 17665 18343 8121 18730 17664 17646 17672 18689 19994 19995 452 1930 17912 8624 11651 7053 
hashing 4 698 1442 537 17672 
saas-based 1 8366 
tridiagonal 2 38 9907 
published 2 17424 17423 
radical 4 16600 16598 16599 16601 
characterizing 7 8557 8560 8555 17912 8556 8558 8559 
lattice-boltzmann 1 7053 
immune 1 17912 
discriminative 6 18344 18341 18342 18343 8538 18345 
schemes 7 17944 19873 19874 19875 17663 18394 19721 
simultaneous 2 5 269 
spatial 42 17812 17811 18201 18202 17663 17900 17501 18603 17899 18843 17464 18024 17659 17665 18844 3853 12222 17463 18036 19307 19308 19309 12745 19944 18023 1886 17664 17656 17646 17712 17713 17673 17671 17672 18291 7014 8456 18826 19074 19075 19076 19077 
pages 2 8538 18625 
sequences 1 17767 
carbazole 8 2674 2667 2668 2669 2670 2671 2672 2673 
machines 2 7313 7053 
unified 2 17633 17912 
extension 6 18344 18341 18342 18343 8538 18345 
product 7 3853 18287 18291 3857 3858 4146 4147 
location-aware 1 13647 
quadtree 3 17673 17671 17672 
sql 5 17466 6166 19441 19442 19443 
route 2 17659 5016 
inconsistent 2 17812 17811 
classification 6 8538 17424 19519 17472 19520 8323 
archive 7 8119 11517 8306 11518 11519 11520 8608 
standing 1 17646 
design 5 9 38 8306 11270 7517 
complementation 1 12 
selective 1 452 
location 6 12223 17646 18567 452 18215 18216 
integrity 1 452 
perspectives 1 7053 
study 8 16600 16598 16599 16601 17424 17423 8323 17539 
computing 20 38 7989 17800 17659 8538 451 8322 17424 7313 8624 10411 11040 7053 8978 8323 7517 8758 11300 11301 8759 
studies 3 1932 1930 1933 
imbalanced 1 17767 
chinese 4 16600 16598 16599 16601 
entity-relationship 1 17656 
buffer 1 2183 
partitioning 8 17817 3853 17907 19235 17790 19101 19719 18047 
partition 3 17817 17907 10431 
results 1 17790 
vision-based 1 18216 
sets 1 8624 
credit 4 8538 19519 17472 19520 
in-memory 15 17663 17501 2709 18621 19710 17946 12222 2183 9689 5567 9688 19464 19465 19466 10411 
protection 1 17424 
combining 6 18514 19972 19973 8323 8758 8759 
returning 1 17790 
challenges 2 17767 11040 
aes 1 17424 
pyridine 8 2674 2667 2668 2669 2670 2671 2672 2673 
chloride 5 2674 2684 2685 451 2686 
content-based 1 17424 
comparison 4 8121 2969 11651 7053 
compressed 1 8624 
matching 4 2 17790 17424 1842 
overlay 2 7014 7053 
histogram-based 4 17663 18406 17501 18407 
multiplikation 1 6 
late 1 7053 
dust 10 17741 18711 18712 18713 18714 18715 18716 18717 18718 17589 
incremental 10 8 9 17900 19677 19774 17656 18994 18992 18993 19396 
knn 1 13647 
locating 1 17472 
decompositions 4 17947 17665 19739 19382 
pinocchio 1 18567 
mining 20 17659 19019 12222 17466 17646 17424 17767 17472 1842 19750 18287 19600 18291 17912 17670 17872 17873 19608 8306 8608 
equivalent 4 17801 17946 18034 18035 
concept 6 18035 19366 19367 17424 17767 2969 
application-level 1 17423 
uuml 1 6 
maximizing 1 17646 
runtime 1 12746 
theory 3 537 7014 18309 
monte 6 8322 8323 8758 11300 11301 8759 
customized 4 17812 17809 17810 17811 
enhanced 3 451 12126 5560 
protecting 7 12223 1886 452 18215 18216 1887 1888 
durable 1 17646 
doping 5 2674 2684 2685 451 2686 
network 7 17466 7014 8456 11590 11588 19608 12746 
online 17 17659 3853 17983 17984 17985 13647 17424 19353 1842 12779 12780 11590 11588 8624 8306 19074 19254 
imperfect 5 18035 19366 19367 17424 17767 
real 3 8323 8758 8759 
selected 1 8978 
materialized 2 17900 19774 
route-saver 2 17659 5016 
optimization-based 1 452 
driven 1 18047 
scalable 28 17944 17571 18934 18935 18936 18937 17657 17659 17946 3064 12222 12223 17658 17660 17661 17656 17646 2183 9689 5567 9688 7014 8456 9060 9104 8624 12224 10755 
dimensionality 1 17790 
driver 1 2183 
supermodularity-based 1 452 
lossless 1 17424 
ir 5 2674 2684 2685 451 2686 
application 2 17930 7374 
acm 1 8978 
silver 6 2709 2706 2707 2708 2674 2710 
ii 5 2674 2684 2685 451 2686 
fabrication 6 2709 2706 2707 2708 2674 2710 
synchronization 2 17571 17572 
resource 8 18036 7014 8456 9060 9104 19038 7053 11270 
readers 1 7053 
list 2 9 1467 
inclusion 2 12 1310 
section 8 12222 12223 1842 452 7014 8624 12224 8978 
human 5 19019 19750 18287 19600 18291 
vascular 1 7053 
blue 10 2766 2767 2435 2764 2765 1932 1930 1933 2239 2237 
d-tree 4 17464 12222 12223 18036 
hidden 1 13647 
merging 6 8322 8323 8758 11300 11301 8759 
smart 1 10687 
intelligent 4 8538 19519 17472 19520 
divergence 1 17424 
neiwalk 1 17424 
voronoi 6 17657 17659 17658 17660 17661 17656 
collaborative 14 17812 17944 17951 3853 5560 7014 9060 17508 18071 18072 18073 17633 18074 8323 
metascheduling 2 8306 8608 
characterization 9 5 269 7 2709 2706 2707 2708 2674 2710 
optimal 9 5 269 12 18867 17812 18868 17900 18346 18347 
multipliers 4 12745 12744 11040 12746 
spot 4 17812 17811 18201 18202 
schema 1 7014 
composer 1 8224 
constructions 2 537 536 
reachability 1 7014 
scheme 3 8538 451 7313 
decomposition 4 17661 17790 7053 18953 
fluorine 8 2674 2667 2668 2669 2670 2671 2672 2673 
maximization 2 17424 17423 
unsupervised 5 18342 18345 19157 10687 19158 
bit-store 1 8624 
points 4 17501 17498 17499 17500 
bias 5 3066 19159 18309 17508 19160 
opportunities 1 11040 
sentiments 2 17466 19608 
threshold-based 4 18024 17665 18730 17664 
lda-based 2 17466 19608 
international 1 8978 
quasi-slca 1 1842 
moo 1 2183 
constraints 3 12 1310 9355 
hpc 4 12745 12744 11040 12746 
content 1 12746 
ogsa-dqp 1 11270 
metric 7 18621 18843 19439 19440 17659 17664 17646 
load 12 17663 18406 17501 18407 18394 8120 19446 8119 8121 8122 8123 7053 
elastic 1 7053 
nearby 7 18023 17656 18291 19074 19075 19076 19077 
clustering-guided 5 18342 18345 19157 10687 19158 
time-dependent 1 17790 
common 3 17767 1842 7014 
simple 2 537 536 
events 4 19101 17672 7313 18953 
mri 1 8323 
data 82 12 1310 17663 17900 17501 2709 18621 19710 19900 17800 17801 18619 18620 18622 18623 19373 17817 17659 17946 17665 18034 18035 18345 19019 2667 451 3853 12222 17466 17664 17656 17790 17646 17712 17713 9689 9688 19366 19367 17424 17767 2969 17673 17672 17472 18438 17930 1842 19750 18287 19600 18291 9524 9525 9526 9527 9528 9529 452 12126 5560 7014 8456 3857 3858 4146 4147 18098 18099 17912 18047 8624 17669 17670 10411 17423 19608 18216 11040 8306 8608 11270 
collection 3 12222 17669 17670 
digital 1 17633 
monte-carlo 4 17912 8323 8758 8759 
reversion 1 19254 
document 10 17464 12222 17463 18036 19751 19752 9355 17646 7014 8456 
personal 3 12222 17872 17873 
enforced 1 9688 
multi-graph 1 17424 
reverse 16 18621 18843 16600 19016 17464 17659 18844 3853 12222 17463 12223 17664 17646 18056 18582 19396 
payment 3 8538 451 7313 
news 5 3853 12779 12780 11590 11588 
matrix 1 2183 
affinity 2 17424 17912 
selection 18 17812 17811 18201 18202 18342 8538 18345 19157 10687 19158 9174 9175 9176 8366 18567 19600 10411 19254 
top-down 2 18689 1842 
combined 3 4 19708 7053 
ensemble 1 17912 
enterprises 7 3853 6162 6163 6164 6165 6166 6167 
overview 6 9 38 8557 8978 11671 10755 
pattern 9 2 12222 17790 17424 1842 7014 17633 17872 17873 
modeling 16 18621 18619 18620 18622 18623 3853 452 5709 5710 5711 5712 5713 5714 8323 8758 8759 
string 4 17501 19475 18344 19476 
hybrid-indexed 1 8306 
multi-top-k 1 17790 
variable 2 537 536 
infrastructure 7 8119 12467 12468 11270 8323 8758 8759 
publishing 4 451 12126 5560 17539 
nutshell 1 17790 
serializability 2 537 17424 
non-two 1 537 
th 1 8978 
exploration 3 17900 17899 7053 
metrics 4 8557 10342 8322 11270 
conference 1 8978 
deductive 4 17812 18513 18514 452 
cellular 1 7053 
networks 40 5 269 17464 18024 17659 3853 12222 17463 19307 19308 19309 12745 19944 18023 1886 17656 17790 17424 1842 18291 452 3857 3858 4146 4147 17633 17912 8624 17669 17670 19687 17423 19688 19767 19074 19075 19076 19077 1887 1888 
index 22 2674 17464 2673 3064 2766 3065 3066 3067 3068 2767 2435 12222 17463 12223 18036 19307 19308 19309 12745 19751 19752 17424 
text 3 18394 18024 7014 
dataspaces 3 17661 17790 18953 
bitmap 1 1930 
association 1 17424 
maintenance 7 18934 19542 17900 19677 19774 19900 1842 
labels 5 18035 19366 19367 17424 17767 
angle-based 1 7014 
white 23 2674 2667 2668 2669 2670 2671 2672 2673 3064 2766 3065 3066 3067 3068 2767 2435 2764 2765 1932 1930 1933 2239 2237 
relation 3 17646 19382 8456 
xml 14 4 18957 17944 17571 18934 18935 18936 18937 9355 17790 17646 18689 1842 452 
schema-restructuring 2 17900 19677 
spatio-textual 3 12223 18056 18582 
workflow 27 17944 19873 19874 19875 8120 8119 8557 8560 8555 10338 10339 10340 10341 10342 8322 10343 9529 12467 12468 8224 7374 8978 11671 10755 11270 8323 7517 
logic 1 17812 
angel 5 17664 19395 17539 19254 19396 
co-occurrence-based 1 17508 
comparative 1 17539 
service-oriented 2 11270 8323 
empirical 1 17912 
natural 3 17817 17818 17819 
fifo 2 10 11 
simulated 3 8121 11651 7053 
sub 7 2674 2684 2685 451 2686 17790 2183 
model 29 12 1310 17812 19702 19703 17900 18346 18347 19019 3066 17466 17656 10431 1842 19750 18287 19600 18291 452 7014 9060 9104 19159 18309 17508 19160 17912 19608 7517 
one-class 6 18035 19366 19367 17424 17767 2969 
weight 2 17656 19076 
testbed 1 7374 
tube 1 7053 
top-$k$ 3 12223 18056 18582 
ir-tree 6 17464 12222 17463 18036 19751 19752 
cloud-fuser 5 8538 9174 9175 9176 8366 
repeat 1 17424 
nets 3 2 10 11 
optimistic 4 17812 17811 18201 18202 
engineering 5 3853 7014 18098 18099 17912 
incomplete 2 17656 19076 
realistic 3 8323 8758 8759 
condor 2 8120 8123 
weighted 6 17657 17659 17658 17660 17661 17656 
complete 2 17656 19076 
servers 4 12 18867 17812 18868 
hash-based 1 17424 
allocation 4 18097 19867 17424 18047 
real-time 3 18394 17741 8120 
influence-based 1 18567 
functions 1 452 
granular 1 5560 
geographic 12 17464 17657 17659 12222 17463 18036 19751 19752 17658 17660 17661 17656 
risk-taking 4 16600 16598 16599 16601 
systolic 2 8 9 
promise 1 7053 
web-based 1 9529 
graded 5 2435 1930 1933 2239 2237 
recovery 8 12223 17672 18052 18053 18054 18055 18056 18953 
co-doped 10 2674 2673 3064 2766 3065 3066 3067 3068 2767 2435 
organic 22 2709 2706 2707 2708 2674 2710 2673 3064 2766 3065 3066 3067 3068 2767 2435 2764 2765 1932 1930 1933 2239 2237 
discovering 3 13647 11590 11588 
supporting 4 17501 19475 18344 19476 
views 5 17900 18346 18347 19677 19774 
temporal 2 17656 452 
service 16 17657 17659 8538 8119 17658 17660 17661 17656 9174 9175 9176 8366 12467 12468 8224 8323 
coupled 3 17424 17767 8456 
operations 1 8224 
consolidation 3 18994 18992 18993 
cycles 2 8120 8123 
aggregate 2 13647 8624 
citations 1 7014 
indexing 16 18621 18619 18620 18622 18623 17741 18343 17740 19101 9689 9688 17673 17671 18425 17672 7014 
semijoin 2 17424 1842 
bases 7 17812 17811 18514 18649 18650 19972 19973 
regression 1 17912 
np-complete 2 3 4 
maintaining 4 4 19708 17665 17664 
center 1 17472 
ciphertexts 1 8306 
grouping 1 8323 
page 5 17501 18883 17817 17907 10431 
file 5 17663 18394 19721 452 8323 
multi-flows 3 18994 18992 18993 
high-dimensional 1 17790 
processor 1 11270 
compression 3 19353 17423 19074 
multikeyword 1 17790 
typicality-based 6 3853 18071 18072 18073 17633 18074 
information 17 17812 17809 17810 17811 8538 12222 12223 17656 7313 10149 18625 18287 18291 17912 8624 12224 19076 
preventing 4 18024 17665 18023 1886 
problems 4 2 3 4 7 
moldable 1 7053 
interaction 1 7053 
record 1 17646 
ieee 1 8978 
container 1 1842 
experimentation 3 8323 8758 8759 
associations 1 17424 
trees 3 2 17665 17664 
computation 24 5 269 17501 17498 17499 17500 17817 17659 18345 17656 17907 10431 17983 17984 17985 13647 17673 17672 18438 17930 1842 10755 7517 17654 
registry 1 8224 
cube 1 8624 
language 1 8456 
der 1 6 
examination 1 17670 
read-only 1 17930 
pair 1 19600 
subroutines 1 7517 
query 51 17944 17943 17945 17571 17900 18621 18394 18346 18347 17800 18843 16600 19016 17464 17741 8120 18024 19373 17817 17659 18345 18844 3853 12222 17463 18036 19307 19308 19309 12745 18025 9355 17790 17646 5016 18689 1842 18567 19795 19796 19797 19798 7014 19719 18047 8624 19687 17423 19688 18056 11270 
traces 1 9529 
fair-play 1 8306 
sphere 3 8121 11651 7053 
proximity-based 4 1886 452 1887 1888 
effective 5 18621 18619 18620 18622 18623 
version 2 17571 17572 
sensing 6 3853 3857 3858 4146 4147 11040 
identity 5 18024 17665 18023 1886 17424 
accurate 3 17659 5016 17472 
supergraph 3 17673 17671 17672 
summarization 7 18035 19366 19367 17424 17767 2969 7014 
highly 10 2766 2767 2435 2764 2765 1932 1930 2239 2237 7053 
profile-based 1 7014 
out-of-sample 6 18344 18341 18342 18343 8538 18345 
ubiquitous 3 8538 451 7313 
migration 1 7053 
multidimensional 8 18343 9689 9688 17673 17671 18425 17672 17472 
logs 1 17539 
bromine 8 2674 2667 2668 2669 2670 2671 2672 2673 
access 8 17501 18883 8538 451 10431 7313 452 10411 
parallelizing 1 8624 
research 1 7014 
obtaining 6 2766 2767 2435 2764 2765 3241 
integrated 1 8366 
point 4 17464 12222 12223 18036 
industrial 7 3853 5709 5710 5711 5712 5713 5714 
balancing 5 17663 18406 17501 18407 7053 
relational 6 17812 17809 17810 17811 17656 452 
cloud 12 17571 17662 17663 8538 9174 9175 9176 8366 8624 8224 7374 11270 
triggers 1 452 
based 35 17571 18097 19870 17900 17501 17899 19475 18344 19476 2674 8538 2684 2685 451 2686 17646 7313 9174 9175 9176 8366 19519 17472 19520 1842 452 7014 8456 1932 1930 1933 11590 11588 17912 8624 
cyber-physical 2 7014 8456 
annealing 3 8121 11651 7053 
fine-grained 1 17508 
shortest 5 17659 17983 17984 17985 13647 
cold-start 2 18287 18291 
solutions 2 8 9 
wise 2 18036 19038 
functional 1 8323 
causality 5 18621 18843 16600 19016 17464 
answers 4 17466 19441 19442 19443 
schnelle 1 6 
range-based 3 12223 18056 18582 
certificateless 1 452 
incidents 3 8322 8323 7517 
diodes 19 2709 2706 2707 2708 2674 2710 2673 3064 2766 3065 3066 3067 3068 2767 2435 1930 1933 2239 2237 
requests 4 12 18867 17812 18868 
direct-manipulation 2 17900 17899 
sliding 2 17665 17664 
encryption 1 452 
power 2 5 7 
reduction 3 17790 19600 1930 
linked 1 9529 
concerning 1 7 
systems 33 17812 537 17944 17951 17663 18406 17501 18407 18394 17741 8120 19446 3853 12222 12223 8322 17930 452 6162 6163 6164 6165 6166 6167 8624 12224 7053 11270 8323 8758 11300 11301 8759 
spaces 5 17659 17664 17790 17646 8456 
multiview 2 17900 19774 
implication 1 17912 
lineagesof 4 18344 18345 19018 19019 
collective 1 17424 
global 5 537 17663 18406 17501 18407 
videos 5 18341 18342 18343 19101 19353 
symbolic 1 1887 
class 3 3853 19719 18047 
data-intensive 3 18994 18992 18993 
modelling 1 5560 
xacml 1 452 
rough 1 19600 
market 4 16600 16598 16599 16601 
environment 23 17663 17900 17501 19768 17899 17817 3853 17907 19235 17790 19101 3857 3858 4146 4147 5709 5710 5711 5712 5713 5714 7053 7517 
velocity-based 4 1886 452 1887 1888 
window 2 17665 17664 
subclass 3 12 697 698 
emitting 5 2435 1930 1933 2239 2237 
management 27 17663 17501 2709 18621 19710 8120 8538 451 8557 8560 8555 10338 10339 10340 10341 10342 8322 10343 17656 9688 7313 17930 452 12746 8306 7053 11270 
passing 1 38 
efficient 76 17812 17811 18201 18202 17501 18394 17498 17499 17500 18883 2674 17464 18024 17817 17659 17946 18035 18343 2673 451 3064 2766 3065 3066 3067 3068 2767 2435 12222 17463 17465 17466 18036 19751 19752 17664 17661 17656 18025 9355 17790 17646 17712 17713 13647 5016 2183 9689 5567 9688 19366 19367 17424 17767 17673 17671 17672 18689 19994 19995 17930 1842 450 452 2764 2765 1932 1930 2239 2237 6166 8624 8306 8323 18953 17654 
filter 1 17790 
xquery 1 17673 
agents 2 17912 10411 
analytical 3 8323 8758 8759 
object 10 17944 19873 19874 19875 17464 12222 17463 19944 452 8456 
multilevel 1 452 
displays 1 2183 
graph 10 17817 17907 10431 19235 17790 19101 17424 1842 7014 18309 
interactive 2 452 7053 
von 1 6 
order 8 10 11 18345 17673 17672 18438 17930 1842 
fresh 1 8624 
vector 3 8121 11651 7053 
rule 1 12 
density-based 2 7014 8456 
compensation-based 3 18934 19542 17900 
skylines 2 17665 17664 
representations 2 17790 1842 
multidisk 2 4 19708 
fine 1 5560 
contests 1 8306 
warehouses 1 8624 
authenticated 5 17947 17665 18954 18955 18956 
nonnegative 6 18344 18341 18342 18343 8538 18345 
trust-x 1 452 
strategy 1 19254 
camas 1 7053 
relaxation 5 17944 17943 17945 17571 7053 
benzene 5 2674 2684 2685 451 2686 
nearest 23 18024 17659 17947 17665 18345 12222 18730 17664 17646 18954 18955 18956 18567 19795 19796 19797 19798 19464 19465 19466 10411 17829 19396 
rules 7 5 17801 17946 18034 18035 17424 17767 
publication 5 17664 19395 17539 19254 19396 
technologies 7 19061 18994 18992 19392 19393 19394 18993 
multimedia 8 12 18867 17812 18868 17944 17951 452 18047 
massive 5 12745 12744 11040 12746 7053 
optimal-location-selection 4 18843 17464 18844 3853 
alternatives 2 17741 17740 
specification 1 452 
shedding 4 17944 19873 19874 19875 
context 1 5 
cluster 2 17912 7053 
triply 2 2239 2237 
guarantee 2 17424 17423 
cyclic 2 17900 19900 
multiwriter 2 537 536 
