<Keyword> <No of vertices> <vertex1> <vertex2> .... <vertexN> 
alliance 3 15344 15345 15460 
analyzing 1 15155 
external 5 15227 15228 15229 15250 15326 
knowledge-intensive 8 15194 16689 16690 16691 15208 15209 15210 15211 
managing 13 15256 15257 15373 16565 15382 15383 15384 15438 17393 15854 15508 15853 15855 
dystopia 1 15150 
determinants 10 15279 15281 16849 16850 15284 15457 15458 15347 15348 15349 
academic 8 15171 15172 15173 15174 15175 15227 15228 15229 
time 2 15330 15331 
promoting 1 15379 
asymmetric 2 15434 15436 
role 28 15160 15196 15208 15209 15210 15211 16613 16752 16753 15241 15242 15243 15295 15296 15302 15303 15311 15327 15797 15960 15961 15405 15406 15407 15431 15432 15437 15552 
systematic 4 15468 15465 15467 16879 
taxonomy 2 15328 15329 
pathways 3 15341 15342 15343 
determinism 1 15152 
generation 5 15347 15348 15349 15408 15409 
signifying 1 15158 
video 7 15143 15144 15145 15146 15154 15283 15284 
intelligence 7 15205 15207 15623 15624 15625 15626 15460 
organisational 26 15193 15194 15195 15196 15214 16432 15226 16612 16613 15284 15457 15458 15347 15348 15349 15369 15370 15371 15425 15426 15427 15428 17227 15642 15643 15644 
asset 1 15429 
nexus 3 15797 15960 15961 
evolution 1 15367 
project 3 15327 15373 16565 
european 9 15304 15375 15376 15377 15550 15548 15549 15551 15552 
paradox 1 15366 
troubles 1 15150 
payments 3 15415 15416 15417 
quality 4 15247 15248 15313 15314 
spin-along 3 15382 15383 15384 
wealth 3 15302 15303 15429 
big 1 15437 
dynamic 13 15375 15376 15377 15425 15427 17227 15438 15439 15854 15853 15855 15967 15968 
knowledge 78 15167 15168 16692 16693 15186 15205 15206 15207 15623 15624 15625 15626 15212 15213 17216 17217 17218 15226 17288 17289 15227 15228 15229 15241 15242 15243 15253 15254 15255 15300 15301 15302 15303 15313 15332 15333 15739 15741 15740 15742 15373 16565 15385 15410 15412 15413 15425 15426 15427 15428 17227 15642 15643 15644 16236 16237 15431 15432 15434 15435 15436 16398 16399 15437 15550 15548 15552 15438 17393 15854 15508 16158 15442 15443 15533 15445 15599 15460 
generalised 3 15297 15298 15299 
comparing 3 15384 15748 17360 
evidence-based 4 15197 15198 15199 17073 
training 3 15237 15394 15378 
absorptive 2 15408 15409 
helix 5 15318 15319 15797 15960 15961 
trial 1 15460 
intermagnetics 2 15392 17027 
standardisation 2 15290 15291 
sweden 2 15318 15319 
markets 6 15468 15465 15467 16879 15390 15391 
taiwan 22 15230 15231 15232 15233 15249 15250 15251 15252 15326 17315 15279 15280 15281 15282 15434 15436 16555 16556 16557 15854 16158 16798 
forecasting 5 15330 15331 15341 15342 15343 
preschoolers 1 15142 
increasing 3 15434 15435 15436 
prospects 2 15250 15326 
indicators 2 15313 15314 
electronic 3 15168 17354 17355 
standards 3 15434 15435 15436 
licensing 4 15230 15231 15232 15233 
invest 1 15350 
new 28 15237 15238 15239 15240 15394 15468 16879 17031 15283 15284 15306 17196 17197 15309 15310 15351 15352 15367 15368 15390 15391 15392 15433 15396 15397 15437 15445 15599 
utility 2 15339 15340 
leveraging 1 15311 
testing 3 15306 17196 17197 
informal 1 15378 
public 6 15212 15213 17216 17217 17218 15445 
globalisation 5 15392 15436 16398 16399 15437 
hong 1 15285 
resources 9 15205 15206 15626 15425 15426 15427 15428 15431 15432 
vcs 3 15399 15400 15401 
change 3 15369 15370 15371 
tool 4 15468 15465 15467 16879 
firms 26 15214 16432 15226 16612 16613 17288 15266 15267 15268 15269 15283 15284 15323 16635 17004 15285 15309 15310 15408 15409 15508 15442 15443 15533 15455 15456 
kong 1 15285 
architecture 2 15264 15265 
capital 11 15286 15287 15288 15289 15398 15399 15400 15401 15854 15967 15968 
policies 6 15204 15385 15392 15433 15552 15792 
software 16 15194 16689 16690 16691 15226 16612 16613 15246 17138 17139 15283 15284 15307 15308 15356 15357 
technological 29 15197 15198 15199 17073 15205 15206 15207 15483 15484 15214 16432 15226 16612 16613 17288 17289 15285 15320 15321 15330 15331 15347 15348 15349 15364 15365 15430 15963 15964 
perspective 18 15168 17354 17355 15190 15191 15192 15467 15441 16039 15351 15352 15431 15432 15438 15439 17393 15854 15508 
planes 1 15148 
processes 2 15262 15263 
welsh 2 15437 15550 
entrepreneurial 11 15216 15637 15266 15267 15268 15269 15277 15278 15379 15438 15439 
country 2 15270 15271 
technology-oriented 2 15396 15397 
lean 6 15163 15164 15165 15166 15437 15550 
careers 1 15366 
factors 4 15216 15637 15305 15306 
linking 8 15171 15172 15173 15174 15175 15205 15206 15626 
day 1 15146 
recruiting 2 15216 15217 
hope 1 15146 
governance 3 15353 15354 15378 
justice 3 15168 17354 17355 
microfinance 1 15378 
evidence 16 15167 15168 15226 16612 16613 17288 15279 15280 15281 15282 15313 15415 15416 15417 15455 15456 
analysis 40 15149 15154 15163 15164 15165 15166 15193 15196 15197 15198 15199 15200 15205 15623 15624 15625 15626 15214 16432 16613 16752 16753 15440 16427 15284 15322 15323 15309 15310 15336 15337 15341 15342 15344 15345 15358 15359 15375 15376 15377 
perceived 2 15277 15278 
education 3 15324 15325 15379 
creativity 3 15188 15283 15284 
simulation 5 15244 15245 15246 15264 15265 
business 16 15194 16689 16690 16691 15205 15206 15626 15468 16879 17031 15350 15353 15354 15424 15438 15439 
findings 2 15225 15226 
wireless 3 15353 15354 15392 
alma 5 15171 15172 15173 15174 15175 
asia 8 15307 15308 15434 15436 16555 16556 16557 15444 
multivariate 2 15330 15331 
valuing 8 15205 15206 15207 15483 15484 15292 15293 15294 
music 1 15150 
lessons 4 15304 17137 15318 15319 
ventures 10 15309 15310 15384 15748 17360 15396 15397 15442 15443 15533 
variance 4 15218 15219 15220 15221 
technopreneurship 1 15311 
theoretical 3 15468 16150 16151 
securing 1 15410 
transformation 2 15441 15440 
outcomes 4 15167 15168 15344 15345 
advantage 2 15320 15321 
relations 2 15336 15337 
motives 2 15344 15345 
outsourcing 2 15437 15550 
venture 8 15286 15287 15288 15289 15399 15400 15401 15460 
economies 4 15162 15436 16154 16155 
assessment 6 15237 15238 15468 15465 15467 16879 
programmes 2 15304 17137 
influences 2 15305 15306 
multi-methodological 5 15550 15548 15549 15551 15552 
social 15 16613 16752 16753 15262 16412 16413 15427 15642 15643 15644 15548 15438 17393 15854 15508 
fostering 1 15311 
graphical 3 15205 15206 15207 
oriented 3 15201 15202 15203 
capability 7 15193 15196 15425 15426 15427 15428 17227 
nations 4 15341 16127 16128 16129 
orientation 2 15277 15278 
croft 1 15149 
transfer 14 15184 15185 15574 15575 15576 15797 15960 15961 15427 15642 15643 15644 15434 15436 
spanish 4 15226 16612 16613 17288 
support 12 15212 15213 17216 17217 17218 15264 15265 15297 15298 15299 15341 15342 
nokia 3 15434 15435 15436 
trouble-management 3 15168 16869 16870 
redundancy 2 15328 15329 
publications 3 15341 15739 15741 
verification 2 15328 15329 
auto 1 15153 
performer 2 15258 15259 
catalyst 1 15372 
publicly 4 15366 15795 15796 15797 
foresight 1 15424 
virtual 6 15159 15162 15279 15280 15281 15282 
contextual 2 15216 15637 
europe 2 15552 15792 
maturity 8 15205 15206 15207 15483 15484 15369 15370 15371 
build 8 15197 15198 15199 15200 15205 15207 15624 15625 
superconductivity 2 15392 15393 
decision 5 15467 15441 15297 15298 15299 
multi-project 2 15327 16595 
holt 1 15338 
acquisition 1 15411 
innovators 2 15258 15259 
visualising 3 15205 15206 15207 
dimensions 3 15440 16427 15410 
globalised 2 15256 15257 
mobility 3 15375 15376 15377 
products 2 15392 15393 
voip 3 15292 15293 15294 
editorial 2 15225 15226 
marketing 4 15196 15309 15392 15433 
trajectories 1 15285 
tech 5 15250 15326 17315 15390 15391 
economy-based 3 15262 16412 16413 
improvement 4 15247 15248 15304 17137 
method 3 15154 15237 15238 
capabilities 10 15226 16612 16613 17288 17289 15854 15853 15855 15967 15968 
efficiency 2 15388 15389 
manufacturing 14 15214 16432 15238 15468 15465 15467 15253 15254 15255 15285 15408 15409 15455 15456 
terminis 3 15201 15202 15203 
interior 1 15158 
subcontracting 2 15336 15337 
initiatives 3 15262 16412 16413 
narrative 1 15150 
utilising 3 15297 15298 15299 
sense-making 2 15438 15439 
cooler 1 15153 
family 1 15392 
experiment 3 15468 16150 16151 
action 1 15187 
fusion 1 15338 
applications 4 15177 15178 15179 15180 
medicine 4 15197 15198 15199 17073 
flexibility 7 15176 15227 15228 15229 15274 15275 15276 
wrap 1 15150 
authentic 1 15379 
means 4 15238 15468 15465 15467 
team 2 15364 15365 
embedded 2 15309 15310 
internationalisation 1 15508 
knowledge-bridging 4 15208 15209 15210 15211 
corporate 10 15227 15228 15229 15286 15287 15288 15289 15424 15442 15443 
clusters 11 15266 15267 15268 15269 15748 15747 15437 15552 15792 15442 15443 
hybrid 5 15341 15342 15343 15412 15413 
push-button 1 15156 
scale 3 15168 16869 16870 
montreal 4 15262 15263 16412 16413 
african 1 15355 
gaming 2 15283 15284 
aeronautics 2 15552 15792 
resolution 2 15445 15599 
investment 7 15249 15250 15251 15252 15326 15270 15271 
super 2 15167 15168 
unfair 1 15151 
knowledge-oriented 3 15436 16154 16155 
east 1 15444 
cross-case 4 15266 15267 15268 15269 
innovation 110 15193 15196 15212 15213 17216 17217 17218 15214 16432 15225 15226 16613 16752 16753 15227 15228 15229 15237 15238 15468 15465 15466 15467 15441 16039 15440 15241 15242 15243 15244 15245 15246 17138 17139 15250 15326 15260 15261 15262 15263 16412 16413 15277 15278 15290 15291 15304 15869 15870 16120 16121 15307 15308 15309 15310 15313 15314 15341 15342 15343 15350 15355 15364 15365 15367 15748 15747 15386 15387 15408 15409 15410 15418 15424 15425 15426 15427 15428 17227 15642 15643 15644 15963 16236 16237 16856 15431 15432 15436 16154 16155 15437 15550 15548 15549 15551 15552 15438 15439 17393 15854 15508 15853 15855 16158 15452 15453 15454 15455 15456 
drug 3 15405 15406 15407 
building 2 15854 16798 
gameplay 1 15155 
play 1 15158 
instrument 5 15212 15213 17216 17217 17218 
past 2 15225 15226 
concepts 3 15468 16879 17031 
environmental 2 15364 15365 
profits 2 15392 15393 
balanced 4 15286 15287 15288 15289 
objectives 2 15344 15345 
technical-personnel 2 15459 15460 
plan 2 15438 15439 
generations 3 15297 15298 15299 
implementation 11 15163 15164 15165 15166 15197 15198 15199 17073 15332 15333 15460 
identification 3 15375 15376 15377 
scientific 7 15201 15202 15203 15208 15209 15210 15211 
inter-firm 6 15193 15196 15272 15273 15305 15306 
competitive 8 15193 15196 15320 15321 15438 17393 15854 15508 
alliances 4 15353 15354 15431 15432 
crossroads 1 15392 
innovations 4 15214 16432 15748 15747 
hosted 3 15292 15293 15294 
energy 1 15350 
professionals 2 15216 15217 
succession 1 15392 
ambiguity 2 15320 15321 
flow 4 15739 15741 15740 15742 
countries 6 15212 15213 17216 17217 17218 15355 
customer 9 15201 15202 15203 15468 15465 15467 16879 15441 15440 
counter-strike 3 15143 15144 15145 
just-in-time 2 15341 15342 
practices 6 15320 15321 15963 16236 16237 16856 
valuation 9 15205 15626 16745 16746 16747 15279 15281 16849 16850 
elements 4 15205 15207 15624 15625 
intermediary 2 15262 15263 
kmsharer 3 15168 16692 16693 
structures 2 15388 15389 
models 6 15227 15228 15229 15330 15331 15437 
teams 2 15438 15439 
mergers 3 15392 15433 17027 
neglected 2 15386 15387 
magnetic 2 15339 15340 
innovativeness 7 15193 15194 15195 15196 15295 15296 15398 
low 4 15258 15259 15390 15391 
theft 1 15153 
graphic 3 15297 15298 15299 
territory 2 15262 15263 
moderating 3 16613 16752 16753 
coordination 4 15272 15273 15336 15337 
corridor 2 15167 15168 
use 3 15227 15228 15229 
cmm 2 15328 15329 
usa 6 15284 15457 15458 15452 15453 15454 
consortium 3 15315 15316 15317 
american 4 15279 15281 16849 16850 
graduate 2 15324 15325 
autonomous 1 15460 
td-scdma 2 15290 15291 
diffusion 12 15197 15198 15199 17073 15415 15416 15417 15427 15642 15643 15644 15444 
sectoral 2 15307 15308 
capital-based 3 16613 16752 16753 
documents 5 15205 15623 15624 15625 15626 
trust 2 15214 15215 
resource-based 1 15430 
learning 31 15226 16612 16613 15227 15228 15229 15467 15441 16039 15272 15273 15284 16635 15315 15316 15317 15332 15333 15335 15347 15348 15349 15373 16565 15378 15379 15425 15426 15427 15428 15444 
emergence 3 15468 16150 16151 
dichotomous 1 15159 
practice 9 15205 15207 15624 15625 15286 15287 15288 15289 15327 
chart 4 15218 15219 15220 15221 
world 7 15205 15626 16745 16746 16747 15256 15257 
document-mining 5 15205 15623 15624 15625 15626 
photovoltaic 3 15274 15275 15276 
scorecard 4 15286 15287 15288 15289 
everquest 1 15148 
trolls 1 15153 
organisations 5 15327 16595 15854 15967 15968 
science 12 15250 15326 17315 15256 15257 15334 15373 15374 16565 15392 15393 15395 
values 4 15237 15238 15239 15240 
dutch 2 15392 15433 
retaining 2 15216 15217 
china 16 15184 15185 15574 15575 15576 15216 15217 15637 15290 15291 15341 15739 15741 15415 15416 15417 
demand 3 15250 15326 17315 
control 6 15218 15219 15220 15221 15327 16595 
toolbox 4 15205 15207 15624 15625 
electric 6 15339 15340 15341 15342 15343 15392 
economy 2 15186 15437 
evolving 1 15548 
tactics 1 15151 
cost 3 15297 15298 15299 
airbus 4 15336 15337 15437 15550 
economic 8 15204 15249 15250 15251 15252 15368 15437 15444 
biotechnological 4 15226 16612 16613 17288 
itri 4 15279 15281 16543 16544 
case 63 15168 16869 16870 15197 15198 15199 17073 15626 17030 15214 15215 15237 15394 15241 15242 15243 15250 15326 17315 15253 15254 15255 15262 15263 16412 16413 15284 15457 15458 15290 15291 15292 15293 15294 15307 15308 15315 15316 15317 15327 16595 15336 15337 15341 15342 15343 15353 15354 15372 15392 15433 17027 15405 15406 15407 15412 15413 15854 15508 16158 15442 15443 15444 
innovative 11 15227 15228 15229 15237 15238 15239 15240 15378 15854 15967 15968 
bioshock 1 15150 
ludologic 1 15160 
profitability 4 15279 15280 15281 15282 
tangible 4 15425 15426 15427 15428 
generate 7 15468 16879 17031 15425 15426 15427 15428 
estimation 3 15250 15326 17315 
managerial 4 15366 15795 15796 15797 
children 1 15161 
roadmap 3 15205 15206 15207 
era 1 15187 
large-scale 4 15373 15374 16565 15445 
regions 2 15318 15319 
singapore 1 15311 
sampling 4 15218 15219 15220 15221 
performance 36 15167 15168 15440 16427 15250 15326 15277 15278 15286 15287 15288 15289 15297 15298 15299 15313 15314 15328 15329 15425 15426 15427 15428 15963 16236 16237 16856 15431 15432 15854 15967 15968 15442 15443 15459 15460 
feminist 1 15149 
multiple 2 15440 16427 
successive 3 15297 15298 15299 
advantages 4 15438 17393 15854 15508 
community 2 15148 15460 
adapting 1 15154 
general 2 15392 17027 
entrepreneur 1 15372 
effect 4 15226 17288 17289 15398 
regional 8 15204 15250 15326 17315 15295 15296 15437 15548 
genetic 3 15241 15242 15243 
welch 1 15392 
smes 12 15212 15213 17216 17217 17218 15262 15263 15398 15552 15452 15453 15454 
changing 4 15311 15405 15406 15407 
weak 2 15318 15319 
historical 1 15152 
high 7 15250 15326 17315 15258 15259 15390 15391 
universities 6 15230 15231 15232 15233 15455 15456 
electronics 2 15196 15460 
competition 4 15284 16635 15438 15439 
curve 3 15297 15298 15299 
saar-lor-lux 1 15204 
reform 3 15323 17051 17052 
university-business 1 15335 
industry 38 15196 15197 15198 15199 17073 15226 16612 16613 15468 16150 16151 15250 15326 15253 15254 15255 15279 15280 15281 15282 15313 15314 15375 15376 15377 15392 15393 15399 15400 15401 15405 15406 15407 15429 15437 15550 15854 16158 
powermat 1 15392 
strategies 15 15190 15191 15192 15244 15245 15246 15250 15326 15285 15304 15869 15870 15390 15391 15430 
games 8 15143 15144 15145 15146 15151 15152 15160 15161 
platform 2 15300 15301 
citation 5 15313 15739 15741 15740 15742 
ewma 4 15218 15219 15220 15221 
continuous 5 15304 17137 15854 15853 15855 
antecedents 3 15384 15748 17360 
like 1 15146 
gss 3 15468 16879 17031 
planning 3 15205 15206 15626 
combination 3 15201 15202 15203 
five-factor 2 15459 15460 
indices 3 15434 15435 15436 
years 2 15392 15393 
pharmaceutical 4 15405 15406 15407 15429 
culture 5 15161 15304 16120 16121 15378 
cinet 2 15304 17137 
appropriateness 1 15176 
complexity 5 15226 16612 16613 17288 17289 
techniques 5 15205 15623 15624 15625 15626 
sims 2 15153 15158 
attractiveness 2 15270 15271 
mapping 2 15300 15301 
start-up 2 15309 15310 
adaptability 4 15193 15194 15195 15196 
telecommunications 2 15445 15599 
nintendo 1 15142 
coopetition 2 15408 15409 
capacity 2 15408 15409 
contingencies 2 15353 15354 
accelerating 2 15854 16158 
european-japanese 2 15214 15215 
end 1 15392 
options 4 15292 15293 15294 15418 
pedagogy 1 15146 
advancing 3 15341 15342 15343 
networking 1 15204 
applying 6 15197 15198 15199 15200 15330 15331 
post 1 15146 
cases 1 15460 
persistence 3 15284 15457 15458 
characteristics 4 15334 15442 15443 15533 
framework 10 15205 15206 15207 15212 15213 17216 17217 17218 16236 16237 
bottom-up 2 15332 15333 
process 16 15218 15219 15220 15221 16613 16752 16753 15238 15468 15465 15466 15467 16879 17031 15438 15439 
really 1 15327 
chain 7 15212 15213 17216 17217 17218 15388 15389 
superiority 2 15193 15196 
broadband 2 15626 17030 
phone 3 15375 15376 15377 
italian 3 15392 15408 15409 
goodwill 3 15306 17196 17197 
roadmapping 3 15205 15206 15626 
subjects 1 15142 
offshore 1 15350 
overcome 3 15190 15191 15192 
enable 3 15168 16692 16693 
patent 9 15230 15231 15232 15233 15313 15739 15741 15740 15742 
sources 5 15214 16432 15452 15453 15454 
contrast 4 15279 15281 16849 16850 
semiconductor 7 15284 15457 15458 15332 15333 15854 16158 
automotive 2 15459 15460 
utilities 1 15350 
model-based 4 15328 15329 15358 15359 
survey 8 15230 15231 15232 15233 15304 17137 15324 15325 
totally 1 15151 
contradiction 3 15201 15202 15203 
commercialisation 4 15351 15352 15748 15747 
intellectual 9 15398 15410 15429 15436 16154 16155 15854 15967 15968 
multidimensionality 3 16613 16752 16753 
literature 3 15284 15323 17004 
enterprise 9 15264 15265 15292 15293 15294 15304 17015 17016 17017 
signals 3 15434 15435 15436 
aquisition 2 15250 15326 
formal 1 15552 
cognitive 2 15434 15436 
diminutive 1 15142 
regulation 2 15626 17030 
policy 13 15212 15213 17216 17217 17218 15250 15326 17315 15311 15358 15359 15368 15552 
manpower 3 15250 15326 17315 
generic 1 15430 
demands 1 15437 
finnish 7 15196 15238 15468 15465 15467 16150 16151 
eis 2 15264 15265 
contrasting 2 15408 15409 
allegory 1 15146 
apoptosis 1 15395 
north 1 15355 
microsoft 3 15434 15435 15436 
evaluation 9 15279 15281 16543 16544 15323 17051 17052 15368 15552 
sharing 3 15854 16798 15460 
implications 8 15467 15441 15313 15314 15425 15427 17227 15552 
finding 2 15390 15391 
making 5 15227 15228 15229 15467 15441 
exist 1 15159 
multi-regional 5 15550 15548 15549 15551 15552 
students 2 15237 15394 
university 5 15351 15352 15797 15960 15961 
funding 2 15373 15374 
tacit 4 15425 15426 15427 15428 
overcoming 1 15187 
glare 1 15156 
problem-solving 2 15356 15357 
potential 2 15459 15460 
technology-based 4 15205 15207 15624 15625 
entrepreneurship 1 15379 
hypermedia 2 15445 15599 
municipal 1 15350 
reconstruction 3 15468 16150 16151 
group 3 15442 15443 15533 
lie 2 15304 17137 
using 4 15292 15293 15294 15313 
freedom 1 15152 
ambidexterity 3 15382 15383 15384 
accounting 4 15163 15164 15165 15166 
principal 4 15366 15795 15796 15797 
search 4 15156 15434 15435 15436 
located 4 15266 15267 15268 15269 
e-commerce 2 15270 15271 
chemical 1 15392 
contribution 2 15336 15337 
demand-supply 2 15388 15389 
limits 1 15149 
entrepreneurs 2 15216 15637 
monitoring 7 15168 17354 17355 15218 15219 15220 15221 
patterns 3 15341 15739 15741 
creative 3 15143 15144 15145 
portfolio 3 15176 16236 16237 
companies 18 15167 15168 15184 15185 15574 15575 15576 15205 15207 15624 15625 15238 15468 15465 15467 15405 15406 15407 
effects 5 15216 15637 15339 15340 15552 
causal 2 15320 15321 
zobele 1 15392 
amid 1 15156 
projects 3 15373 15374 16565 
cities 1 15334 
contingency 4 15193 15194 15195 15196 
view 2 15854 16798 
knut 1 15338 
mechanisms 2 15327 16595 
acquisitions 3 15392 15433 17027 
hospital 4 15197 15198 15199 17073 
review 3 15284 15323 17004 
assessing 9 15193 15194 15195 15196 15246 17138 17139 16236 16237 
knowledge-based 2 15854 16798 
pharma 1 15437 
measuring 6 15177 15178 15179 15180 15388 15389 
restructuring 1 15552 
current 4 15963 16236 16237 16856 
investigating 3 15244 15245 15246 
relationships 5 15467 15441 15440 15434 15436 
ds 1 15142 
look 3 15399 15400 15401 
eu 5 15184 15185 15574 15575 15576 
adoption 2 15386 15387 
needs 8 15184 15185 15237 15238 15468 15465 15467 16879 
firm 4 15277 15278 16236 16237 
sin 1 15153 
sim 1 15153 
successful 1 15372 
elderly 4 15197 15198 15199 15200 
methods 2 15328 15329 
assessments 4 15341 16127 16128 16129 
player 4 15143 15144 15145 15155 
externality 4 15279 15281 16543 16544 
versus 10 15399 15400 15401 15425 15426 15427 15428 15434 15435 15436 
driving 1 15142 
transportation 2 15358 15359 
close 3 15399 15400 15401 
exploring 5 15167 15168 15227 15228 15229 
conceptualising 2 15437 15550 
facto 2 15284 16635 
future 8 15216 15637 15225 15226 15334 15424 15437 15550 
competitiveness 9 15184 15185 15341 16127 16128 16129 15355 15364 15365 
key 3 15302 15303 15309 
taiwanese 5 15279 15281 16849 16850 15508 
transregional 1 15552 
think 1 15156 
proximities 2 15437 15550 
reward 1 15155 
enhancing 1 15355 
establishment 4 15197 15198 15199 17073 
german 1 15350 
integrating 4 15264 15265 15410 15424 
inter-organisational 4 15467 15441 15440 15460 
coping 2 15440 16427 
measurement 14 15286 15287 15288 15289 15313 15314 15739 15741 15740 15742 15963 16236 16237 16856 
patient-centric 4 15197 15198 15199 15200 
self-effacing 1 15151 
contemplation 1 15156 
tentative 3 15430 15963 15964 
thrive 1 15395 
internet 2 15626 17030 
amp 31 15146 15214 15215 15216 15217 15440 16427 15250 15326 15284 15323 15457 15458 17051 17052 15311 15327 16595 15367 15392 15433 17027 15434 15436 16555 16556 16557 15442 15443 15533 15460 
spillover 1 15313 
mobile 4 15375 15376 15377 15392 
invention 2 15212 15213 
oem 2 15854 16798 
sociology 1 15158 
ict 2 15262 15263 
edi 3 15284 15322 15323 
funded 4 15366 15795 15796 15797 
intentions 2 15216 15637 
dealing 1 15304 
intangible 8 15279 15281 16849 16850 15425 15426 15427 15428 
frequency 2 15339 15340 
analytic 1 15445 
proclivity 2 15277 15278 
enhance 3 15227 15228 15229 
area 2 15262 15263 
integration 7 15279 15280 15281 15282 15284 15322 15323 
questioning 1 15159 
experience 4 15304 15384 15748 17360 
houses 4 15279 15281 16849 16850 
ahead 2 15304 17137 
stimulate 4 15438 17393 15854 15508 
game 3 15148 15154 15157 
readiness 3 15369 15370 15371 
methodology 6 15197 15198 15199 17073 16236 16237 
meeting 3 15184 15185 15437 
approach 30 15159 15168 16692 16693 15176 15193 15194 15195 15196 15197 15198 15199 17073 15214 16432 15332 15333 15341 15342 15343 15379 15382 15383 15384 15437 15550 15548 15549 15551 15552 
start-ups 5 15171 15172 15173 15174 15175 
growth 8 15266 15267 15268 15269 15355 15384 15748 17360 
automobile 5 15284 15322 15323 15313 15314 
rights 3 15436 16398 16399 
thailand 2 15626 17030 
sustainable 4 15186 15350 15355 15385 
academies 2 15256 15257 
medium-technology 5 15550 15548 15549 15551 15552 
operation 3 15250 15326 17315 
transforming 2 15332 15333 
policy-making 2 15445 15599 
ok 1 15151 
laser 3 15284 15457 15458 
activities 9 15194 16689 16690 16691 15307 15308 15442 15443 15533 
thoughts 1 15153 
creating 3 15297 15298 15299 
abduction 1 15188 
services 14 15168 16692 16693 15208 15209 15210 15211 15214 16432 15292 15293 15294 15445 15599 
structure 6 15392 15393 15438 17393 15854 15508 
charging 1 15392 
channels 2 15412 15413 
questions 1 15309 
thinking 2 15467 15441 
knowing-doing 1 15187 
dossiers 1 15155 
standard-based 2 15284 16635 
delivery 3 15405 15406 15407 
gap 3 15187 15212 15213 
region 1 15204 
evaluate 3 15274 15275 15276 
creation 5 15302 15303 15425 15427 17227 
series 2 15330 15331 
experiences 9 15171 15172 15173 15174 15175 15284 16635 15854 16798 
interval 4 15218 15219 15220 15221 
development 32 15186 15237 15238 15394 15468 15465 15467 15250 15326 15253 15254 15255 15283 15284 15297 15298 15299 15306 17196 17197 15313 15368 15372 15385 15390 15391 15392 15433 17027 15411 15437 15508 
credits 7 15249 15250 15251 15252 15323 17051 17052 
influence 6 15748 15747 15425 15426 15427 15428 
stepwise 2 15386 15387 
portuguese 2 15408 15409 
patients 4 15197 15198 15199 15200 
adjustment 4 15249 15250 15251 15252 
non-cash 3 15415 15416 15417 
zealand 2 15351 15352 
radical 6 16613 16752 16753 15304 16120 16121 
internal 8 15205 15626 16745 16746 16747 15250 15326 15372 
ideas 3 15468 16879 17031 
e-entrepreneurship 3 15190 15191 15192 
organisation 7 15304 16120 16121 15332 15333 15373 16565 
luxembourg 2 15214 16432 
brutally 1 15151 
product 33 15176 15237 15238 15394 15468 15465 15466 15467 16879 17031 15247 15248 15283 15284 15297 15298 15299 15306 17196 17197 15330 15331 15372 15388 15389 15390 15391 15392 15433 17027 15398 15408 15409 
differ 2 15214 16432 
classification 3 15205 15206 15207 
lara 1 15149 
design 13 15142 15158 15201 15202 15203 15279 15281 16849 16850 15425 15427 17227 15552 
technology 79 15152 15168 16692 16693 15177 15178 15179 15180 15184 15185 15574 15575 15576 15205 15206 15207 15483 15484 15623 15624 15625 15626 16745 16746 16747 17030 15225 15226 15227 15228 15229 15237 15394 15250 15326 17315 15274 15275 15276 15284 15323 17004 15313 15324 15325 15338 15341 15342 15351 15352 15353 15354 15797 15960 15961 15367 15373 16565 15384 15748 17360 15747 15385 15392 15393 15405 15406 15407 15411 15425 15426 15427 15428 15434 15435 15436 15552 15792 15444 
individual 1 15366 
powerkiss 1 15392 
location 2 15295 15296 
inventive 2 15356 15357 
perspectives 3 15157 15327 15367 
study 50 15160 15168 16869 16870 15184 15185 15574 15575 15576 15214 15215 15216 15637 15237 15238 15468 15465 15244 15245 15246 15262 16412 16413 15266 15267 15268 15269 15279 15281 16543 16544 15315 15316 15317 15739 15741 15740 15742 15372 15748 15747 15392 15433 17027 15412 15413 15854 16158 15442 15443 
studies 1 15159 
chinese 10 15171 15172 15173 15174 15175 15399 15400 15401 15455 15456 
procedures 2 15392 17027 
caused 2 15434 15436 
directions 2 15225 15226 
barriers 8 15190 15191 15192 15375 15376 15377 15434 15436 
inter-subjective 2 15260 15261 
level 2 15260 15261 
imbalances 2 15434 15436 
value 8 15212 15213 17216 17217 17218 15226 17288 17289 
centres 1 15395 
developing 7 15304 16120 16121 17015 17016 17017 15335 
investigation 1 15176 
societal 2 15339 15340 
portugal 3 15452 15453 15454 
protection 1 15429 
non-technological 2 15214 16432 
challenges 14 15186 15304 17137 15334 15366 15795 15796 15797 15368 15963 16236 16237 16856 15437 
capturing 2 15344 15345 
strategising 2 15193 15196 
km 2 15167 15168 
comparison 10 15341 16127 16128 16129 15442 15443 15533 15452 15453 15454 
emerging 3 15309 15324 15325 
issues 14 15167 15168 15205 15626 16745 16746 16747 15309 15324 15325 15963 16236 16237 16856 
industry-university 3 15227 15228 15229 
bridge 2 15212 15213 
academics 2 15212 15213 
concept 5 15186 15318 15319 15386 15387 
jack 1 15392 
investor 3 15384 15748 17360 
philips 2 15392 17027 
way 1 15395 
theory 7 15190 15191 15192 15286 15287 15288 15289 
work-integrated 1 15335 
improve 2 15388 15389 
enhanced 3 15227 15228 15229 
network 15 15468 16150 16151 15336 15337 15739 15741 15740 15742 15431 15432 15438 17393 15854 15508 
online 5 15143 15144 15145 15328 15329 
playing 3 15143 15144 15145 
real 12 15205 15626 16745 16746 16747 15274 15275 15276 15292 15293 15294 15418 
ic 6 15279 15280 15281 15282 16849 16850 
japan 4 15284 15457 15458 15460 
telecom 3 15168 16869 16870 
cooperation 6 15272 15273 15306 17196 17197 15335 
actors 2 15262 15263 
healthcare 6 15197 15198 15199 15200 15392 17027 
agenda 3 15430 15963 15964 
intranet 7 15238 15468 15465 15466 15467 15300 15301 
d-based 1 15460 
application 16 15246 17138 17139 15274 15275 15276 15292 15293 15294 15434 15436 16555 16556 16557 15459 15460 
knowledge-driven 3 15437 15552 15792 
standard 2 15290 15291 
etom 3 15168 16869 16870 
resource 2 15320 15321 
transition 3 15392 15433 17027 
human 5 16613 16752 16753 15320 15321 
lose 1 15156 
electrical 1 15196 
local 8 15171 15172 15173 15174 15175 15262 16412 16413 
sme 5 15212 15213 17216 17217 17218 
nanotechnology 3 15341 15739 15741 
experiential 1 15378 
greater 2 15262 15263 
don 1 15159 
collaborative 5 15441 15440 15341 15739 15741 
philology 1 15157 
opportunities 1 15204 
slack 4 15425 15426 15427 15428 
option 3 15274 15275 15276 
multinational 1 15311 
international 7 15341 15739 15741 15740 15742 15373 15374 
impacts 2 15364 15365 
content 1 15154 
ownership 2 15392 15433 
conflict 5 15306 17196 17197 15445 15599 
ways 2 15250 15326 
trends 3 15186 15324 15325 
textual 1 15149 
progression 3 15797 15960 15961 
data 2 15155 15313 
worlds 1 15159 
vs 2 15272 15273 
critical 4 15305 15306 15324 15325 
dynamics 3 15226 16612 16613 
assess 3 15369 15370 15371 
direct 2 15270 15271 
reverse 2 15434 15436 
uk 8 15205 15207 15624 15625 15304 17137 15437 15550 
facilitate 3 15304 16120 16121 
narrating 2 15318 15319 
discontinuous 3 15304 15869 15870 
competencies 5 15320 15321 15347 15348 15349 
selection 4 15176 15304 15869 15870 
relationship 2 15854 16798 
field 2 15339 15340 
institute 2 15237 15394 
enterprises 4 15184 15185 15258 15259 
pattern 3 15415 15416 15417 
high-tech 7 15341 16127 16128 16129 15452 15453 15454 
variable 4 15218 15219 15220 15221 
infrastructure 3 15274 15275 15276 
observable 1 15367 
actions 3 15143 15144 15145 
publishing 3 15226 16612 16613 
dreams 1 15150 
centre 3 15250 15326 17315 
pull 1 15338 
dss 2 15264 15265 
exploration 8 15212 15213 17216 17217 17218 15467 15441 16039 
corporations 1 15311 
timing 2 15396 15397 
networks 23 16613 16752 16753 15467 15441 16039 15306 17196 17197 15748 15747 15427 15642 15643 15644 15436 16398 16399 15550 15548 15549 15551 15552 
text 1 15148 
canada 3 15452 15453 15454 
reinforcing 1 15378 
alternative 4 15168 17354 17355 15327 
effort 3 15384 15748 17360 
government-sponsored 2 15272 15273 
japanese 12 15283 15284 15322 15323 16635 17004 17051 17052 15392 15433 15459 15460 
conglomerate 1 15392 
assets 5 15279 15281 16849 16850 15410 
comparative 15 15163 15164 15165 15166 15214 16432 15216 15637 15237 15238 15468 15465 15284 15322 15323 
foreign 7 15270 15271 15399 15400 15401 15455 15456 
kanazawa 2 15237 15394 
empirical 15 15167 15168 15176 15214 16432 15279 15281 16543 16544 15309 15310 15748 15747 15431 15432 
model 13 15274 15275 15276 15338 15350 15369 15370 15371 15854 15853 15855 15459 15460 
sup 4 15218 15219 15220 15221 
engineering 8 15237 15394 15241 15242 15243 15302 15303 15445 
phones 1 15392 
founders 5 15171 15172 15173 15174 15175 
supply 7 15468 16150 16151 15412 15413 15437 15550 
cross-border 1 15204 
modes 2 15327 16595 
icon 1 15149 
investigators 4 15366 15795 15796 15797 
manhattan 2 15373 16565 
principles 1 15154 
co-evolution 2 15854 16158 
suppliers 6 15284 15322 15323 15405 15406 15407 
malaysian 2 15167 15168 
discovering 5 15205 15623 15624 15625 15626 
supporting 3 15205 15206 15207 
pen-and-paper 1 15160 
service 10 15194 16689 16690 16691 15197 15198 15199 15200 15250 15326 
operations 3 15168 16869 16870 
success 1 15392 
brief 1 15160 
shift 2 15258 15259 
skills 2 15437 15550 
risks 1 15204 
supervision 3 15168 17354 17355 
technical 9 15205 15623 15624 15625 15626 15208 15209 15210 15211 
maintaining 2 15373 15374 
city 1 15153 
distinctive 3 15347 15348 15349 
open 7 15244 15245 15246 15277 15278 15309 15310 
sales 3 15142 15330 15331 
criminal 3 15168 17354 17355 
evolutionary 3 15253 15254 15255 
agile 4 15304 17015 17016 17017 
vehicles 3 15341 15342 15343 
groups 3 15375 15376 15377 
information 19 15168 16692 16693 15177 15178 15179 15180 15214 16432 15241 15242 15243 15297 15298 15299 15385 15434 15435 15436 
wind 1 15350 
national 4 15184 15185 15385 15444 
innovationenterprizer 3 15246 17138 17139 
fps 3 15143 15144 15145 
incentives 2 15272 15273 
create 4 15237 15238 15239 15240 
strategic 21 15186 15187 15226 17288 17289 15284 15323 17004 15344 15345 15353 15354 15367 15375 15376 15377 15382 15383 15384 16236 16237 
superpower 2 15392 15433 
present 2 15225 15226 
tax 7 15249 15250 15251 15252 15323 17051 17052 
agglomerations 2 15552 15792 
e-services 3 15168 16869 16870 
trees 1 15152 
advice-seeking 2 15364 15365 
reaction 2 15339 15340 
examination 3 15250 15326 15552 
google 3 15434 15435 15436 
collaboration 9 15193 15196 15227 15228 15229 15305 15306 15455 15456 
institutions 7 15230 15231 15232 15233 15336 15337 15378 
timeline 5 15205 15206 15207 15483 15484 
proximity-based 2 15336 15337 
effective 4 15438 17393 15854 15508 
partnerships 2 15214 15215 
highly 1 15460 
edge 2 15373 16565 
research 15 15225 15226 15272 15273 15307 15308 15309 15366 15386 15387 15430 15963 15964 15437 15508 
quest 1 15186 
problem-based 1 15379 
industrial 18 15184 15185 15574 15575 15576 15237 15394 15468 15465 15467 16879 15434 15436 16555 16556 16557 15854 16798 
paradigms 1 15367 
geo-cultural 2 15305 15306 
balancing 1 15338 
cyberbimbo 1 15149 
based 20 15168 16869 16870 15197 15198 15199 17073 15238 15468 15465 15466 15467 15300 15301 15309 15310 15739 15741 15740 15742 
sector 4 15214 16432 15262 15263 
users 2 15237 15238 
spontaneous 2 15272 15273 
grandmothers 1 15153 
oecd 5 15212 15213 17216 17217 17218 
impact 20 15163 15164 15165 15166 15171 15172 15173 15174 15175 15177 15178 15179 15180 15227 15228 15229 15249 15250 15251 15252 
income-generating 4 15230 15231 15232 15233 
diodes 3 15284 15457 15458 
tools 9 15205 15623 15624 15625 15626 15246 17138 17139 15445 
grand 1 15153 
power 3 15148 15339 15340 
returns 3 15434 15435 15436 
korea 2 15442 15443 
systems 20 15163 15164 15165 15166 15205 15207 15624 15625 15237 15238 15468 15465 15467 15441 15307 15308 15339 15340 15437 15444 
work 3 15323 17051 17052 
global 12 15177 15178 15179 15180 15186 15187 15324 15325 15429 15434 15435 15436 
collective 1 15366 
property 5 15436 16154 16155 16398 16399 
modelling 2 15260 15261 
maters 5 15171 15172 15173 15174 15175 
winning 3 15201 15202 15203 
environment 1 15424 
market 10 15190 15191 15192 15292 15293 15294 15338 15434 15435 15436 
popular 1 15150 
company 5 15332 15333 15392 15459 15460 
management 75 15163 15164 15165 15166 15167 15168 16692 16693 15196 15205 15206 15207 15626 17030 15225 15226 15237 15238 15239 15240 15468 15465 15466 15467 15246 17138 17139 15253 15254 15255 15283 15284 15323 17004 15300 15301 15302 15303 15324 15325 15327 15332 15333 15364 15365 15367 15385 15412 15413 15418 15425 15427 17227 15430 15963 15964 16236 16237 16856 15436 16154 16155 15552 15438 17393 15854 15508 15442 15443 15533 15444 15445 15599 15459 15460 
longitudinal 5 15250 15326 15315 15316 15317 
direction 4 15249 15250 15251 15252 
behaviour 1 15368 
analytical 5 15212 15213 17216 17217 17218 
wars 1 15156 
routines 2 15441 15440 
recent 4 15341 16127 16128 16129 
employing 1 15445 
push 1 15338 
biotechnology 1 15437 
cybernetics 3 15190 15191 15192 
offices 5 15351 15352 15797 15960 15961 
triple 5 15318 15319 15797 15960 15961 
die 1 15160 
ludology 1 15154 
africa 2 15186 15313 
forms 3 15205 15206 15207 
aerospace 2 15437 15550 
profit 2 15284 16635 
strategy 20 15142 15152 15184 15185 15574 15575 15576 15187 15197 15198 15199 15200 15205 15206 15207 15378 15392 15433 15411 15424 
roleplaying 1 15160 
linux 5 15309 15310 15434 15435 15436 
domestic 3 15399 15400 15401 
rules 1 15160 
technologies 5 15264 15265 15390 15391 15548 
multimedia 2 15167 15168 
unachievements 1 15151 
mmo 1 15159 
small-team-type 1 15460 
entry 5 15190 15191 15192 15396 15397 
districts 5 15434 15436 16555 16556 16557 
industries 5 15208 15209 15210 15211 15392 
cluster 9 15197 15198 15199 15200 15368 15552 15792 15442 15443 
