<Keyword> <No of vertices> <vertex1> <vertex2> .... <vertexN> 
current-spreading 12 2595 2596 2598 2599 2600 2601 3249 3250 3251 3252 3253 3254 
visibility 3 2369 2370 2371 
bright 4 2581 2583 3101 2793 
uneven 5 2649 2650 2651 2652 2653 
advances 3 2610 2611 2612 
in-plane 6 2513 3345 3346 3347 3348 3349 
prototyping 3 4878 4876 4877 
colour 33 2340 3016 3017 3018 2381 2382 2383 2384 2385 2386 2387 2395 2396 2397 2398 2399 2400 2401 2503 2504 2505 2506 2622 2623 2744 2745 2746 2747 3149 3150 2773 3307 3308 
typeface 5 2342 2343 2344 2345 2346 
slope 3 2352 2353 2354 
bare 4 2616 6515 6516 6517 
objects 3 2696 2697 2698 
video 6 2340 2341 2550 2551 2552 2553 
homepage 4 2414 2415 2416 2417 
conditions 5 2369 2370 2371 2444 2763 
junction 12 2595 2596 2598 2599 2600 2601 3249 3250 3251 3252 3253 3254 
textured 7 2595 2596 2597 2598 2599 2600 2601 
quality 2 2428 2429 
steering 3 2369 2370 2371 
optically 1 2507 
lines 8 2477 2519 2513 2515 2517 2518 2748 2749 
viewing 6 2340 2341 2376 2747 3149 3150 
dynamic 10 5129 4878 5299 2533 2534 2535 2538 3100 2700 3212 
compatibility 2 2616 3081 
judgment 1 2499 
communications 3 7758 12273 12274 
hollow-core 4 2675 2676 2677 2678 
training 3 2373 5461 5462 
aesthetic 4 2414 2415 2416 2417 
velocities 2 2700 3212 
object-oriented 4 2616 6515 6516 6517 
scenes 3 5129 4878 5299 
optoelectronics 2 2580 2929 
preferences 4 2535 2536 2616 2752 
simulator 20 2372 2471 2472 2489 2490 2491 2492 2493 2494 2638 2639 2640 2663 2664 2665 2666 2768 2769 2770 2771 
increasing 2 2533 2534 
sidewalls 7 2595 2596 2597 2598 2599 2600 2601 
situated 4 2627 2628 2629 2630 
up-sampling 2 2428 2429 
new 11 2483 2484 2507 2527 2528 2545 7757 7758 7759 2556 2557 
including 13 2448 2449 2450 2451 2453 2456 2457 2458 2459 3195 3196 3197 2722 
red 13 2440 2539 2540 2541 2542 2543 2584 2585 2586 2587 2588 2589 2590 
days 4 2645 2646 2647 2648 
wide-viewing 6 2513 2515 2517 2518 2748 2749 
public 4 2627 2628 2629 2630 
interpersonal 5 10802 13950 13951 13952 13953 
circuits 13 2448 2449 2450 2451 2453 2456 2457 2458 2459 3195 3196 3197 2722 
shooting 3 2772 2773 2774 
visible 2 2500 2501 
change 1 2477 
settings 3 2559 2560 2561 
lcd 3 2444 2741 2742 
architecture 10 7757 7758 7759 2799 2800 2801 2802 2803 2804 2805 
bounce 6 2513 2514 2515 2516 2517 2518 
policies 3 2545 7757 7758 
usability 5 2761 2762 3075 2795 2796 
height 2 2527 2528 
band 1 2537 
heuristics 2 2617 2618 
processing 6 2503 2504 2505 2506 2741 2742 
perspective 1 2502 
overall 2 2428 2429 
motion 15 2340 2341 2376 2751 2775 2462 2463 2464 2550 2551 2552 2553 2772 2773 2774 
edge-lit 2 2741 2742 
processes 5 2475 2476 2773 3307 3308 
monitor 1 2444 
colors 3 2477 2519 2507 
display 90 2347 2348 2349 2350 2351 2352 2353 2354 2381 2382 2383 2384 2385 2386 2387 2462 3159 2477 2489 2490 2491 2492 2493 2494 2508 2509 2638 2639 2640 2507 2513 2514 2515 2516 2517 2518 2527 2528 2529 2535 2538 3100 2556 2557 2559 2560 2561 2572 2573 2574 2575 2576 2581 2582 2583 3101 2602 2603 2607 2608 2616 2752 2622 2623 2624 2625 2626 2663 2664 2665 2666 2741 2742 3299 3300 2747 3149 3150 2768 2769 2770 2771 2793 2799 2800 2801 2802 2803 2804 2805 
e-books 3 2761 2762 3075 
waveform 5 2527 2528 2581 2583 3101 
in-vehicle 10 2372 2373 2374 2375 2471 2472 2550 2551 2552 2553 
column 10 2722 2715 2716 2717 2718 2719 2720 2721 2535 2536 
binocular 1 2477 
time-sequential 1 2507 
room 1 2793 
guidance 2 2741 2742 
ray 3 2445 2446 2447 
evidence 7 2373 5461 5462 2414 2415 2416 2417 
co-dopants 6 2440 2539 2540 2541 2542 2543 
stitching 7 2800 3213 3214 3215 3216 3217 3218 
pulse 2 2527 2528 
analysis 17 2507 2550 2551 2552 2553 2581 2582 2583 2603 2691 2692 2693 2700 3212 2741 3299 3300 
perceived 3 2499 2556 2557 
brightness 6 2711 2712 2713 2714 2741 2742 
response 3 2747 3149 3150 
sequential 13 2448 2449 2450 2451 2453 2456 2457 2458 2459 3195 3196 3197 2722 
lag 4 2489 2494 2508 2509 
intensified 1 2537 
stereoscopic 15 2340 2376 2402 2403 2404 2477 2607 2608 2641 2642 2654 3132 3133 3134 2683 
layer 32 2362 2731 2732 2733 2734 2735 2736 2737 2738 2739 2740 2722 2715 2716 2717 2718 2719 2720 2721 2566 2567 2568 2569 2570 2571 2595 2596 2597 2598 2599 2600 2601 
source 4 2603 2691 2692 2693 
icons 1 2444 
viewer 1 2683 
layers 7 2395 2396 2397 2398 2399 2400 2401 
neural 2 2622 2623 
substitution 4 2544 2545 2546 2547 
influences 4 2414 2415 2416 2417 
cue 2 2556 2557 
multi-proxy 3 7758 10801 10802 
sensor 2 2622 2623 
stroke 5 2342 2343 2344 2345 2346 
absorption 3 2624 2625 2626 
improved 21 2347 2348 2349 2350 2351 2544 2545 2546 2547 2595 2596 2598 2599 2600 2601 3249 3250 3251 3252 3253 3254 
provoked 2 2340 2341 
social 7 2533 2534 10802 13950 13951 13952 13953 
visually 4 2376 2775 2556 2557 
mechanical 4 2711 2712 2713 2714 
orientation 2 2462 3159 
support 5 10802 13950 13951 13952 13953 
adaptive 4 2495 2496 2497 2498 
hold 14 2448 2449 2450 2451 2452 2453 2454 2455 2456 2457 2458 2459 2460 2461 
menu 4 2372 2373 2374 2375 
health 1 2376 
distribution 3 7758 12273 12274 
ramp 3 2352 2353 2354 
inclined 7 2595 2596 2597 2598 2599 2600 2601 
verification 3 7758 10801 10802 
pointer 2 2622 2623 
nanoparticles 4 2675 2676 2677 2678 
cathode 8 2445 2446 2447 2781 2782 2783 2784 2785 
filters 2 2602 2603 
mems 10 2485 2502 2529 2649 2650 2651 2652 2653 2797 2798 
virtual 15 2376 2751 5129 4878 5299 2373 5461 5462 2631 2632 2654 3132 3133 3134 2747 
home 5 2367 5129 5130 4878 2683 
television 1 2683 
electro-optical 6 2513 3345 3346 3347 3348 3349 
fiber 2 2797 2798 
clear 12 2595 2596 2598 2599 2600 2601 3249 3250 3251 3252 3253 3254 
acquisition 2 2631 2632 
barrier-rib 2 2527 2528 
distance 4 2654 3132 3133 3134 
eacute 2 2741 2742 
hierarchy 3 2545 7757 7758 
poly-si 18 2448 2449 2450 2451 2452 2453 2454 2455 2456 2457 2458 2459 2460 2461 3195 3196 3197 2722 
products 4 4878 4876 4877 2743 
identifying 2 2699 2700 
criteria 3 2373 5461 5462 
luminance 13 2381 2382 2383 2384 2385 2386 2387 2559 2560 2561 2581 2582 2583 
movie 2 2340 2341 
trajectories 2 2617 2618 
enhancement 18 2418 2419 2420 2421 2422 2495 2496 2497 2498 2675 2676 2677 2678 2711 2712 2713 2714 2793 
emissive 3 2624 2625 2626 
lanthanide 3 2624 2625 2626 
zno 5 2781 2782 2783 2784 2785 
authoring 3 5129 4878 5299 
zns 5 2436 2437 2438 2439 2440 
modular 5 2347 2348 2349 2350 2351 
improvement 14 2418 2419 2420 2421 3105 2502 2527 2528 2562 2563 2564 2565 2741 2742 
method 15 2430 2431 2432 2433 2527 2528 2535 2538 3100 2544 2545 2546 2547 2616 2752 
force 8 2722 2715 2716 2717 2718 2719 2720 2721 
efficiency 4 2675 2676 2677 2678 
manufacturing 4 2616 6515 6516 6517 
single 14 2376 2775 2362 2731 2732 2733 2734 2735 2736 2737 2738 2739 2740 2537 
simulated-aircraft 2 2462 3159 
variation 3 2581 2582 2583 
defect 3 2604 2605 2606 
difficulty 3 2772 2773 2774 
reproduction 1 2507 
helmet 4 2494 2638 2639 2640 
type 3 2535 2538 3100 
fusion 2 2500 2501 
extinction 5 2436 2437 2438 2439 2440 
applications 7 2753 2754 2755 2756 2757 2758 2759 
mesh 3 2367 13220 13221 
icel 2 2580 2929 
damage 7 2595 2596 2597 2598 2599 2600 2601 
depth 8 2372 2373 2374 2375 2428 2429 2556 2557 
arrangement 2 2535 2536 
console 3 2744 2745 2746 
sral 4 2430 2431 2432 2433 
hybrid 9 2367 5129 5130 4878 2781 2782 2783 2784 2785 
mounted 4 2494 2638 2639 2640 
panel 6 2352 2353 2354 2535 2536 2793 
explore 3 2372 2471 2472 
field-sequential 4 2340 3016 3017 3018 
n-gan 12 2595 2596 2598 2599 2600 2601 3249 3250 3251 3252 3253 3254 
coordinated 7 2753 2754 2755 2756 2757 2758 2759 
etendue 4 2603 2691 2692 2693 
eliciting 4 2627 2628 2629 2630 
resolution 21 2448 2449 2450 2451 2452 2453 2454 2455 2456 2457 2458 2459 2460 2461 2462 3159 2477 2519 2499 2535 2536 
super 1 2485 
rate 2 2616 2752 
effectiveness 3 2373 5461 5462 
path 3 2696 2697 2698 
addiction 5 10802 13950 13951 13952 13953 
quantitative 4 2550 2551 2552 2553 
task 6 2535 2538 3100 2772 2773 2774 
algorithmic 4 2503 2504 2505 2506 
interface 2 2616 3081 
tft-lcds 4 2503 2504 2505 2506 
rendering 16 2395 2396 2397 2398 2399 2400 2401 2641 2642 2800 3213 3214 3215 3216 3217 3218 
implementation 5 2352 2365 2366 2367 2368 
rsvp 2 2535 2538 
night 2 2500 2501 
upconversion 3 2530 2531 2532 
fabricated 5 2781 2782 2783 2784 2785 
comprehension 5 2535 2538 3100 2616 2752 
technique 10 2489 2494 2508 2509 2545 2908 2556 2557 2741 2742 
electroluminescent 5 2436 2437 2438 2439 2440 
human-machine 2 2616 3081 
treatment 4 2562 2563 2564 2565 
flow 8 2577 2578 2579 2580 2768 2769 2770 2771 
iterated 1 2806 
practices 1 2502 
feedback 10 2372 3049 3050 3051 3052 3053 2627 2628 2629 2630 
workstations 3 2559 2560 2561 
comprehensive 3 2402 2403 2404 
appeal 3 2773 3307 3308 
movements 2 2556 2557 
ergonomic 4 2340 3016 3017 3018 
static 2 2533 2534 
visuospatial 3 2760 2761 2762 
observer 6 2462 2463 2464 2696 2697 2698 
observed 1 2477 
overcoat 8 2722 2715 2716 2717 2718 2719 2720 2721 
devices 14 2395 2396 2397 2398 2399 2400 2401 2485 2566 2567 2568 2569 2570 2571 
low 9 2595 2596 2597 2598 2599 2600 2601 2607 2608 
complex 5 2475 2476 2624 2625 2626 
glasses 1 2477 
minimum 4 2477 2519 2527 2528 
derivatives 7 2753 2754 2755 2756 2757 2758 2759 
messages 3 2545 7758 19889 
luminescent 3 2624 2625 2626 
washout 5 2572 2573 2574 2575 2576 
best 1 2502 
delayed 2 2615 2616 
light-emitting 53 2356 2357 2358 2359 2360 2361 2362 2731 2732 2733 2734 2735 2736 2737 2738 2739 2740 2377 2378 2379 2380 2395 2396 2397 2398 2399 2400 2401 2418 2419 2420 2421 2422 3105 2566 2567 2568 2569 2570 2571 2595 2596 2597 2598 2599 2600 2601 3249 3250 3251 3252 3253 3254 
vibrating 4 2654 2655 2656 2657 
young 7 2381 2382 2383 2384 2385 2386 2387 
polymeric 4 2675 2676 2677 2678 
tunable 3 2530 2531 2532 
material 3 2741 3299 3300 
assignment 3 2545 7757 7758 
oxide 9 2418 2419 2420 2421 3105 2562 2563 2564 2565 
presence 2 2533 2534 
printed 3 2741 3299 3300 
cognition 1 2747 
vertical 13 2513 2514 2515 2516 2517 2518 2572 2573 2574 2575 2576 2616 3081 
auditory 3 2615 2616 3081 
hierarchies 4 2372 2373 2374 2375 
emission 33 2356 2357 2358 2359 2360 2361 2362 2436 2437 2438 2439 2440 2566 2567 2568 2569 2570 2571 2584 2585 2586 2587 2588 2589 2590 2624 2625 2626 2781 2782 2783 2784 2785 
cop 2 2483 2484 
reflected 1 2750 
bonding 2 2483 2484 
indium-tin-oxide 5 2418 2419 2420 2421 2422 
ambient 2 2444 2763 
computer-aided 4 2616 6515 6516 6517 
cryptosystem 3 2545 7758 19889 
demand 3 2372 2471 2472 
china 4 2414 2415 2416 2417 
shared 5 7758 10801 10802 12273 12274 
control 8 2369 2370 2371 2545 7757 7758 2556 2557 
enabled 2 2607 2608 
louvers 4 2645 2646 2647 2648 
possibility 2 2641 2642 
surfaces 4 2603 2691 2692 2693 
modified 7 2356 2357 2358 2359 2360 2361 2362 
difference 3 2369 2370 2371 
electrode 4 2377 2378 2379 2380 
failure 1 2502 
stereo 3 2696 2697 2698 
panoramic 7 2800 3213 3214 3215 3216 3217 3218 
car 3 2373 5461 5462 
walking 2 2617 2618 
tangible 5 5129 4878 5299 4876 4877 
estimation 4 2654 3132 3133 3134 
xvycc 1 2507 
stability 14 2352 2353 2354 2362 2731 2732 2733 2734 2735 2736 2737 2738 2739 2740 
children 2 2533 2534 
cortical 3 2696 2697 2698 
regions 2 2699 2700 
sampling 13 2448 2449 2450 2451 2453 2456 2457 2458 2459 3195 3196 3197 2722 
polarity 5 2342 2343 2344 2345 2346 
performance 40 2402 2403 2404 2418 2419 2420 2421 3105 2444 2763 2535 2536 2562 2563 2564 2565 2595 2596 2598 2599 2600 2601 3249 3250 3251 3252 3253 3254 2616 2752 2654 2655 2656 2657 2760 2761 2762 2772 2773 2774 
illumination 2 2444 2763 
transparent 11 2418 2419 2420 2421 2422 3105 2781 2782 2783 2784 2785 
geometrical 1 2750 
formation 12 2722 2715 2716 2717 2718 2719 2720 2721 2577 2578 2579 2580 
plasma 3 2527 2528 2793 
infrared 2 2500 2501 
adapting 2 2631 2632 
manipulation 4 2503 2504 2505 2506 
threshold 5 7758 10801 10802 12273 12274 
congruent 3 2696 2697 2698 
effect 16 2428 2429 2462 3159 2577 2578 2579 2580 2747 3149 3150 2781 2782 2783 2784 2785 
authentication 3 7757 7758 7759 
changing 2 2556 2557 
device 27 2356 2357 2358 2359 2360 2361 2362 2731 2732 2733 2734 2735 2736 2737 2738 2739 2740 2529 2577 2578 2579 2580 2622 2623 2624 2625 2626 
scan 2 2527 2528 
implementing 2 2641 2642 
high 34 2340 2341 2362 2731 2732 2733 2734 2735 2736 2737 2738 2739 2740 2395 2396 2397 2398 2399 2400 2401 2448 2449 2450 2451 2452 2453 2454 2455 2456 2457 2458 2459 2460 2461 
surface 9 2562 2563 2564 2565 2649 2650 2651 2652 2653 
milling 3 2445 2446 2447 
distances 2 2556 2557 
simulating 3 2462 2463 2464 
sustain 3 2581 2583 3101 
non-conductive 2 2483 2484 
multi-server 3 7757 7758 7759 
obstacles 2 2617 2618 
adhesives 2 2483 2484 
operational 1 2529 
quantization 1 2499 
measurements 3 2559 2560 2561 
visual 27 2340 2376 2372 2471 2472 2444 2763 2489 2494 2508 2509 2559 2560 2561 2615 2616 3081 2654 2655 2656 2657 2747 3149 3150 2772 2773 2774 
planning 4 2616 6515 6516 6517 
satisfaction 4 2414 2415 2416 2417 
time-to-contact 3 2462 2463 2464 
combination 5 2781 2782 2783 2784 2785 
screens 7 2444 2763 2535 2538 3100 2622 2623 
cells 6 2513 2515 2517 2518 2748 2749 
pixel 2 2741 2742 
retrieval 1 2499 
attractiveness 1 2743 
mirror 1 2750 
optimized 6 2513 3345 3346 3347 3348 3349 
laser-scanned 3 2747 3149 3150 
liquid-crystal-television-screens 1 2388 
molecule 3 2624 2625 2626 
ball 3 2445 2446 2447 
observation 2 2616 2752 
characteristics 16 2376 2751 2527 2528 2577 2578 2579 2580 2581 2583 3101 2781 2782 2783 2784 2785 
visual-haptic 6 2372 3049 3050 3051 3052 3053 
boards 4 2616 6515 6516 6517 
process 4 2616 6515 6516 6517 
led 9 2507 2607 2608 2616 2752 2645 2646 2647 2648 
lithography 8 2722 2715 2716 2717 2718 2719 2720 2721 
transflective 4 2503 2504 2505 2506 
modulo 4 2544 2545 2546 2547 
reversible 2 2545 2908 
improving 11 2352 2353 2354 2572 2573 2574 2575 2576 2581 2583 3101 
patterned 3 2741 3299 3300 
reading 11 2535 2538 3100 2616 2752 2654 2655 2656 2657 2699 2700 
microendoscopes 2 2797 2798 
remote 3 7757 7758 7759 
context-aware 4 2367 5129 5130 4878 
used 2 2602 2603 
sources 1 2507 
contrast 13 2342 2343 2344 2345 2346 2381 2382 2383 2384 2385 2386 2387 2793 
multi-view 1 2485 
automotive 6 2372 3049 3050 3051 3052 3053 
zernike 4 2603 2691 2692 2693 
survey 2 2340 2341 
directivity 1 2750 
example-based 4 2495 2496 2497 2498 
least-significant-bit 4 2544 2545 2546 2547 
literature 1 2747 
stable 7 2356 2357 2358 2359 2360 2361 2362 
signals 3 2615 2616 3081 
junior 2 2340 2341 
cognitive 3 2773 3307 3308 
presentation 5 2535 2538 3100 2615 2616 
hiding 2 2545 2908 
sickness 15 2376 2775 2489 2490 2491 2492 2493 2494 2638 2639 2640 2550 2551 2552 2553 
output 5 2418 2419 2420 2421 2422 
e-learning 2 2533 2534 
alignment 6 2513 2515 2517 2518 2748 2749 
phosphor 15 2430 2431 2432 2433 2436 2437 2438 2439 2440 2445 2446 2447 2530 2531 2532 
tactile 3 2610 2611 2612 
paper 7 2627 2628 2629 2630 2760 2761 2762 
issue 2 2580 2929 
complicated 3 2545 7757 7758 
solution 7 2584 2585 2586 2587 2588 2589 2590 
evaluation 19 2340 3016 3017 3018 2367 5129 5130 4878 4876 4877 2373 5461 5462 2700 3212 2760 2761 2762 3075 
controls 2 2616 3081 
sudoku 2 2545 2908 
implications 2 2616 3081 
vision 2 2500 2501 
uhd 4 2495 2496 2497 2498 
evaluating 5 2572 2573 2574 2575 2576 
stereopairs 2 2428 2429 
reflector 4 2603 2691 2692 2693 
noise 2 2527 2528 
morphology 3 2530 2531 2532 
address 2 2527 2528 
befs 4 2711 2712 2713 2714 
target 3 2462 2463 2464 
spiht 5 2352 2365 2366 2367 2368 
special 2 2580 2929 
group 3 7758 12273 12274 
user 7 2367 5129 5130 4878 7757 7758 7759 
tomography 3 2604 2605 2606 
using 39 4876 4877 2418 2419 2420 2421 2422 2722 2715 2716 2717 2718 2719 2720 2721 2477 2483 2484 2485 2495 2496 2497 2498 2507 2544 2545 2546 2547 2556 2557 2604 2605 2606 2622 2623 2624 2625 2626 2806 
controlling 2 2607 2608 
gd 4 2430 2431 2432 2433 
personality 5 10802 13950 13951 13952 13953 
non-polarizing 2 2602 2603 
search 3 2444 2535 2536 
enciphering 3 2545 7758 19889 
molybdenum 4 2562 2563 2564 2565 
frequencies 2 2700 3212 
discharge 2 2527 2528 
ohmic 6 2418 2419 2420 2421 2422 3105 
reflective 7 2603 2691 2692 2693 2624 2625 2626 
collision 3 2696 2697 2698 
touchscreens 6 2372 3049 3050 3051 3052 3053 
discrimination 2 2462 3159 
moving 1 2477 
electroluminescence 2 2580 2929 
plate 3 2741 3299 3300 
image 17 2495 2496 2497 2498 2499 2503 2504 2505 2506 2581 2583 3101 2699 2700 2741 2742 2747 
optimization 5 2649 2650 2651 2652 2653 
effects 28 2376 2342 2343 2344 2345 2346 2372 2471 2472 2444 2763 2489 2490 2491 2492 2493 2494 2638 2639 2640 2533 2534 2535 2536 2538 3100 2616 2752 
molecular 6 2566 2567 2568 2569 2570 2571 
transmission 1 2529 
air-buffer 7 2595 2596 2597 2598 2599 2600 2601 
voltage 13 2362 2731 2732 2733 2734 2735 2736 2737 2738 2739 2740 2527 2528 
ratio 3 2535 2536 2793 
multiplexability 5 2347 2348 2349 2350 2351 
view 8 2489 2494 2508 2509 2768 2769 2770 2771 
artificial 2 2622 2623 
mechanisms 1 2502 
review 4 2402 2403 2404 2747 
consisting 2 2477 2519 
multi-signature 3 7758 10801 10802 
modulate 3 2772 2773 2774 
imagery 2 2500 2501 
knowledge-based 4 2616 6515 6516 6517 
mtio 6 2440 2539 2540 2541 2542 2543 
dy 4 2430 2431 2432 2433 
passive-matrix 5 2347 2348 2349 2350 2351 
geometric 11 2768 2769 2770 2771 2799 2800 2801 2802 2803 2804 2805 
modification 4 2377 2378 2379 2380 
map 2 2428 2429 
incongruent 3 2696 2697 2698 
mar 2 2477 2519 
relationships 5 10802 13950 13951 13952 13953 
targets 6 2617 2618 2654 3132 3133 3134 
clustering 3 2367 13220 13221 
non-doped 7 2584 2585 2586 2587 2588 2589 2590 
eu 10 2430 2431 2432 2433 2440 2539 2540 2541 2542 2543 
chromaticity 7 2381 2382 2383 2384 2385 2386 2387 
detecting 2 2622 2623 
films 8 2577 2578 2579 2580 2711 2712 2713 2714 
web 4 2627 2628 2629 2630 
frequency-dependent 5 2436 2437 2438 2439 2440 
background 7 2340 2376 2444 2763 2772 2773 2774 
elderly 7 2381 2382 2383 2384 2385 2386 2387 
methods 1 2499 
ca 6 2440 2539 2540 2541 2542 2543 
normal 3 2367 13220 13221 
versus 4 2376 2775 2631 2632 
driving 13 2372 2471 2472 2527 2528 2663 2664 2665 2666 2768 2769 2770 2771 
high-speed 2 2527 2528 
splitting 2 2602 2603 
dual-axis 2 2376 2775 
long 2 2556 2557 
bt 5 2781 2782 2783 2784 2785 
latency 4 2494 2638 2639 2640 
high-luminance 1 2507 
theories 2 2340 2376 
non-doped-type 4 2395 2397 2400 2401 
light 35 2356 2357 2358 2359 2360 2361 2362 2418 2419 2420 2421 2422 2436 2437 2438 2439 2440 2507 2562 2563 2564 2565 2603 2691 2692 2693 2741 3299 3300 2750 2781 2782 2783 2784 2785 
elgamal-like 3 2545 7758 19889 
key 3 2545 7757 7758 
moir 2 2741 2742 
phosphors 6 2440 2539 2540 2541 2542 2543 
red-colored 1 2743 
environments 4 2533 2534 2631 2632 
psychophysical 4 2489 2494 2508 2509 
cu 5 2436 2437 2438 2439 2440 
switching 2 2527 2528 
lens 4 2603 2691 2692 2693 
measurement 10 2477 2519 2603 2691 2692 2693 2711 2712 2713 2714 
similarity 1 2499 
amp 2 2580 2929 
diode 13 2595 2596 2597 2598 2599 2600 2601 3249 3250 3251 3252 3253 3254 
combinations 1 2444 
reflection 1 2529 
correction 7 2799 2800 2801 2802 2803 2804 2805 
disparity 1 2477 
enhance 1 2743 
area 1 2444 
experience 5 2367 5129 5130 4878 2683 
sample 14 2448 2449 2450 2451 2452 2453 2454 2455 2456 2457 2458 2459 2460 2461 
restoration 4 2495 2496 2497 2498 
speed 3 2535 2538 3100 
impurities 4 2577 2578 2579 2580 
game 3 2744 2745 2746 
cross-talk 2 2607 2608 
electrochemically-switchable 3 2624 2625 2626 
color 27 2362 2731 2732 2733 2734 2735 2736 2737 2738 2739 2740 2444 2763 2499 2500 2501 2507 2530 2531 2532 2572 2573 2574 2575 2576 2602 2603 
multi-dimensional 2 2607 2608 
human-like 2 2617 2618 
spatially 5 2477 2495 2496 2497 2498 
time-division 1 2477 
ag 5 2781 2782 2783 2784 2785 
optic 6 2741 2742 2768 2769 2770 2771 
interlayer 5 2781 2782 2783 2784 2785 
aligned 11 2513 2514 2515 2516 2517 2518 2572 2573 2574 2575 2576 
analog 18 2448 2449 2450 2451 2452 2453 2454 2455 2456 2457 2458 2459 2460 2461 3195 3196 3197 2722 
iii 3 2624 2625 2626 
thresholds 4 2489 2494 2508 2509 
oled 11 2675 2676 2677 2678 2753 2754 2755 2756 2757 2758 2759 
barrier 12 2595 2596 2598 2599 2600 2601 3249 3250 3251 3252 3253 3254 
capillary 8 2722 2715 2716 2717 2718 2719 2720 2721 
laser 1 2507 
simulations 2 2741 2742 
polymer-stabilized 6 2513 3345 3346 3347 3348 3349 
synthesis 11 2430 2431 2432 2433 2753 2754 2755 2756 2757 2758 2759 
screen 8 2475 2476 2535 2536 2538 2760 2761 2762 
structure 4 2395 2397 2400 2401 
antialiasing 2 2462 3159 
reality 6 5129 4878 5299 2373 5461 5462 
phosphorescence 4 2430 2431 2432 2433 
bias-independent 7 2584 2585 2586 2587 2588 2589 2590 
responses 3 2696 2697 2698 
gas 4 2577 2578 2579 2580 
p-gan 12 2595 2596 2598 2599 2600 2601 3249 3250 3251 3252 3253 3254 
skill 2 2631 2632 
gamut 5 2503 2504 2505 2506 2507 
nonrepudiable 3 7758 10801 10802 
delay 6 2489 2490 2491 2492 2493 2494 
bodies 2 2556 2557 
vertical-aligned 6 2513 3345 3346 3347 3348 3349 
novel 3 2624 2625 2626 
amplitude 4 2494 2638 2639 2640 
enforcing 3 2545 7757 7758 
ingan-based 12 2595 2596 2598 2599 2600 2601 3249 3250 3251 3252 3253 3254 
development 5 2502 2550 2551 2552 2553 
light-scattering 3 2741 3299 3300 
externally 7 2356 2357 2358 2359 2360 2361 2362 
paraboloidal 1 2750 
influence 3 2445 2446 2447 
addressing 2 2527 2528 
doped 6 2440 2539 2540 2541 2542 2543 
algorithm 5 2352 2365 2366 2367 2368 
visual-motor 2 2631 2632 
gan-based 13 2418 2419 2420 2421 2422 3105 2595 2596 2597 2598 2599 2600 2601 
inverse 1 2806 
clinical 4 2663 2664 2665 2666 
solution-processed 6 2566 2567 2568 2569 2570 2571 
spatial 4 2477 2519 2616 3081 
simultaneous 2 2615 2616 
ms 4 2494 2638 2639 2640 
ergonomics 5 2559 2560 2561 2615 2616 
unified 7 2800 3213 3214 3215 3216 3217 3218 
plane 2 2616 3081 
accommodation 3 2747 3149 3150 
players 3 2772 2773 2774 
design 26 2342 2343 2344 2345 2346 4876 4877 2414 2415 2416 2417 2475 2476 2602 2603 2691 2692 2693 2616 3081 2645 2646 2647 2648 2741 2742 
realize 4 2503 2504 2505 2506 
technology 10 2347 2348 2349 2350 2351 2477 2503 2504 2505 2506 
reliability 1 2502 
study 7 2372 2471 2472 2641 2642 2795 2796 
overlapped 3 2581 2583 3101 
fatigue 6 2340 2376 2654 2655 2656 2657 
chinese 9 2342 2343 2344 2345 2346 2535 2538 2616 2752 
caused 8 2340 2376 2527 2528 2550 2551 2552 2553 
legibility 5 2342 2343 2344 2345 2346 
level 1 2502 
hydroxyquinoline 7 2753 2754 2755 2756 2757 2758 2759 
facebook 5 10802 13950 13951 13952 13953 
challenges 3 2373 5461 5462 
glance 5 2342 2343 2344 2345 2346 
flat 3 2352 2353 2354 
controlled 3 2530 2531 2532 
ratios 1 2444 
relative 3 2367 13220 13221 
comparison 5 2499 2627 2628 2629 2630 
s-r 2 2616 3081 
liquid 22 2513 2514 2515 2516 2517 2518 2748 2749 3345 3346 3347 3348 3349 2572 2573 2574 2575 2576 2741 2742 3299 3300 
conventional 2 2741 2742 
cations 6 2440 2539 2540 2541 2542 2543 
bridge 5 2649 2650 2651 2652 2653 
concept 3 2475 2476 2507 
projection 9 2340 3016 3017 3018 2602 2603 2691 2692 2693 
footprint 4 2663 2664 2665 2666 
improve 7 2527 2528 2649 2650 2651 2652 2653 
combustion 4 2430 2431 2432 2433 
enhanced 5 2352 2365 2366 2367 2368 
adverse 1 2376 
network 2 2622 2623 
online 5 10802 13950 13951 13952 13953 
real 8 2489 2494 2508 2509 2654 3132 3133 3134 
ic 4 2483 2484 2607 2608 
panels 4 2581 2582 2583 3101 
considerations 1 2750 
driven 6 2513 3345 3346 3347 3348 3349 
scalable 7 2799 2800 2801 2802 2803 2804 2805 
induced 2 2376 2775 
hz 6 2494 2638 2639 2640 2607 2608 
mixed 7 2373 5461 5462 2654 3132 3133 3134 
driver 23 2352 2353 2354 2448 2449 2450 2451 2452 2453 2454 2455 2456 2457 2458 2459 2460 2461 3195 3196 3197 2722 2483 2484 
actors 2 2533 2534 
various 3 2559 2560 2561 
stimulus-response 2 2616 3081 
standard 1 2507 
electrochromic 3 2624 2625 2626 
fabrication 5 2649 2650 2651 2652 2653 
ac-plasma 4 2581 2582 2583 3101 
interlaced 2 2527 2528 
interferometry 4 2711 2712 2713 2714 
captchas 2 2795 2796 
human 4 2402 2403 2404 2499 
blue 3 2445 2446 2447 
smart 4 2367 5129 5130 4878 
intelligent 2 2607 2608 
guide 3 2741 3299 3300 
colorizing 1 2537 
text-based 2 2795 2796 
non-uniform 1 2477 
visualizing 2 2475 2476 
determines 2 2622 2623 
characterization 15 2649 2650 2651 2652 2653 2744 2745 2746 2753 2754 2755 2756 2757 2758 2759 
coherence 3 2604 2605 2606 
adjustable 5 2503 2504 2505 2506 2507 
user-interfaces 4 2372 2373 2374 2375 
dot 3 2741 3299 3300 
scheme 16 2545 2908 7757 7758 7759 10801 10802 12273 12274 2800 3213 3214 3215 3216 3217 3218 
packaging 2 2483 2484 
reduced 3 2369 2370 2371 
aluminum 7 2753 2754 2755 2756 2757 2758 2759 
traits 5 10802 13950 13951 13952 13953 
signature 3 7758 12273 12274 
international 2 2580 2929 
moo 5 2781 2782 2783 2784 2785 
deposition 4 2577 2578 2579 2580 
load 3 2581 2582 2583 
recommendations 2 2615 2616 
sickness-like 2 2340 2341 
data 4 2527 2528 2545 2908 
vs 4 2372 2373 2374 2375 
digital 3 4878 4876 4877 
figure 1 2444 
camoo 3 2530 2531 2532 
handheld 6 4878 4876 4877 2744 2745 2746 
angle 10 2477 2519 2513 2515 2517 2518 2748 2749 2616 2752 
emoticons 2 2533 2534 
immersive 7 2800 3213 3214 3215 3216 3217 3218 
field 17 2489 2494 2508 2509 2513 3345 3346 3347 3348 3349 2559 2560 2561 2768 2769 2770 2771 
relationship 2 2527 2528 
habituation 2 2376 2751 
pattern 3 2581 2582 2583 
overview 3 2610 2611 2612 
preference 7 2381 2382 2383 2384 2385 2386 2387 
tv 11 2352 2365 2366 2367 2368 2495 2496 2497 2498 2641 2642 
recalibration 2 2631 2632 
optical 15 2513 2514 2515 2516 2517 2518 2604 2605 2606 2711 2712 2713 2714 2797 2798 
breadth 4 2372 2373 2374 2375 
nondestructive 3 2604 2605 2606 
inspection 3 2604 2605 2606 
contacts 6 2418 2419 2420 2421 2422 3105 
th 2 2580 2929 
affected 4 2489 2494 2508 2509 
varying 4 2494 2638 2639 2640 
outcoupling 4 2675 2676 2677 2678 
parameters 3 2445 2446 2447 
conference 2 2580 2929 
reality-based 6 2367 5129 5130 4878 4876 4877 
text 7 2372 2471 2472 2535 2538 2616 2752 
index 7 2395 2396 2397 2398 2399 2400 2401 
sr 6 2440 2539 2540 2541 2542 2543 
maintenance 3 2373 5461 5462 
multi-domain 6 2513 2514 2515 2516 2517 2518 
white 30 2356 2357 2358 2359 2360 2361 2362 2731 2732 2733 2734 2735 2736 2737 2738 2739 2740 2395 2396 2397 2398 2399 2400 2401 2566 2567 2568 2569 2570 2571 
crosstalk 1 2477 
reduce 2 2527 2528 
size 5 2372 2471 2472 2556 2557 
twisted-vertical 6 2513 2515 2517 2518 2748 2749 
brcr 1 2793 
comparative 1 2507 
shutter 1 2477 
empirical 4 2373 5461 5462 2499 
sub 18 2430 2431 2432 2433 2440 2539 2540 2541 2542 2543 2530 2531 2532 2781 2782 2783 2784 2785 
model 3 2367 13220 13221 
weight 5 2342 2343 2344 2345 2346 
tube 3 2445 2446 2447 
perception 5 2556 2557 2747 3149 3150 
sup 13 2430 2431 2432 2433 2440 2539 2540 2541 2542 2543 2530 2531 2532 
elliptical 4 2603 2691 2692 2693 
observations 2 2340 2376 
realistic 1 2507 
hand 2 2616 3081 
real-time 2 2641 2642 
modes 1 2806 
sticking 3 2581 2583 3101 
principles 2 2475 2476 
recovery 3 2581 2583 3101 
positions 2 2556 2557 
organic 43 2356 2357 2358 2359 2360 2361 2362 2731 2732 2733 2734 2735 2736 2737 2738 2739 2740 2377 2378 2379 2380 2395 2396 2397 2398 2399 2400 2401 2562 2563 2564 2565 2566 2567 2568 2569 2570 2571 2577 2578 2579 2580 2929 
school 2 2340 2341 
appliances 2 4876 4877 
wvga 13 2448 2449 2450 2451 2453 2456 2457 2458 2459 3195 3196 3197 2722 
temporal 3 2581 2583 3101 
service 3 2373 5461 5462 
circuit 7 2352 2353 2354 2616 6515 6516 6517 
rgbw 4 2503 2504 2505 2506 
tft-lcd 27 2444 2763 2448 2449 2450 2451 2452 2453 2454 2455 2456 2457 2458 2459 2460 2461 3195 3196 3197 2722 2715 2716 2717 2718 2719 2720 2721 
pr 6 2440 2539 2540 2541 2542 2543 
numeric 4 2654 2655 2656 2657 
indexing 3 2367 13220 13221 
tin 5 2418 2419 2420 2421 3105 
center 3 7758 12273 12274 
watching 4 2550 2551 2552 2553 
compression 3 2367 13220 13221 
information 4 4876 4877 2475 2476 
mgzno-bilayer 5 2781 2782 2783 2784 2785 
interaction 8 4876 4877 2372 3049 3050 3051 3052 3053 
error-diffusion 1 2806 
backlight 4 2607 2608 2741 2742 
utcp 5 2347 2348 2349 2350 2351 
wristwatch 3 2535 2538 3100 
position 2 2622 2623 
trade-off 4 2372 2373 2374 2375 
mode 4 2529 2624 2625 2626 
dual 4 2529 2624 2625 2626 
indium 5 2418 2419 2420 2421 3105 
augmented 5 5129 4878 5299 4876 4877 
progressive 2 2527 2528 
crystal 22 2513 2514 2515 2516 2517 2518 2748 2749 3345 3346 3347 3348 3349 2572 2573 2574 2575 2576 2741 2742 3299 3300 
access 3 2545 7757 7758 
video-display-terminal 3 2559 2560 2561 
holographic 1 2485 
obtaining 2 2556 2557 
integrated 13 2448 2449 2450 2451 2453 2456 2457 2458 2459 3195 3196 3197 2722 
symptoms 2 2340 2341 
multi-projector 13 2799 2800 2801 2802 2803 2804 2805 3213 3214 3215 3216 3217 3218 
polynomials 4 2603 2691 2692 2693 
perceptual 8 2489 2494 2508 2509 2631 2632 2700 3212 
based 20 2342 2343 2344 2345 2346 2367 13220 13221 2418 2419 2420 2421 3105 2475 2476 2477 2545 2908 2797 2798 
users 16 2381 2382 2383 2384 2385 2386 2387 2414 2415 2416 2417 2556 2557 2773 3307 3308 
ba-ch 5 2781 2782 2783 2784 2785 
solutions 1 2502 
foot 2 2616 3081 
one-dimensional 5 2352 2365 2366 2367 2368 
impact 3 2773 3307 3308 
age-related 3 2369 2370 2371 
high-purity 4 2577 2578 2579 2580 
diodes 19 2377 2378 2379 2380 2418 2419 2420 2421 2422 3105 2562 2563 2564 2565 2781 2782 2783 2784 2785 
tools 3 2373 5461 5462 
grating 4 2477 2519 2700 3212 
power 3 2741 3299 3300 
reduction 1 2477 
surface-textured 5 2418 2419 2420 2421 2422 
nightvision 1 2537 
spacer 8 2722 2715 2716 2717 2718 2719 2720 2721 
systems 12 2352 2365 2366 2367 2368 2799 2800 2801 2802 2803 2804 2805 
cues 3 2696 2697 2698 
class 2 2340 2341 
properties 14 2430 2431 2432 2433 2513 3345 3346 3347 3348 3349 2711 2712 2713 2714 
modelling 4 2372 2373 2374 2375 
colours 2 2622 2623 
environment 9 2376 2751 5129 4878 5299 2489 2494 2508 2509 
biologically-inspired 2 2617 2618 
subjective 4 2535 2536 2616 2752 
time-course 4 2550 2551 2552 2553 
conditional 1 2806 
images 7 2340 2376 2537 2556 2557 2700 3212 
emitting 33 2362 2731 2732 2733 2734 2735 2736 2737 2738 2739 2740 2395 2396 2397 2398 2399 2400 2401 2440 2539 2540 2541 2542 2543 2562 2563 2564 2565 2781 2782 2783 2784 2785 
filter 4 2495 2496 2497 2498 
object 1 2477 
recent 3 2610 2611 2612 
employing 14 2448 2449 2450 2451 2452 2453 2454 2455 2456 2457 2458 2459 2460 2461 
displays 47 2372 2471 2472 2402 2403 2404 2475 2476 2485 2507 2513 3345 3346 3347 3348 3349 2580 2929 2610 2611 2612 2627 2628 2629 2630 2645 2646 2647 2648 2654 2655 2656 2657 3132 3133 3134 2744 2745 2746 2747 2800 3213 3214 3215 3216 3217 3218 
vector 3 2367 13220 13221 
sunny 4 2645 2646 2647 2648 
operators 3 2373 5461 5462 
tft 2 2622 2623 
forms 4 2627 2628 2629 2630 
display-metrology 1 2388 
website 3 2773 3307 3308 
rich 2 2475 2476 
yb 3 2530 2531 2532 
ac-pdp 2 2527 2528 
strategy 4 2544 2545 2546 2547 
lcds 9 2483 2484 2604 2605 2606 2711 2712 2713 2714 
disclination 6 2513 2515 2517 2518 2748 2749 
women 1 2743 
safety 1 2376 
applied 11 2362 2731 2732 2733 2734 2735 2736 2737 2738 2739 2740 
configurations 4 2663 2664 2665 2666 
