<Keyword> <No of vertices> <vertex1> <vertex2> .... <vertexN> 
nested 1 1054 
developed 2 6728 6729 
knuth 3 1039 1040 1041 
e-bookings 4 6772 6770 6771 6773 
time 13 1086 1114 1283 1148 1149 1279 1280 1281 1282 1340 1460 8253 8254 
semantics 15 1053 1100 1107 1131 1132 1133 1134 1289 1290 1291 1426 12206 1470 1471 1472 
event 1 1326 
idioms 1 1042 
generation 2 1212 1213 
right 2 1422 1423 
paging 2 1157 1158 
intelligence 4 17739 17736 17737 17738 
timed 2 1494 1495 
disjunctive 4 1053 1315 1317 1801 
queueing 3 1370 1371 1372 
pascal 7 1027 1659 1660 1295 1296 1302 1303 
meet 1 1049 
partial 5 1061 1062 1063 1064 1271 
introductory 1 1462 
reversals 1 1069 
sequentielle 1 1510 
constructive 4 1131 1132 1133 1134 
multi 1 1440 
codes 4 1315 1317 1561 1552 
big 4 1538 1539 1540 1541 
tuples 3 1512 1513 1514 
hotz 1 1144 
dynamic 6 1087 1180 1401 1482 1483 1484 
counterparts 3 1167 1411 1412 
carlo 1 1448 
drawing 6 1297 1298 1319 1320 1321 2964 
object-oriented 4 1186 1187 1559 1560 
continuous-time 3 1254 1255 1256 
times 3 1097 1098 1197 
classes 2 1128 1334 
partitions 2 1120 1121 
join 2 1049 1329 
while-loops 2 1165 1166 
automaton 4 1373 1374 1375 1376 
kronecker 3 1190 10101 10102 
new 3 1116 1128 1221 
sequence 2 1543 1544 
library 4 1143 1531 9896 9897 
base 1 1190 
guest 4 17739 17736 17737 17738 
datalog 4 1285 1286 1287 1344 
single-server 1 1086 
connectedness 2 1101 1102 
testing 6 1054 1286 1359 1360 1443 1478 
having 2 1280 1534 
hamming 2 1356 1357 
multiprocessor 1 1013 
succinct 1 1195 
circuits 3 1034 1035 1448 
physical 3 1027 1028 1696 
computational 2 1186 1187 
basis 2 1011 1012 
tool 3 1254 1255 1256 
exception 2 1264 1265 
distributed 22 1080 1081 1101 19053 17739 18180 18181 16542 18029 18026 18027 18028 1177 18678 1186 1187 1462 7632 7633 1549 1550 1551 
parsers 1 1046 
abstractions 5 1203 1574 1258 1259 1260 
architecture 1 1300 
dynamically 6 1440 19334 19335 19336 19337 19338 
policies 1 1440 
lu-decomposition 1 1143 
compact 1 1492 
software 2 1403 1404 
height 1 1236 
priority 2 1318 1340 
processing 4 1381 1482 1483 1484 
perspective 4 1373 1374 1375 1376 
processes 3 1426 1490 1526 
synchronized 1 1490 
lr-parsing 2 1174 1175 
protocols 2 1559 1560 
constants 2 1524 1525 
display 2 1319 2964 
code 6 1004 1042 1538 1539 1540 1541 
orbit 2 1181 1182 
hansen 3 1157 1463 1464 
bounds 13 1086 1116 1246 1279 1280 1281 1282 1308 1309 1424 1425 1478 1528 
streams 4 17739 18181 18029 18755 
store-and-forward 3 1176 1177 1178 
sparse 1 1393 
heterogeneous 4 10101 12096 12097 12098 
synchronisationsgraphe 2 1216 1217 
cadp 3 1449 1450 1451 
evidence 4 16542 16540 16541 6772 
brinch 3 1157 1463 1464 
optimally 1 1300 
analysis 30 1027 1659 1660 1043 1050 1051 1052 1096 1097 1098 6772 6840 6841 6728 6842 1234 1235 1289 1290 1291 1326 1363 1370 1371 1372 1465 1466 1496 1530 1531 
simulation 3 1097 1098 1326 
business 6 16542 16540 16541 6772 6728 6729 
response 4 1086 1097 1098 1114 
self-embedded 3 1167 1411 1412 
proofs 3 1549 1550 1551 
possible 1 1053 
sequential 3 1166 1622 1426 
quantum 1 1340 
partie 1 1190 
rational 2 1301 1490 
packing 1 1099 
universal 2 1324 1325 
constant 2 1148 1149 
linear-time 2 1181 1182 
subsequence 3 1382 1383 1384 
semantic 5 1285 1286 1287 1344 1128 
variance 1 1236 
iterative 2 1324 1325 
theoretical 2 1269 1270 
transformation 2 1167 1168 
main 1 1099 
relations 5 1054 1080 1081 1108 1490 
java 2 1309 8799 
adding 2 1101 1102 
graphs 12 1087 1234 1235 1280 1281 1534 1505 1319 1320 1321 1417 1418 
traffic-related 8 1169 6431 4412 6432 6433 6434 6435 6436 
circus 2 1359 1360 
characterisation 1 1049 
generalized 3 1198 1422 1423 
satisfiability 3 1254 1255 1256 
lower 5 1116 1212 1213 1246 1528 
expressibility 1 1108 
filtering 5 4412 4411 4413 4414 4415 
decomposable 2 1157 1158 
nash 2 1503 1504 
distributions 2 1114 1283 
languages 11 1007 1243 1332 1315 1317 1801 1426 12206 1474 1475 1523 
rewrite 2 1219 1220 
permitted 1 1340 
rank 1 1214 
improved 4 1279 1280 1281 1282 
replication 4 1373 1374 1375 1376 
rationality 2 1503 1504 
convex 2 1281 1505 
searching 1 1292 
job 3 1097 1098 1197 
distribution 1 1114 
equilibrium 5 1370 1371 1372 1503 1504 
redundancy 1 1452 
alphabets 2 1243 1332 
genomic 4 18029 18026 18027 18028 
verification 12 1312 1313 1314 1449 1450 1451 1482 1483 1484 1492 1562 1563 
abstraction 3 1462 7632 11416 
compositional 4 1107 1449 1450 1451 
pointer 3 1027 1659 1660 
querying 5 1080 1081 1512 1513 1514 
virtual 9 1034 1035 6772 6840 6841 6728 6842 1309 8799 
contextual 3 1377 1378 1379 
binary 9 1061 1062 1063 1064 1068 1311 1355 1454 1478 
stack-counter 1 1030 
proof 12 1264 1265 1373 1374 1375 1376 1377 1378 1379 1470 1471 1472 
semigroups 1 1397 
build 2 1186 1187 
space 7 1246 1269 1270 1279 1280 1281 1282 
decision 7 17739 18029 18755 18761 18026 18027 18028 
cores 1 1437 
mesh-connected 1 1528 
statistical 2 1097 1098 
short 1 1233 
tests 3 1228 1229 1230 
guiding 3 1258 1259 1260 
clean 2 1295 1296 
eacute 2 1190 1334 
gries 3 1470 1471 1472 
hierarchy 2 1030 1380 
probabilistic 2 1165 1166 
products 2 1126 1127 
construction 3 1115 1403 1404 
primitive 3 1315 1316 1317 
note 1 1033 
analyse 1 1510 
defining 1 1491 
multiclass 1 1086 
reasoning 2 1165 1166 
primal 1 1199 
improvement 1 1485 
method 7 1167 1168 1319 2964 1377 1378 1379 
efficiency 2 1097 1098 
automatically-generated 2 1087 1456 
disk 1 1485 
algebraic 5 1047 1048 1165 1166 1443 
related 5 1281 1505 1315 1317 1801 
iteration 1 1446 
twitter 8 1169 6431 4412 6432 6433 6434 6435 6436 
action 4 1165 1166 1202 1203 
applications 13 1013 1027 1028 1696 1190 10101 10102 12096 12097 12098 1531 9896 9897 
cycle 2 1524 1525 
kinds 3 1315 1316 1317 
ber 2 1044 1045 
k-trees 1 1043 
involving 1 1523 
order-statistic 2 1083 1084 
orthogonal 3 17739 18755 18761 
k-means 3 1101 19053 17739 
verifying 1 1455 
security 4 17739 17736 17737 17738 
resolution 2 1096 1437 
series-parallel 2 1417 1418 
subset 2 1222 1223 
informatics 4 17739 17736 17737 17738 
memory-efficient 3 1190 10101 10102 
path 5 1043 1101 1102 1330 1331 
grid 5 1177 1178 18190 1186 1187 
algebras 1 1446 
alias 3 1027 1659 1660 
multipass 1 1363 
contention 1 1096 
problem 18 1034 1035 1036 1143 1411 1500 1501 1181 1182 1212 1213 1356 1357 1397 1417 1418 1431 1448 
generating 3 1007 1053 1054 
past 4 1261 1262 1263 1455 
concepts 5 1000 1001 1157 1463 1464 
suffix 1 1452 
database 18 1027 1028 1696 1053 1054 1103 1080 1081 1162 1169 1170 1373 1374 1375 1376 1512 1513 1514 
refinements 2 1203 1574 
mealy 2 1324 1325 
implementation 3 1115 1426 12206 
identification 6 17739 18180 18181 16542 1356 1357 
competitive 2 1186 1187 
consistent 3 1460 1461 1462 
planaren 2 1044 1045 
step 1 1069 
congruences 1 1049 
multicast 2 1186 1187 
flow 2 1530 1531 
countries 2 6728 6729 
practices 2 6728 6729 
feedback 2 1034 1035 
modularity 1 1108 
concurrent 6 1058 1449 1450 1451 1559 1560 
two-way 2 1311 1380 
two-symbol 1 1007 
batch-interactive 1 1318 
variants 1 1036 
boolean 5 1116 1279 1280 1281 1282 
elements 4 17739 18180 18181 16542 
multiversion 1 1162 
static 2 1099 1496 
calls 3 1470 1471 1472 
non-deterministic 1 1438 
structures 10 1013 1027 1028 1696 1198 1271 1426 12206 1562 1563 
variables 2 1389 1444 
nico 1 1200 
models 4 1438 1549 1550 1551 
permutation 1 1448 
eliminate 1 1201 
bipartite 2 1281 1505 
buddy 3 1401 1427 1428 
graphic 2 1319 2964 
minimum 1 1046 
varepsilon-productions 1 1005 
coordination 2 1431 1492 
use 4 1421 1512 1513 1514 
elimination 3 1549 1550 1551 
sprachen 1 1510 
messages 8 1169 6431 4412 6432 6433 6434 6435 6436 
data-parallel 2 1426 12206 
schedulers 2 1169 1170 
hybridization 3 1050 1051 1052 
correctness 5 1373 1374 1375 1376 1444 
procedure 7 1054 1285 1286 1287 1470 1471 1472 
fortran 3 1027 1659 1660 
transposition 3 1027 1028 1696 
replicated 3 1177 1178 18190 
learning 1 1502 
coh 1 1190 
world 1 1053 
domain-specific 6 1258 1259 1260 1531 9896 9897 
elementary 3 1289 1290 1291 
arbitrary 2 1144 1478 
ltl 1 1437 
implicit 1 1292 
extracting 1 1437 
speicheroptimale 1 1425 
architectures 1 1528 
collatz 4 1411 1500 1501 1584 
automating 4 1039 1040 1041 1492 
synchronizing 3 1157 1463 1464 
eliminating 1 1046 
china 9 16542 16540 16541 6772 6770 6771 6773 6728 6729 
control 6 1025 1026 1162 1318 1426 12206 
morphisms 1 1523 
identities 1 1491 
cost 5 1280 1534 1393 1403 1404 
leaders 1 1426 
optimize 4 1285 1286 1287 1344 
prolog 2 1037 1038 
decidability 1 1058 
failure 3 1460 9833 9834 
reductions 1 1046 
sound 3 1377 1378 1379 
case 2 1427 1428 
lattice 2 1219 1220 
shrinkage 2 1059 1060 
regions 1 1115 
peer-to-peer 6 1101 19053 17739 18180 18181 16542 
combinational 2 1034 1035 
procol 2 1559 1560 
graphen 2 1044 1045 
performance 10 1086 1177 1178 18190 1234 1235 1427 1428 1478 1485 
extremal 2 1280 1534 
multiple 4 1097 1098 1201 1271 
uncertainty 3 1482 1483 1484 
protocol 9 1177 1178 18190 1186 1187 1373 1374 1375 1376 
regular 8 1007 1167 1411 1412 1261 1262 1263 1523 
circularity 3 1228 1229 1230 
community 5 6772 6840 6841 6728 6842 
extended 3 1054 1174 1175 
erratum 4 1061 1062 1063 1064 
general 11 1054 1285 1286 1287 1114 1283 1169 1170 1370 1371 1372 
inductive 2 1011 1012 
unit 3 1046 1280 1534 
effect 1 1393 
learned 2 6728 6729 
performances 1 1190 
escalation 2 1503 1504 
high 6 1177 1178 18190 1460 8253 8254 
transformations 2 1118 1119 
n-arcs 1 1552 
confluence 1 1155 
extensions 1 1402 
distances 2 1280 1534 
existence 1 1426 
hierarchical 9 1034 1035 18029 18026 18027 18028 1312 1313 1314 
certificate 3 1390 1391 1392 
hausdorff 2 1293 1294 
tree 8 18029 18026 18027 18028 1212 1213 1311 1326 
tasking 2 1264 1265 
inferring 1 1329 
performing 1 1143 
subtyping 2 1122 1123 
contextfree 1 1246 
random 3 1330 1331 1429 
logical 3 1312 1313 1314 
une 1 1190 
closure 1 1087 
qos-aware 2 1186 1187 
stream 1 1381 
sieve 1 1199 
backward 2 1503 1504 
judgmental 2 1122 1123 
complexity 12 1195 1246 1297 1298 1356 1357 1397 1407 1421 1424 1425 1455 
secure 1 1137 
supercube 1 1300 
recommended 1 1402 
self 1 1006 
techniques 1 1292 
words 8 1061 1062 1063 1064 1315 1316 1317 1801 
laser-scanned 2 1319 2964 
near-optimal 1 1454 
dependencies 6 1053 1103 1202 1203 1329 1667 
craig 3 1258 1259 1260 
simd 2 1426 12206 
robust 2 1177 18678 
applying 2 1118 1119 
post 1 1036 
observation 1 1452 
cache 1 1485 
egrave 1 1334 
top-l 4 17739 18180 18181 16542 
bersetzung 1 1425 
process 4 1150 1151 1202 1203 
combinatorial 1 1195 
degree 1 1087 
discrete 1 1114 
evaluators 2 1087 1456 
proportional 2 1186 1187 
chain 4 10101 12096 12097 12098 
databases 7 1025 1026 1053 18029 18026 18027 18028 
compiler 2 1047 1048 
non-primitive 3 1315 1316 1317 
reversible 2 1419 1420 
skip 2 1330 1331 
function 2 1419 1420 
heap 2 1486 1487 
scheduling 11 1131 1132 1133 1134 10101 12096 12097 12098 1197 1352 1353 
logically 3 1462 7632 11416 
vector-oriented 2 1319 2964 
survey 1 1381 
synchronous 4 1131 1132 1133 1134 
algorithms 13 1190 10101 10102 1269 1270 1281 1505 1326 1426 1482 1483 1484 1485 
innermost-confluence 1 1155 
unavoidable 2 1068 1508 
commutative 1 1397 
symmetric 1 1426 
algorithme 1 1190 
deleted 3 1512 1513 1514 
formal 4 1143 1549 1550 1551 
factorization 1 1033 
representation 3 1128 1195 1393 
policy 2 1186 1187 
interruptions 1 1340 
output 2 1097 1098 
extensibility 2 1053 1054 
generic 3 17739 18181 18029 
state 1 1380 
attribute 7 1011 1012 1087 1456 1228 1229 1230 
purpose 2 1169 1170 
endogenous 1 1318 
evolutions 1 1069 
controle 1 1190 
evaluation 4 1190 1308 1309 1407 
finding 5 1176 1177 1178 1281 1505 
computations 6 1446 1460 1461 1462 8253 8254 
certificates 1 1233 
availability 2 1352 1353 
negotiated 6 1440 19334 19335 19336 19337 19338 
check 4 1054 1285 1286 1287 
dependence 3 1027 1659 1660 
context-free 6 1005 1167 1411 1412 1243 1332 
technology-based 4 16542 16540 16541 6772 
weights 1 1478 
special 4 17739 17736 17737 17738 
group 2 1301 1448 
formula 1 1116 
storage 5 1010 1087 1456 1099 1401 
using 16 1046 1047 1048 6728 6729 1143 1201 1203 1574 1308 1309 1311 1449 1450 1451 1485 
predicate 2 1000 1001 
arithmetic 4 1114 1283 1308 1309 
references 3 1027 1659 1660 
free 4 1174 1175 1301 1455 
axiomatising 2 1494 1495 
bendix 3 1039 1040 1041 
search 3 1236 1311 1454 
sorting 1 1528 
fo 2 1101 1102 
guaranteeing 1 1197 
multivalued 1 1329 
patterns 8 1061 1062 1063 1064 1068 1118 1119 1508 
constant-time-maintainable 2 1053 1054 
petri 3 1107 1137 1496 
boundedly 2 1468 1469 
dynamical 2 1465 1466 
optimization 2 1004 1042 
universality 2 1419 1420 
fixed-point 4 1131 1132 1133 1134 
automata 19 1030 1126 1127 1144 1145 1148 1149 1242 1243 1324 1325 1474 1475 1494 1495 1538 1539 1540 1541 
view 1 1407 
traversals 2 1201 1271 
introduction 7 17739 17736 17737 17738 1462 7632 7633 
assessing 4 16542 16540 16541 6772 
specifunction 2 1138 1139 
unsatisfiable 1 1437 
geometric 3 1292 1465 1466 
handling 2 1264 1265 
andersson 1 1311 
theoretic 3 1370 1371 1372 
measuring 4 6772 6770 6771 6773 
execution 4 1011 1012 1309 8799 
programming 4 1177 18678 1302 1303 
left 3 1422 1423 1507 
optimizations 2 1087 1456 
relationships 1 1389 
checking 3 1058 1203 1574 
clustering 3 1101 19053 17739 
streaming 4 10101 12096 12097 12098 
intensive 6 1440 19334 19335 19336 19337 19338 
linear 12 1285 1286 1287 1344 1101 1102 1143 10101 12096 12097 12098 1455 
detecting 1 1214 
separatoren 2 1044 1045 
operator 2 1101 1102 
solving 3 1143 1417 1418 
represent 2 17739 18755 
history 1 1444 
independent 3 1053 1103 1128 
infinite-state 1 1058 
et 1 1334 
es 1 1190 
comments 5 1157 1463 1464 1302 1303 
bound 2 1212 1213 
methods 5 1050 1051 1052 1128 1401 
lecture 1 1462 
communicating 1 1426 
splitting 3 1515 1516 1517 
long 1 1508 
optimality 2 1025 1026 
presortedness 2 1120 1121 
matchings 2 1281 1505 
polymorphism 1 1100 
rewriting 4 1155 1377 1378 1379 
key 1 1311 
dc 1 1006 
db 1 1006 
environments 2 17739 18755 
impossibility 1 1288 
abelian 1 1448 
conjunctive 6 1054 1285 1286 1287 1242 1243 
agent 2 1186 1187 
eliminates 1 1271 
investigations 1 1144 
pushdown 2 1242 1243 
recursive 1 1198 
maximum 2 1281 1505 
queries 2 1054 1286 
internet 2 1403 1404 
mobile 2 17739 18755 
subsequences 2 1543 1544 
reexecution 2 1037 1038 
set 1 1292 
routing 2 1186 1187 
frequency 3 1460 8253 8254 
analytic 1 1010 
deques 2 1083 1084 
formel 1 1425 
organization 3 1027 1028 1696 
approximating 2 1144 1527 
monitors 1 1115 
area 2 1097 1098 
edges 2 1280 1534 
multiplication 4 1279 1280 1281 1282 
eulerian 1 1278 
mes 1 1334 
instantaneous 3 1462 7632 11416 
nicely 5 1297 1298 1319 1320 1321 
types 8 1097 1098 1122 1123 1219 1220 1288 1438 
regularity 1 1007 
grammars 18 1005 1011 1012 1111 1144 1167 1411 1412 1174 1175 1228 1229 1230 1242 1243 1468 1469 1507 
termination 2 1295 1296 
parallel 17 1143 1148 1149 1190 10101 10102 1221 1222 1223 1234 1235 1308 1309 1492 1515 1516 1517 
correspondence 1 1036 
communication 11 1403 1404 1410 1424 1425 1462 7632 11416 1549 1550 1551 
poly 2 1101 1102 
prediction 3 1460 9833 9834 
interacting 1 1526 
methodology 8 1169 6431 4412 6432 6433 6434 6435 6436 
memory 2 1401 1485 
certaines 1 1334 
dimension 5 1293 1294 1397 1424 1425 
approximation 2 1222 1223 
approach 13 1285 1286 1287 1344 1096 17739 18755 1128 1221 1312 1313 1314 1492 
arrays 2 1324 1325 
nonlinear 3 1050 1051 1052 
growth 2 1059 1060 
turing 2 1419 1420 
first-order 1 1491 
implementations 1 1438 
editors 4 17739 17736 17737 17738 
fixed 1 1397 
tandem 3 1370 1371 1372 
correct 1 1124 
concurrency 7 1025 1026 1131 1132 1133 1134 1162 
combine 2 1186 1187 
approximate 5 1101 19053 17739 1280 1534 
synthesis 2 1562 1563 
os 1 1007 
programs 11 1285 1286 1287 1344 1124 1201 1234 1235 1295 1296 1492 
suitable 3 1382 1383 1384 
theorem 1 1030 
flexible 2 1177 18678 
donn 1 1190 
geometry 1 1552 
priorities 1 1496 
two-letter 1 1355 
traffic 3 1515 1516 1517 
bounded 3 1053 1054 1087 
alphabet 1 1355 
records 3 1460 1461 1462 
dijkstra-scholten 2 1000 1001 
creation 3 1137 1150 1151 
characterizations 3 1315 1317 1561 
ll 2 1180 1452 
development 1 1143 
lr 5 1046 1059 1060 1468 1469 
algorithm 12 1096 17739 18181 18029 1181 1182 1311 1382 1383 1384 1417 1418 
equivalence 7 1470 1471 1472 1523 1549 1550 1551 
interpretation 10 1037 1038 1169 6431 4412 6432 6433 6434 6435 6436 
characterizing 2 1474 1475 
similar 3 1382 1383 1384 
schemes 8 1053 1054 1103 1222 1223 1390 1391 1392 
sequences 2 1120 1121 
interpolation 4 1258 1259 1260 1407 
min-max 2 1486 1487 
expressive 2 1329 1667 
machines 5 1309 8799 1410 1419 1420 
extension 1 1502 
product 4 17739 18180 18181 16542 
subsets 1 1301 
unified 1 1407 
goto-graphs 2 1059 1060 
dynamic-sized 2 1167 1168 
plane 3 1319 1320 1321 
k-comma 3 1315 1317 1561 
queues 8 1083 1084 1086 1097 1098 1370 1371 1372 
design 1 1128 
regenerative 2 1097 1098 
recognition 4 1042 1148 1149 1246 
reliability 1 1485 
slr 1 1111 
study 4 6772 6770 6771 6773 
computing 5 1013 1221 1280 1534 1462 
procedures 4 1421 1470 1471 1472 
buffer 1 1485 
knapsack 2 1222 1223 
partitioning 2 1543 1544 
speeding 4 1087 1228 1229 1230 
squares 1 1143 
results 3 1411 1500 1501 
relaxed 2 1486 1487 
value 6 6772 6770 6771 6773 6728 6729 
sets 3 1390 1391 1392 
contexts 1 1046 
transducers 1 1380 
conflictable 2 1468 1469 
guarding 2 1417 1418 
postorder 1 1278 
machine 2 1352 1353 
pathlistings 2 1530 1531 
comparison 5 1087 1456 1157 1463 1464 
expressions 2 1308 1309 
p-primitive 3 1315 1317 1801 
representing 4 1538 1539 1540 1541 
la 1 1190 
spectrum-based 2 17739 18755 
incremental 5 1011 1012 1059 1060 1199 
context-sensitive 2 1474 1475 
mining 4 17739 18181 18029 18755 
concept 2 1186 1187 
pointers 3 1027 1659 1660 
uuml 3 1044 1045 1425 
theory 5 1025 1026 1264 1265 1502 
hi 1 1334 
monte 1 1448 
network 12 1101 19053 17739 18180 18181 16542 6772 6840 6841 6728 6842 1300 
online 4 6772 6770 6771 6773 
deciding 3 1254 1255 1256 
abstract 3 1037 1038 1288 
habermann 1 1200 
application 13 17739 18180 18181 16542 1370 1371 1372 1440 19334 19335 19336 19337 19338 
depth-first 1 1043 
worst 2 1427 1428 
ii 2 1013 1421 
resource 11 1176 1177 1178 1186 1187 1440 19334 19335 19336 19337 19338 
list 1 1326 
weakest 2 1138 1139 
controllability 3 1482 1483 1484 
section 4 17739 17736 17737 17738 
inclusion 2 1053 1103 
suites 6 1440 19334 19335 19336 19337 19338 
fermeture 1 1334 
pascal-clarifications 1 1402 
transductions 1 1523 
hotel 4 6772 6770 6771 6773 
local 7 1097 1098 17739 18181 18029 1293 1294 
refinement 5 1124 1166 1622 1359 1360 
non-uniform 1 1069 
collaborative 5 4412 4411 4413 4414 4415 
meanings 3 1289 1290 1291 
minimal 4 1212 1213 1403 1404 
optimal 5 1311 1417 1418 1454 1552 
laguerre 1 1552 
dos 1 1007 
delegation 2 1559 1560 
scheme 3 1177 1178 18190 
reduced 2 1524 1525 
asynchronous 15 1144 1145 1309 8799 1324 1325 1449 1450 1451 1460 1461 1462 7632 7633 1485 
misconceptions 2 1000 1001 
oracles 3 1462 7632 7633 
induction 4 18029 18026 18027 18028 
constraints 4 1352 1353 1559 1560 
wp 3 1470 1471 1472 
windows 3 1460 8253 8254 
stacks 2 1083 1084 
disaster 5 6772 6840 6841 6728 6842 
metric 3 1254 1255 1256 
steiner 2 1212 1213 
recommendations 5 4412 4411 4413 4414 4415 
load 1 1318 
common 3 1382 1383 1384 
choice 1 1431 
simple 5 1482 1483 1484 1524 1525 
data 32 1013 1027 1028 1696 17739 18181 18029 18755 1128 1177 1178 18190 1198 1201 1203 1574 1271 1288 1329 1667 1393 1438 1440 19334 19335 19336 19337 19338 1530 1531 1562 1563 
respecting 1 1049 
digital 1 1236 
critical 2 1043 1115 
tabular 3 1027 1028 1696 
loops 1 1004 
intercodes 3 1315 1317 1561 
log-specifications 3 1377 1378 1379 
wait-free 1 1462 
easy 3 1390 1391 1392 
dynamics 5 6772 6840 6841 6728 6842 
numbers 1 1278 
hard 3 1390 1391 1392 
avoidable 5 1061 1062 1063 1064 1355 
intersection 3 1122 1123 1448 
matrix 5 1279 1280 1281 1282 1393 
fourier 2 17739 18755 
fault 1 1300 
selection 4 1042 1515 1516 1517 
reasonable 1 1197 
combined 1 1318 
pattern 2 1214 1355 
multi-relations 1 1166 
achievable 1 1086 
round-robin 2 1114 1283 
multihead 1 1030 
government-supported 4 16542 16540 16541 6772 
relating 1 1155 
lattices 1 1049 
queue 3 1114 1283 1340 
inner 5 1004 17739 18180 18181 16542 
pre-orders 1 1049 
coroutines 1 1444 
finite 2 1049 1380 
ordering 3 1039 1040 1041 
many-sorted 3 1312 1313 1314 
tabulation 2 1167 1168 
lalr 1 1111 
cellular 2 1148 1149 
networks 9 1097 1098 1176 1177 1178 1426 1482 1483 1484 
nondeterminacy 2 1465 1466 
text 3 1382 1383 1384 
association 1 1137 
outermost-confluence 1 1155 
transient 1 1137 
transitive 1 1087 
logic 3 1254 1255 1256 
size 1 1116 
associativity 2 1308 1309 
input 3 1114 1283 1195 
irregular 3 1531 9896 9897 
telescope-ready 3 1531 9896 9897 
natural 5 6772 6840 6841 6728 6842 
empirical 4 6772 6770 6771 6773 
model 12 1010 1013 1058 1157 1158 1203 1574 1318 1373 1374 1375 1376 
safety-critical 3 1460 9833 9834 
sum 2 1222 1223 
strings 3 1382 1383 1384 
nets 4 1107 1108 1137 1496 
item-item 5 4412 4411 4413 4414 4415 
parametrization 1 1271 
longest 3 1382 1383 1384 
denotational 4 1131 1132 1133 1134 
weighted 2 1417 1418 
complete 3 1377 1378 1379 
tolerant 1 1300 
allocation 5 1010 1186 1187 1401 1440 
real-time 7 1166 1622 4412 4411 4413 4414 4415 
b-trees 2 1335 1336 
affine 1 1389 
functions 1 1116 
behaviours 1 1490 
principles 1 1128 
infinite 5 1144 1145 1243 1332 1446 
dataflow 1 1107 
directed 2 1234 1235 
temporal 11 1254 1255 1256 1261 1262 1263 1437 1455 1482 1483 1484 
service 5 1114 1283 1186 1187 1340 
calculus 4 1000 1001 1166 1622 
tag-syst 1 1334 
operations 5 1083 1084 1335 1336 1393 
batch-oriented 3 1460 8253 8254 
test 3 1007 1212 1213 
commutativity 2 1308 1309 
maintaining 3 1177 1178 18190 
circular 1 1201 
comparisons 1 1311 
morphic 1 1214 
processor 1 1440 
groups 3 1144 1181 1182 
information 7 6772 6770 6771 6773 1370 1371 1372 
problems 12 1099 1195 1222 1223 1233 1269 1270 1281 1505 1421 1424 1425 
discrete-time 2 1114 1283 
monotone 2 1543 1544 
create 2 6728 6729 
sequentialization 3 1549 1550 1551 
rence 1 1190 
trees 10 17739 18755 18761 1236 1278 1297 1298 1311 1429 1454 
language 8 1128 1148 1149 1302 1303 1491 1559 1560 
flowgraphs 1 1004 
des 1 1190 
fragmentation 1 1401 
query 4 1054 1285 1286 1287 
traces 3 1144 1145 1527 
bag-containment 2 1054 1286 
updating 3 1512 1513 1514 
containment 4 1054 1285 1286 1287 
costs 2 1069 1454 
mode 3 1462 7632 11416 
dual 1 1007 
searchlight 2 1417 1418 
length 3 1330 1331 1355 
deterministic 4 1144 1145 1422 1423 
modal 2 1122 1123 
algebra 5 1143 1150 1151 1202 1203 
failures 4 10101 12096 12097 12098 
migration 2 1309 8799 
associative 1 1440 
research 2 6728 6729 
acyclic 2 1234 1235 
cloud 5 4412 4411 4413 4414 4415 
based 8 1128 4412 4411 4413 4414 4415 1234 1235 
unsafe 2 1335 1336 
functional 3 1053 1103 1329 
on-line 4 1162 1460 9833 9834 
rarchie 1 1334 
sliding 3 1460 8253 8254 
martin 3 1470 1471 1472 
second-order 2 1118 1119 
turn-around 1 1197 
power 2 1329 1667 
logics 3 1261 1262 1263 
repair 1 1452 
concerning 1 1421 
systems 40 1006 1007 1050 1051 1052 1058 17739 18181 18029 1122 1123 1155 1165 1166 1169 1170 1177 18678 1190 10101 10102 12096 12097 12098 1219 1220 1318 1427 1428 1449 1450 1451 1460 1462 9833 9834 7632 7633 1465 1466 
alternating 3 1242 1243 1410 
bordered 1 1007 
spaces 2 1356 1357 
kelpio 3 1531 9896 9897 
letter 1 1523 
expressed 2 1118 1119 
symbolic 4 1538 1539 1540 1541 
class 2 1212 1213 
bernoulli 2 1114 1283 
properties 3 1155 1455 1526 
modelling 4 1006 1190 10101 10102 
environment 4 1264 1265 1403 1404 
program 13 1011 1012 1069 1118 1119 1143 1157 1158 1312 1313 1314 1389 1443 
conditional 4 1115 1377 1378 1379 
images 1 1214 
word 2 1214 1397 
block-structured 3 1531 9896 9897 
management 6 1440 19334 19335 19336 19337 19338 
efficient 10 1115 1269 1270 1281 1505 1319 2964 1482 1483 1484 
behaviour 3 1157 1158 1288 
precedence 2 1363 1507 
contained 1 1006 
object 2 1177 18678 
incubators 4 16542 16540 16541 6772 
graph 6 1047 1048 1269 1270 1524 1525 
order 2 1424 1425 
rule 3 1470 1471 1472 
parsing 4 1111 1180 1422 1423 
representations 3 1034 1035 1292 
unrestricted 1 1111 
lists 2 1330 1331 
kontextfreier 1 1510 
conjecture 3 1033 1411 1584 
coinduction 2 1503 1504 
theorems 2 1288 1380 
sharp 3 1470 1471 1472 
error 1 1452 
separation 2 1524 1525 
proving 5 1118 1119 1124 1444 1526 
processors 3 1515 1516 1517 
families 2 1474 1475 
rules 3 1470 1471 1472 
fragmented 2 1080 1081 
term 1 1155 
applied 2 1530 1531 
specification 5 1013 1288 1312 1313 1314 
context 5 1174 1175 1309 8799 1507 
coloring 2 1047 1048 
cyclic 2 1181 1182 
two-terminal 2 1417 1418 
