<Keyword> <No of vertices> <vertex1> <vertex2> .... <vertexN> 
total 1 5893 
reliable 1 6132 
using 43 5950 5951 5952 5953 6020 5958 5959 5960 5961 5962 5992 5993 5994 5995 6010 6011 6012 6013 6014 6015 6095 6096 6097 6098 6147 6148 6149 6150 6186 6187 6188 6189 6190 6191 6192 6193 6315 6418 6419 6420 6496 6497 6498 
self-adaptive 3 6554 6555 6556 
store 2 5970 5971 
benefit 3 6115 6116 6117 
workflows 4 6341 6342 6343 6344 
advances 1 6118 
managing 4 5954 5955 5956 5957 
hole-machining 2 6542 6543 
warehouse 4 5944 5945 5946 5947 
personality 2 6018 6019 
prototyping 2 6211 6212 
networked 3 6066 6067 6068 
time 3 6043 6044 6045 
telecommunication 3 6029 15833 16477 
structuring 3 6502 6503 11389 
search 4 5940 5941 5942 5943 
e-commerce 3 6428 6429 6430 
advanced 5 5913 6068 10805 6255 6256 
interfaces 3 6139 6140 6141 
features 2 6209 6210 
sustainability 6 6136 6137 6138 6247 6248 6249 
government 4 6473 15402 15403 15404 
objects 6 5975 5976 5977 5978 6458 6459 
generation 10 6068 10805 6139 6140 6141 6476 6477 6568 6569 6570 
intelligence 2 6571 6572 
quantifying 4 5950 5952 5953 6020 
organisational 5 6565 6566 6568 6569 6570 
monitoring 16 5987 5988 5989 5990 6186 6187 6188 6189 6190 6191 6192 6193 6271 6391 6392 6393 
petri 4 5940 5941 5942 5943 
karmarkar 3 6115 6116 6117 
ann-based 2 6209 6210 
portfolio 3 6029 15833 16477 
companies 3 6257 6258 6259 
optimization 6 5979 6215 6216 6449 6450 6451 
interpolations 3 6521 6522 6523 
effects 4 6473 15402 15403 15404 
number 4 6217 6218 6219 6220 
photogrammetric 1 6118 
partial 1 6315 
traceability 2 6382 6383 
project 7 5958 5959 5960 5961 5962 6438 6439 
projects 7 5926 5927 5928 5929 6551 6552 6553 
european 3 6029 15831 16094 
scenario 3 6133 6134 6135 
elicitation 3 6021 6022 6023 
explicit 4 10805 10803 10804 10806 
quality 10 6062 6063 6064 6065 6078 6079 6080 6081 6151 6152 
bim 2 6438 6439 
big 1 6405 
artificial 2 5970 5971 
reconfiguration 3 6066 6067 6068 
hospital 2 6438 6439 
consisting 3 6297 6298 6299 
dynamic 5 6066 6067 6068 6571 6572 
assessing 2 6558 6559 
knowledge 21 6068 9972 9973 6250 6251 6252 6253 6281 6282 6396 6397 6398 6454 6455 6456 6457 6470 6471 6472 6473 6474 
knowledge-based 10 6386 6387 6388 6389 6390 6391 6392 6393 6542 6543 
optimum 1 6114 
communications 3 6418 6419 6420 
truck 3 6043 6044 6045 
incorporating 4 6209 6210 6560 6561 
behavior 12 6242 10951 6341 6342 6343 6344 6506 18664 18665 18666 6558 6559 
comparing 5 6386 6387 6388 6389 6390 
deploy 3 6418 6419 6420 
petroleum 8 6289 6290 6291 6292 6293 6294 6295 6296 
geometric 5 6508 6509 6510 6511 6512 
net 2 5982 5983 
handling 2 5907 5908 
execution 4 6260 6261 6262 6263 
aviation 5 6300 6301 6302 6303 6304 
transshipments 2 6142 6143 
feasibility 3 6418 6419 6420 
preventive 5 5930 5931 5932 6142 6143 
electromagnetic 5 6038 6039 6040 6041 6042 
map 3 6085 6086 6087 
domain 1 6132 
joining 2 5982 5983 
investigating 6 5899 6184 6185 6332 6333 6559 
logistics 4 5944 5945 5946 5947 
ahp 6 5970 5971 5992 5993 5994 5995 
adoption 2 6565 6566 
forest-based 3 6029 15831 16094 
taiwan 4 6473 15402 15403 15404 
firm 1 6372 
mbd 4 6250 6251 6252 6253 
web 4 5893 6247 6248 6249 
forestry 8 6186 6187 6188 6189 6190 6191 6192 6193 
increasing 2 6211 6212 
prospects 6 6352 6353 6354 6355 6356 6357 
after-sales 3 5916 5917 5918 
compensation 2 5997 5998 
decision-support 3 6460 6461 6462 
new 10 5979 6250 6251 6252 6253 6470 6471 6472 6473 6474 
including 3 6449 6450 6451 
probe-radius 2 5997 5998 
testing 4 5950 5952 5953 6020 
profiles 4 6506 18664 18665 18666 
public 3 5927 6544 6545 
precise 4 6378 6379 6380 6381 
methods 9 6250 6251 6252 6253 6470 6471 6472 6473 6474 
resources 3 6053 6054 6055 
machined 4 6217 6218 6219 6220 
holonic 2 5982 5983 
basis 4 6250 6251 6252 6253 
set-up 1 6315 
tool 4 5981 15604 15605 6114 
two-stage 2 5995 6270 
distributed 10 6053 6054 6055 6240 6241 6242 6260 6261 6262 6263 
architecture 33 6038 6039 6040 6041 6042 6043 6044 6045 10803 10804 11383 11384 6204 6205 6206 6207 6208 6240 6241 6242 6281 6282 6289 6290 6291 6292 6293 6294 6295 6296 6297 6298 6299 
transparency 4 5926 5927 5928 5929 
software 22 10803 10804 11383 11384 6133 6134 6135 6204 6205 6206 6207 6208 6289 6290 6291 6292 6293 6294 6295 6296 6565 6566 
topsis 4 5992 5993 5994 5995 
future 2 6068 10805 
technological 2 6558 6559 
composition 6 10805 10803 10804 10806 6305 6306 
processing 7 6300 6301 6302 6303 6304 6463 6464 
perspective 5 5898 5899 5900 6016 6017 
unordered 4 6484 6485 6486 6487 
iec 3 6240 6241 6242 
taiwanese 2 6332 6333 
processes 8 6053 6054 6055 6305 6306 6346 6347 6348 
discontinuation 3 6568 6569 6570 
monitor 4 6095 6096 6097 6098 
uppaal 4 5950 5951 5952 5953 
fulfillment 3 6276 6277 6278 
automatic 6 5975 5976 5977 5978 6458 6459 
correcting 3 6554 6555 6556 
environments 9 5959 15979 15980 15981 6499 6500 6501 6502 6503 
integrating 6 5940 5941 5942 5943 6255 6256 
ontology 7 6016 6017 6204 6205 6206 6207 6208 
measurement 7 5899 6184 6185 5916 5917 5918 6118 
checklists 6 6010 6011 6012 6013 6014 6015 
semantically 2 6305 6306 
speech 2 5980 5981 
detection 9 6378 6379 6380 6381 6386 6387 6388 6389 6390 
three-dimensional 5 6106 6107 6108 6109 6110 
queries 2 6463 6464 
streams 5 6386 6387 6388 6389 6390 
seismic 5 5958 5959 5960 5961 5962 
fast 5 6024 6025 6554 6555 6556 
sparse 4 6484 6485 6486 6487 
amp 4 6029 15831 15832 15833 
room 3 6504 6505 6506 
mobile 3 6418 6419 6420 
heterogeneous 3 6297 6298 6299 
obtained 2 5982 5983 
feature-based 2 5995 6270 
indoor 5 6499 6500 6501 6502 6503 
clothing 4 6062 6063 6064 6065 
set 4 6484 6485 6486 6487 
ict 4 6271 6346 6347 6348 
evidence 4 5916 5917 5918 6507 
routing 1 6315 
understanding 3 5898 5899 5900 
volumes 4 6217 6218 6219 6220 
analysis 31 5944 5945 5946 5947 5950 5951 5952 5953 5958 5959 5960 5961 5962 6050 6051 6052 6078 6079 6080 6081 6136 6137 6138 6300 6301 6302 6303 6304 6391 6392 6393 
simulation 4 6062 6063 6064 6065 
business 21 5893 6115 6116 6117 6139 6140 6141 6264 6265 6266 6267 6305 6306 6346 6347 6348 6571 6572 6573 6574 6575 
priority-based 4 6147 6148 6149 6150 
step-by-step 3 6257 6258 6259 
transformers 3 6050 6051 6052 
findings 3 6449 6450 6451 
wireless 8 6418 6419 6420 6499 6500 6501 6502 6503 
tale 2 6565 6566 
fuzzy 8 5970 5971 5995 6270 6307 6308 6309 6310 
integration 14 5893 5950 5952 5953 6020 5970 5971 5987 5988 5989 5990 6132 6211 6212 
bpr 3 6428 6429 6430 
multivariate 3 6391 6392 6393 
restraint 2 6215 6216 
deadlock 2 5907 5908 
communication 5 5980 5981 6053 6054 6055 
disruptions 4 6095 6096 6097 6098 
semantic 13 6066 6067 6068 6196 6197 6314 6315 6316 6317 6454 6455 6456 6457 
prediction 3 6115 6116 6117 
game 2 6018 6019 
methodology 15 6029 15831 15832 15833 6068 9972 9973 6133 6134 6135 6428 6429 6430 6542 6543 
dimension 4 5954 5955 5956 5957 
ap 2 6560 6561 
color 4 6074 6075 6076 6077 
uae 1 6559 
supply-chain 4 5926 5927 5928 5929 
approach 23 5927 6544 6545 5995 6270 6085 6086 6087 6132 6242 10951 6297 6298 6299 6314 6315 6316 6317 6391 6392 6393 6476 6477 
java 2 6242 10951 
numerical 6 6010 6011 6012 6013 6014 6015 
assessment 5 6215 6216 6257 6258 6259 
reason 1 6373 
programmes 4 6029 15831 15832 15833 
package 1 6373 
neural 2 5970 5971 
wafer 2 5907 5908 
sustainable 3 5927 6544 6545 
sensor 5 6499 6500 6501 6502 6503 
operation 4 6114 6568 6569 6570 
convenience 2 5970 5971 
social 2 6565 6566 
oriented 5 6133 6134 6135 6476 6477 
activities 4 5954 5955 5956 5957 
fully 4 5975 5976 5977 5978 
aided 6 6050 6051 6052 6133 6134 6135 
convex 2 6458 6459 
occupant 2 6215 6216 
creating 8 6250 6251 6252 6253 6506 18664 18665 18666 
programs 2 6242 10951 
structure 4 6484 6485 6486 6487 
services 13 5893 6066 6067 6068 6264 6265 6266 6267 6382 6383 6573 6574 6575 
support 16 5913 5944 5945 5946 5947 5970 5971 5980 5981 6454 6455 6456 6457 6551 6552 6553 
job 5 6106 6107 6108 6109 6110 
reality 6 6010 6011 6012 6013 6014 6015 
flexible 4 6147 6148 6149 6150 
distribution 3 6028 6029 6030 
priorities 3 6029 15831 16094 
traffic 2 6130 6131 
deadline-aware 4 6147 6148 6149 6150 
operating 2 6536 6537 
phases 3 5981 15604 15605 
querying 5 6386 6387 6388 6389 6390 
delivery 3 6502 6503 11389 
heuristic 4 5940 5941 5942 5943 
novel 4 6209 6210 6476 6477 
virtual 16 5913 5927 6544 6010 6011 6012 6013 6014 6015 6508 6509 6510 6511 6512 6536 6537 
foresight 3 6029 15831 16094 
incoming 1 6372 
development 23 6029 15833 16477 6255 6256 6271 6281 6282 6289 6290 6291 6292 6293 6294 6295 6296 6382 6383 6470 6471 6472 6473 6474 
ontologies 4 6095 6096 6097 6098 
multimodal 5 6130 6131 6449 6450 6451 
constraint 6 5982 5983 10803 10804 11383 11384 
hypercubes 1 6315 
decision 8 5970 5971 6028 6029 6030 6551 6552 6553 
algorithm 4 5979 6085 6086 6087 
construction 19 5899 6184 6185 5926 5927 5928 5929 5959 15979 15980 15981 6352 6353 6354 6355 6356 6357 6438 6439 
products 19 6106 6107 6108 6109 6110 6409 6410 6411 6412 6470 6471 6472 6473 6474 6508 6509 6510 6511 6512 
dpcss 4 6147 6148 6149 6150 
files 3 6003 6004 6005 
mm 2 5907 5908 
immune 5 5979 6095 6096 6097 6098 
trajectories 2 6565 6566 
co-ordination 2 6144 6145 
unknown 4 5975 5976 5977 5978 
tech 6 6170 6171 6172 6173 6174 6175 
unified 2 5907 5908 
product 21 5893 5927 6544 5992 5993 5994 5995 6029 15833 16477 6078 6079 6080 6081 6151 6152 6276 6277 6278 6281 6282 
preserving 4 10805 10803 10804 10806 
route 4 6217 6218 6219 6220 
rule-based 3 6504 6505 6506 
classification 5 6300 6301 6302 6303 6304 
improvement 3 6257 6258 6259 
modular 5 6038 6039 6040 6041 6042 
method 24 5975 5976 5977 5978 5979 5981 15604 15605 6106 6107 6108 6109 6110 6257 6258 6259 6386 6387 6388 6389 6390 6554 6555 6556 
capabilities 3 6346 6347 6348 
accuracy 2 6211 6212 
design 43 5893 5979 5980 5981 15604 15605 5992 5993 5994 5995 6270 6021 6022 6023 6024 6025 6050 6051 6052 6106 6107 6108 6109 6110 6139 6140 6141 6144 6145 6196 6197 6209 6210 6215 6216 6460 6461 6462 6504 6505 6506 6560 6561 
manufacturing 23 5899 6184 6185 5999 6000 6001 6002 6053 6054 6055 6095 6096 6097 6098 6260 6261 6262 6263 6396 6397 6398 6560 6561 
technology 4 5893 6029 15831 16094 
single 3 5930 5931 5932 
cartographic 3 6085 6086 6087 
parametric 3 6521 6522 6523 
location 2 5970 5971 
recognition 2 6209 6210 
variation 3 6496 6497 6498 
integrity 2 6196 6197 
ecosystem 6 6170 6171 6172 6173 6174 6175 
study 21 5950 5951 5952 5953 5958 5959 5960 5961 5962 6021 6022 6023 6204 6205 6206 6207 6208 6438 6439 6558 6559 
sequencing 1 6114 
studies 5 6257 6258 6259 6332 6333 
chinese 3 6257 6258 6259 
scanned 4 6409 6410 6411 6412 
continuance 2 6558 6559 
results 6 6352 6353 6354 6355 6356 6357 
ind 2 5970 5971 
action 6 5899 6184 6185 6257 6258 6259 
fusion 2 6452 6453 
developing 8 6029 15831 16094 6470 6471 6472 6473 6474 
contexts 2 6565 6566 
applications 15 6289 6290 6291 6292 6293 6294 6295 6296 6378 6379 6380 6381 6418 6419 6420 
investigation 2 6242 10951 
slicing 4 6074 6075 6076 6077 
calculator 6 6170 6171 6172 6173 6174 6175 
cycle 3 5898 5899 5900 
joint 3 6139 6140 6141 
software-intensive 2 6068 10805 
contract 2 5982 5983 
machine 16 5930 5931 5932 6352 6353 6354 6355 6356 6357 6391 6392 6393 6458 6459 6536 6537 
manufacture 4 6062 6063 6064 6065 
disassembly 5 6508 6509 6510 6511 6512 
controller 3 6504 6505 6506 
hybrid 4 5940 5941 5942 5943 
reuse-by-composition 4 10803 10804 11383 11384 
paperboard 3 6391 6392 6393 
theory 3 6568 6569 6570 
estimating 4 5950 5952 5953 6020 
stage 1 6507 
requirements 3 6021 6022 6023 
network 13 5916 5917 5918 5970 5971 6053 6054 6055 6470 6471 6472 6473 6474 
investment 6 6170 6171 6172 6173 6174 6175 
risk 5 5958 5959 5960 5961 5962 
real 3 6043 6044 6045 
warehousing 3 6460 6461 6462 
automatically 4 6506 18664 18665 18666 
path 1 6315 
grid 3 6573 6574 6575 
innovation 3 5981 15604 15605 
bpmn-q 2 6463 6464 
customer-driven 4 5992 5993 5994 5995 
application 18 6043 6044 6045 6068 9972 9973 6078 6079 6080 6081 6142 6143 6271 6386 6387 6388 6389 6390 
customisation 1 6373 
validation 2 6196 6197 
task 4 6454 6455 6456 6457 
play 2 6018 6019 
sms 4 6473 15402 15403 15404 
rapid 2 6211 6212 
environmental 11 6186 6187 6188 6189 6190 6191 6192 6193 6449 6450 6451 
aids 4 6062 6063 6064 6065 
organizational 7 5898 5899 5900 5954 5955 5956 5957 
implementation 8 5954 5955 5956 5957 6114 6257 6258 6259 
identification 4 6029 15831 15832 15833 
scientific 3 6068 9972 9973 
merging 4 10805 10803 10804 10806 
act 2 5980 5981 
step 2 6560 6561 
smart 5 6038 6039 6040 6041 6042 
intelligent 12 6043 6044 6045 6062 6063 6064 6065 6499 6500 6501 6502 6503 
qos 3 6053 6054 6055 
non-uniform 3 6554 6555 6556 
collaborative 22 5958 5959 5960 5961 5962 6021 6022 6023 6066 6067 6068 9972 9973 6151 6152 6281 6282 6346 6347 6348 6376 6377 
rule-centric 2 6476 6477 
reliability-based 2 6215 6216 
polyethylene 4 6078 6079 6080 6081 
flow 3 6139 6140 6141 
customer 4 6133 6134 6135 6372 
hearth 4 6307 6308 6309 6310 
production 10 5930 5931 5932 6078 6079 6080 6081 6115 6116 6117 
scheme 3 6521 6522 6523 
concurrent 6 6242 10951 6341 6342 6343 6344 
high-level 8 6289 6290 6291 6292 6293 6294 6295 6296 
feature 2 6209 6210 
points 2 5997 5998 
supplier 1 5893 
integrate 3 6240 6241 6242 
going 1 6373 
international 4 6029 15831 15832 15833 
multi-attribute 3 6551 6552 6553 
content 6 6346 6347 6348 6502 6503 11389 
models 29 5893 5950 5952 5953 6020 6010 6011 6012 6013 6014 6015 6028 6029 6030 6074 6075 6076 6077 6151 6152 6341 6342 6343 6344 6508 6509 6510 6511 6512 
csma-ca 4 6147 6148 6149 6150 
cloud-based 4 6260 6261 6262 6263 
participatory 3 6029 15833 16477 
step-based 2 6151 6152 
trends 3 6136 6137 6138 
complex 5 6106 6107 6108 6109 6110 
wsn 5 6499 6500 6501 6502 6503 
coordination 5 5982 5983 6029 15831 16094 
data 18 5944 5945 5946 5947 5997 5998 6132 6151 6152 6386 6387 6388 6389 6390 6409 6410 6411 6412 
pms 3 5898 5899 5900 
platforms 4 5987 5988 5989 5990 
digital 5 6346 6347 6348 6438 6439 
inertial 2 6452 6453 
methodologies 3 5899 6184 6185 
document 2 6476 6477 
source-code 2 6242 10951 
designed 4 6095 6096 6097 6098 
life 3 5898 5899 5900 
cnc 5 6521 6522 6523 6536 6537 
furnace 4 6307 6308 6309 6310 
customization 3 6276 6277 6278 
reverse 5 5997 5998 6133 6134 6135 
readiness-relevant 4 5954 5955 5956 5957 
multi-input 3 5981 15604 15605 
interoperability 10 5927 6544 6545 6066 6067 6068 6264 6265 6266 6267 
fault 5 6386 6387 6388 6389 6390 
material 2 5907 5908 
selection 7 5893 6114 6133 6134 6135 6305 6306 
immersive 6 6010 6011 6012 6013 6014 6015 
relationship 3 5898 5899 5900 
passenger 3 5927 6544 6545 
assignment 2 6130 6131 
rfid 16 6170 6171 6172 6173 6174 6175 6186 6187 6188 6189 6190 6191 6192 6193 6382 6383 
pattern 4 10805 10803 10804 10806 
modeling 4 6314 6315 6316 6317 
multiobjective 2 6215 6216 
documentation 9 6204 6205 6206 6207 6208 6409 6410 6411 6412 
high-tech 2 6332 6333 
annotations 2 5980 5981 
lateral 2 6142 6143 
hierarchies 2 6571 6572 
e-maintenance 2 6255 6256 
pulp 3 6493 6494 6495 
selecting 2 5970 5971 
hub 5 5958 5959 5960 5961 5962 
inspection 9 6133 6134 6135 6363 6364 6365 6493 6494 6495 
computer-aided 3 6363 6364 6365 
hoses 3 6003 6004 6005 
architectures 2 6068 10805 
drawings 3 6003 6004 6005 
misfit 1 6373 
simulation-based 3 6043 6044 6045 
card 5 6106 6107 6108 6109 6110 
connections 3 6502 6503 11389 
china 2 6558 6559 
demand 3 6028 6029 6030 
networks 14 6029 15831 15832 15833 6130 6131 6449 6450 6451 6499 6500 6501 6502 6503 
enabled 3 6428 6429 6430 
reports 5 6300 6301 6302 6303 6304 
fieldbuses 3 6297 6298 6299 
control 15 6038 6039 6040 6041 6042 6043 6044 6045 6139 6140 6141 6307 6308 6309 6310 
text 3 6136 6137 6138 
recognising 4 6409 6410 6411 6412 
condition 5 5987 5988 5989 5990 6271 
maintenance 9 5930 5931 5932 6106 6107 6108 6109 6110 6271 
differing 2 6565 6566 
japanese 1 6507 
evolving 4 6506 18664 18665 18666 
cost 3 6003 6004 6005 
tolerancing 3 6496 6497 6498 
reduce 4 6217 6218 6219 6220 
stl 7 6003 6004 6005 6074 6075 6076 6077 
difference 4 6378 6379 6380 6381 
navigation 2 6452 6453 
data-driven 5 6386 6387 6388 6389 6390 
case 22 5899 6184 6185 5950 5951 5952 5953 5958 5959 5960 5961 5962 6021 6022 6023 6257 6258 6259 6332 6333 6438 6439 
empirical 3 6507 6558 6559 
ventilated 3 6504 6505 6506 
natural 5 6300 6301 6302 6303 6304 
innovative 6 5959 15979 15980 15981 6130 6131 
early 3 5981 15604 15605 
shaped 2 6458 6459 
car 3 6088 6089 6090 
model 29 5927 6544 5980 5981 15604 15605 6024 6025 6130 6131 6139 6140 6141 6142 6143 6250 6251 6252 6253 6264 6265 6266 6267 6449 6450 6451 6496 6497 6498 
estimation 7 6003 6004 6005 6078 6079 6080 6081 
grading 6 6352 6353 6354 6355 6356 6357 
nets 4 5940 5941 5942 5943 
instrumentation 2 6242 10951 
engineering 21 5997 5998 6016 6017 6133 6134 6135 6144 6145 6196 6197 6204 6205 6206 6207 6208 6376 6377 6568 6569 6570 
cae 2 6211 6212 
cad 9 6003 6004 6005 6074 6075 6076 6077 6211 6212 
servers 3 6502 6503 11389 
performance 22 5899 6184 6185 5916 5917 5918 6186 6187 6188 6189 6190 6191 6192 6193 6215 6216 6257 6258 6259 6504 6505 6506 
exploratory 5 6204 6205 6206 6207 6208 
real-time 11 5987 5988 5989 5990 6378 6379 6380 6381 6521 6522 6523 
supply 12 6016 6017 6142 6143 6186 6187 6188 6189 6190 6191 6192 6193 
theory-based 2 5980 5981 
cam 2 6211 6212 
illumination 3 6554 6555 6556 
machining 4 6250 6251 6252 6253 
multiple 8 5987 5988 5989 5990 6307 6308 6309 6310 
standardised 3 5927 6544 6545 
ontological 1 6132 
mining-based 3 6136 6137 6138 
protocol 2 5982 5983 
camera 3 6088 6089 6090 
extended 3 6496 6497 6498 
web-based 4 6281 6282 6536 6537 
erratum 2 5970 5971 
reference 12 6264 6265 6266 6267 6289 6290 6291 6292 6293 6294 6295 6296 
recovery 2 5907 5908 
discovering 4 6341 6342 6343 6344 
supporting 3 6346 6347 6348 
touching 2 6458 6459 
genetic 6 5930 5931 5932 6085 6086 6087 
smes 3 5898 5899 5900 
service 4 5916 5917 5918 6372 
freight 2 6130 6131 
server 3 6247 6248 6249 
operations 3 6028 6029 6030 
high 6 6170 6171 6172 6173 6174 6175 
success 2 6332 6333 
interoperable 3 6297 6298 6299 
erp 16 5954 5955 5956 5957 6257 6258 6259 6332 6333 6373 6405 6507 6551 6552 6553 6559 
curve 7 6484 6485 6486 6487 6521 6522 6523 
aggregate 6 6352 6353 6354 6355 6356 6357 
automated 3 5907 5908 6114 
surface 5 6038 6039 6040 6041 6042 
diagnosis 2 6151 6152 
milling 2 6536 6537 
hierarchical 3 6115 6116 6117 
auto-reasoning 2 6542 6543 
drive 5 6386 6387 6388 6389 6390 
deployment 2 6438 6439 
working 1 6405 
industry 24 5899 6184 6185 5916 5917 5918 6289 6290 6291 6292 6293 6294 6295 6296 6346 6347 6348 6394 6395 6438 6439 6493 6494 6495 
industrialized 4 5926 5927 5928 5929 
groups 3 6502 6503 11389 
exchange 2 6024 6025 
digitization 4 5975 5976 5977 5978 
information 17 5927 6544 6545 5980 5981 5999 6000 6001 6002 10805 10803 10804 10806 6144 6145 6571 6572 
platform 3 6029 15831 16094 
fsam 3 6554 6555 6556 
national 3 6029 15831 16094 
cubic 3 6521 6522 6523 
computerized 3 6396 6397 6398 
art 3 6363 6364 6365 
interaction 3 6115 6116 6117 
overhaul 5 6106 6107 6108 6109 6110 
strategic 3 6029 15833 16477 
solid 2 6024 6025 
ieee 4 6147 6148 6149 6150 
visual 5 6452 6453 6493 6494 6495 
planning 25 5930 5931 5932 5958 5959 5960 5961 5962 6114 6115 6116 6117 6217 6218 6219 6220 6314 6315 6316 6317 6363 6364 6365 6542 6543 
satisfaction 2 5982 5983 
language 5 6300 6301 6302 6303 6304 
approaches 4 5992 5993 5994 5995 
ranking 2 6305 6306 
fault-tolerant 1 6315 
stream 3 6496 6497 6498 
collaboration 10 5959 15979 15980 15981 6029 15831 15832 15833 6438 6439 
fms 4 5940 5941 5942 5943 
assembly 4 6314 6315 6316 6317 
discrete-event 4 5944 5945 5946 5947 
techniques 2 6255 6256 
retrieval 4 5995 6270 6571 6572 
costs 3 6449 6450 6451 
effective 6 5959 15979 15980 15981 6438 6439 
computers 2 6394 6395 
enriched 2 6305 6306 
transport 6 5927 6544 6545 6449 6450 6451 
taguchi 1 5979 
generalisation 3 6085 6086 6087 
networking 3 6297 6298 6299 
prospective 4 6029 15831 15832 15833 
robust 2 6215 6216 
applying 6 6021 6022 6023 6391 6392 6393 
progressive 2 6560 6561 
mis 3 5898 5899 5900 
automation 8 6289 6290 6291 6292 6293 6294 6295 6296 
characteristics 2 6558 6559 
return 6 6170 6171 6172 6173 6174 6175 
odometry 2 6452 6453 
framework 14 5959 15979 15980 15981 5979 5999 6000 6001 6002 6024 6025 6066 6067 6068 
research 3 6068 9972 9973 
bottom-up 2 6565 6566 
process 37 5893 5992 5993 5994 5995 6021 6022 6023 6078 6079 6080 6081 6136 6137 6138 6217 6218 6219 6220 6250 6251 6252 6253 6372 6391 6392 6393 6396 6397 6398 6470 6471 6472 6473 6474 6542 6543 
integrated 18 5930 5931 5932 5959 15979 15980 15981 6024 6025 6139 6140 6141 6276 6277 6278 6297 6298 6299 
point 3 6088 6089 6090 
industrial 34 5950 5951 5952 5953 6010 6011 6012 6013 6014 6015 6132 6289 6290 6291 6292 6293 6294 6295 6296 6297 6298 6299 6378 6379 6380 6381 6418 6419 6420 6499 6500 6501 6502 6503 
chain 12 6016 6017 6142 6143 6186 6187 6188 6189 6190 6191 6192 6193 
self-organizing 4 6078 6079 6080 6081 
cloud 3 6088 6089 6090 
smartphone 2 6452 6453 
brother 1 6405 
improving 2 6215 6216 
based 21 5979 6088 6089 6090 6217 6218 6219 6220 6242 10951 6314 6315 6316 6317 6458 6459 6508 6509 6510 6511 6512 
sector 3 6029 15831 16094 
solutions 1 6118 
decline 1 6507 
mask 2 6211 6212 
remote 4 5987 5988 5989 5990 
on-line 3 6493 6494 6495 
impact 9 5950 5952 5953 6020 6028 6029 6030 6558 6559 
semiconductor 2 6394 6395 
scheduling 11 5930 5931 5932 5940 5941 5942 5943 6147 6148 6149 6150 
utilisation 1 6559 
requests 1 6372 
automotive 5 5916 5917 5918 6142 6143 
tools 2 6536 6537 
microfactory 5 6038 6039 6040 6041 6042 
model-based 11 5950 5951 5952 5953 5987 5988 5989 5990 6066 6067 6068 
power 3 6050 6051 6052 
algorithms 7 5930 5931 5932 6114 6115 6116 6117 
repair 5 6106 6107 6108 6109 6110 
process-oriented 3 6496 6497 6498 
custom 3 6003 6004 6005 
hydraulic 5 6386 6387 6388 6389 6390 
work 7 6346 6347 6348 6454 6455 6456 6457 
systems 42 5907 5908 5927 6544 6545 5944 5945 5946 5947 5999 6000 6001 6002 6068 10805 6095 6096 6097 6098 6240 6241 6242 6247 6248 6249 6332 6333 6391 6392 6393 6405 6460 6461 6462 6521 6522 6523 6551 6552 6553 6558 6559 
multi-national 2 6142 6143 
enterprise 6 5913 6558 6559 6568 6569 6570 
shape 5 6028 6029 6030 6151 6152 
fadyrcos 3 6066 6067 6068 
format 4 6074 6075 6076 6077 
modelling 8 6144 6145 6428 6429 6430 6568 6569 6570 
environment 4 6024 6025 6196 6197 
chi 4 5950 5951 5952 5953 
company 9 6029 15833 16477 6170 6171 6172 6173 6174 6175 
energy-aware 4 5999 6000 6001 6002 
inspulp-i 3 6493 6494 6495 
images 4 6484 6485 6486 6487 
comput 2 5970 5971 
policy 3 6449 6450 6451 
management 26 6016 6017 6028 6029 6030 6053 6054 6055 6068 9972 9973 6396 6397 6398 6454 6455 6456 6457 6460 6461 6462 6470 6471 6472 6473 6474 
efficient 6 5975 5976 5977 5978 6463 6464 
generic 3 6372 6382 6383 
peeking 1 6507 
highest 3 6115 6116 6117 
issue 2 6068 10805 
state 3 6363 6364 6365 
object 2 6476 6477 
solution 3 6240 6241 6242 
evaluation 5 6428 6429 6430 6560 6561 
order 3 6276 6277 6278 
interactive 15 5944 5945 5946 5947 6010 6011 6012 6013 6014 6015 6300 6301 6302 6303 6304 
time-of-flight 3 6088 6089 6090 
designs 1 6372 
fabrications 2 5907 5908 
operators 4 10805 10803 10804 10806 
e-engineering 7 5958 5959 5960 5961 5962 6151 6152 
vision 8 6352 6353 6354 6355 6356 6357 6458 6459 
tacit 3 6068 9972 9973 
naturally 3 6504 6505 6506 
separation 2 6458 6459 
evaluating 4 6372 6551 6552 6553 
chains 2 6142 6143 
strategy 5 5907 5908 6396 6397 6398 
sheets 4 6217 6218 6219 6220 
enjoyment 2 6018 6019 
multi-agent 2 6142 6143 
sourcing 4 6409 6410 6411 6412 
safety 5 6300 6301 6302 6303 6304 
maps 4 6078 6079 6080 6081 
context 5 6038 6039 6040 6041 6042 
specification 3 6043 6044 6045 
industries 5 6136 6137 6138 6332 6333 
architectural 5 5913 10805 10803 10804 10806 
special 2 6068 10805 
reconstruction 10 6088 6089 6090 6484 6485 6486 6487 6554 6555 6556 
user 9 6021 6022 6023 6506 18664 18665 18666 6558 6559 
preservation-awareness 2 6376 6377 
