<Keyword> <No of vertices> <vertex1> <vertex2> .... <vertexN> 
destinations 3 16897 16898 16899 
institutional 3 17263 17268 17269 
horn 2 17434 17436 
managing 13 16918 16919 17062 17063 17064 17077 17078 17177 17349 17204 17205 17398 17399 
determinants 5 16901 16902 16903 16904 17326 
academic 3 17002 17003 17263 
time 1 17307 
promoting 5 17083 17084 17126 17157 17158 
advanced 2 17157 17158 
role 12 16914 16915 16937 17012 17013 17014 17321 17322 17323 17350 17351 17356 
video 4 16927 16928 17237 17238 
quantifying 3 17425 17426 17427 
organisational 22 16871 16872 16873 16874 16875 16969 16970 16971 17040 17041 17042 17043 17044 17089 17090 17147 17148 17149 17268 17269 17301 17302 
polycentric 1 17182 
texture 2 17324 17325 
neo-contingency 1 17085 
evolution 2 16940 16941 
project 4 16959 16985 16986 16987 
paradox 2 16951 16952 
european 5 16953 17024 17025 17324 17325 
quality 1 17175 
dynamic 4 17062 17063 17064 17146 
knowledge 50 16864 16865 16866 16867 16868 16943 16944 16945 17012 17013 17014 17028 17029 17058 17059 17082 17089 17090 17092 17093 17094 17096 17097 17099 17100 17101 17122 17123 17124 17153 17202 17204 17205 17213 17214 17215 17240 17241 17242 17243 17244 17260 17292 17293 17294 17301 17302 17320 17434 17436 
realities 3 16920 16921 16922 
triad 4 16888 16889 16890 16891 
purposeful 1 17082 
training 1 17280 
object-oriented 2 17381 17382 
quasi-acyclic 2 17434 17436 
absorptive 2 17144 17145 
mid-tech 1 17085 
markets 2 17358 17359 
taiwan 4 17287 17290 17291 17326 
electronic 5 17032 17033 17034 17035 17036 
compensation 2 17316 17317 
brazil 2 17361 17362 
new 28 16988 16989 16990 16991 17067 17068 17069 17127 17135 17144 17145 17153 17185 17186 17206 17207 17301 17302 17313 17314 17337 17338 17339 17341 17342 17370 17371 17372 
leveraging 5 17058 17059 17127 17341 17342 
base 2 16951 16952 
paradoxes 1 17128 
public 5 17010 17011 17112 17113 17114 
globalisation 6 16913 16967 16968 16990 16991 17356 
hong 4 17233 17234 17235 17236 
resources 8 16975 16976 16977 16978 16982 16983 17183 17184 
change 4 17177 17349 17208 17209 
tool 2 16939 16948 
lead 2 17024 17025 
firms 27 16896 16997 16999 17000 17001 17024 17025 17085 17206 17207 17219 17220 17221 17223 17303 17304 17316 17317 17321 17322 17323 17337 17338 17339 17343 17344 17345 
kong 4 17233 17234 17235 17236 
architecture 2 16876 16877 
capital 15 17106 17107 17108 17373 17144 17145 17213 17214 17215 17270 17271 17272 17273 17290 17291 
policies 2 16988 16989 
usability 1 17135 
software 4 16896 17310 17311 17312 
compact 2 17237 17238 
tourists 2 17157 17158 
technological 17 16940 16941 16956 16957 16958 17143 17177 17212 17223 17268 17269 17292 17293 17294 17303 17304 17307 
i-agile 4 17233 17234 17235 17236 
processing 2 17060 17061 
perspective 11 16927 16928 17028 17029 17045 17046 17153 17268 17269 17398 17399 
facilitating 2 17140 17141 
pharmaceuticals 4 16940 16941 17403 17404 
processes 9 17038 17039 17082 17089 17090 17185 17186 17257 17258 
reciprocal 3 17159 17160 17161 
automatic 2 17428 17429 
notable 2 17439 17440 
entrepreneurial 2 17285 17286 
rural 2 17247 17248 
lean 5 16954 16955 17406 17407 17408 
pbx 1 17143 
vcd 2 17237 17238 
factors 3 17327 17328 17329 
linking 5 16864 16865 16866 16867 16868 
orders 2 17247 17248 
streams 2 17439 17440 
fast 1 17307 
governance 1 17162 
measure 1 17287 
evidence 3 17321 17322 17323 
reflections 2 16980 16981 
education 2 17087 17088 
analysis 32 16864 16865 16866 16867 16868 16953 17002 17003 17085 17147 17148 17149 17154 17206 17207 17261 17262 17287 17303 17304 17343 17344 17345 17413 17414 17415 17433 17434 17435 17436 17437 17438 
business 16 16948 17083 17084 17126 17125 17213 17214 17215 17301 17302 17365 17366 17367 17376 17377 17378 
meets 2 17358 17359 
fuzzy 2 17261 17262 
asia 2 17253 17254 
volvo 2 17253 17254 
activity 2 17060 17061 
facilities 3 17400 17401 17402 
lessons 11 16940 16941 17099 17100 17101 17143 17350 17351 17376 17377 17378 
ventures 10 17122 17123 17124 17144 17145 17231 17232 17370 17371 17372 
transformation 1 16913 
relations 1 17182 
enterprising 4 17233 17234 17235 17236 
venture 16 16887 17106 17107 17108 17373 17144 17145 17290 17291 17313 17314 17341 17342 17395 17396 17397 
attributes 3 17106 17107 17108 
economies 1 17320 
assessment 6 17122 17123 17124 17391 17392 17394 
knowing 1 17153 
programmes 5 17112 17113 17114 17324 17325 
deliberate 1 17082 
improved 3 17083 17084 17126 
hind 1 17066 
social 8 16913 17135 17202 17247 17248 17425 17426 17427 
fostering 2 17185 17186 
capability 10 17040 17041 17042 17043 17044 17268 17269 17321 17322 17323 
nations 2 16962 16963 
orientation 5 17067 17068 17069 17132 17133 
transfer 6 16920 16921 16922 17096 17097 17121 
support 6 16982 16983 17010 17011 17140 17141 
spanish 3 17337 17338 17339 
nokia 2 17409 17410 
adaptive 1 17222 
career 2 17099 17386 
oligarchic 2 17324 17325 
randomness 3 17425 17426 17427 
disclosure 2 17115 17116 
newspaper 3 17376 17377 17378 
foresight 5 17112 17113 17114 17128 17405 
virtual 4 17233 17234 17235 17236 
europe 1 17202 
vehicle 3 17256 17361 17362 
build 1 16959 
decision 8 16893 16894 16895 16939 16982 16983 17261 17262 
acquisition 3 17321 17322 17323 
perceptions 3 17012 17013 17014 
innovators 2 16940 16941 
hierarchy 3 17383 17384 17385 
products 3 16956 16957 16958 
construction 1 17162 
productivity 1 17105 
water 2 16982 16983 
marketing 8 17074 17075 17076 17206 17207 17337 17338 17339 
sciences 1 16937 
interpretability 2 17261 17262 
enhancement 4 17233 17234 17235 17236 
buyer-supplier 2 16980 16981 
bay-to-bay 2 17290 17291 
typology 3 17122 17123 17124 
improvement 8 16882 16883 17079 17080 17081 17185 17186 17356 
insights 4 17187 17188 17189 17190 
method 1 17280 
efficiency 2 16882 16883 
capabilities 7 17237 17238 17361 17362 17370 17371 17372 
strengthen 1 17182 
telephone 2 17204 17205 
subcontracting 2 17028 17029 
manufacturing 11 16954 16955 17233 17234 17235 17236 17303 17304 17321 17322 17323 
optics 1 17127 
motivations 2 16992 16993 
reproduction 4 16975 16976 16977 16978 
disc 2 17237 17238 
motivated 2 17231 17232 
austrian 2 16939 17405 
useful 2 16927 16928 
flexibility 5 17040 17041 17042 17043 17044 
joint 8 16887 17122 17123 17124 17231 17232 17313 17314 
cycle 1 16959 
delphi 4 16939 16985 16986 16987 
means 3 16893 16894 16895 
genomes 1 16953 
team 4 16954 16955 17144 17145 
linkages 2 17290 17291 
internationalisation 3 17343 17344 17345 
corporate 6 17105 17106 17107 17108 17115 17116 
clusters 1 17082 
aircraft 2 17266 17267 
bordeaux 3 17112 17113 17114 
hybrid 1 17202 
conceptual 2 16876 16877 
african 6 16864 16865 16866 16867 16868 17026 
coordinated 1 17162 
security 10 16864 16865 16866 16867 16868 17180 17181 17383 17384 17385 
disease 2 17261 17262 
investment 3 17108 17373 17121 
curves 2 17391 17392 
vienna 2 17303 17304 
effectiveness 2 17316 17317 
path 3 17150 17151 17152 
knowledge-oriented 2 16885 16886 
vacuum 1 17066 
relevant 2 16949 16950 
innovation 90 16871 16872 16873 16874 16875 16901 16902 16903 16904 16938 16956 16957 16958 16969 16970 16971 16972 16973 16974 16975 16976 16977 16978 16980 16981 17040 17041 17042 17043 17044 17045 17046 17058 17059 17067 17068 17069 17079 17080 17081 17082 17086 17087 17088 17092 17093 17094 17096 17097 17125 17135 17154 17164 17165 17183 17184 17187 17188 17189 17190 17204 17205 17208 17209 17219 17220 17221 17237 17238 17245 17246 17266 17267 17276 17277 17278 17292 17293 17294 17303 17304 17326 17327 17328 17329 17350 17351 17376 17377 17378 
building 6 16914 16915 16985 16986 16987 17026 
political 3 17150 17151 17152 
customisation 2 17177 17349 
indian 3 16896 17358 17359 
past 3 17276 17277 17278 
database 1 17280 
environmental 6 16951 16952 17115 17116 17245 17246 
identification 3 17198 17199 17200 
implementation 6 17433 17434 17435 17436 17437 17438 
responsive 2 16988 16989 
inter-firm 1 17182 
alliances 12 16888 16889 16890 16891 17005 17006 17007 17008 17231 17232 17290 17291 
competitive 2 17305 17306 
innovations 6 17157 17158 17212 17365 17366 17367 
sponsored 2 17077 17078 
spread 3 17395 17396 17397 
changes 1 17143 
discussion 1 17105 
visualisations 4 17187 17188 17189 17190 
corning 1 17127 
customer 5 17067 17068 17069 17132 17133 
countries 8 16913 16923 16924 16967 16968 17237 17238 17307 
production 8 16913 16992 16993 17099 17100 17101 17268 17269 
practices 2 17060 17061 
feedback 4 17281 17282 17283 17284 
drink 4 16901 16902 16903 16904 
convergence 2 17358 17359 
supplier 2 17028 17029 
intermediate 3 17112 17113 17114 
coordinating 2 17313 17314 
variables 2 17002 17003 
structures 4 16975 16976 16977 16978 
models 12 17024 17025 17065 17083 17084 17135 17276 17277 17278 17376 17377 17378 
gkn 2 17058 17059 
roles 2 17180 17181 
los 1 17182 
innovativeness 6 17067 17068 17069 17106 17107 17108 
moderating 3 17067 17068 17069 
chronic 2 17261 17262 
platforms 2 16876 16877 
difficult 1 17319 
usa 4 17108 17373 17121 17182 
methodologies 1 17319 
life 6 16959 17395 17396 17397 17403 17404 
kingdom 1 17162 
sigma 1 17125 
autonomous 2 17053 17054 
diffusion 10 16962 16963 17180 17181 17204 17205 17263 17327 17328 17329 
sectoral 1 17297 
seed 7 16864 16865 16866 16867 16868 17358 17359 
resource-based 2 16927 16928 
learning 35 16882 16883 16969 16970 16971 17028 17029 17038 17039 17053 17054 17058 17059 17122 17123 17124 17147 17148 17149 17222 17237 17238 17247 17248 17253 17254 17307 17321 17322 17323 17370 17371 17372 17391 17392 
emergence 3 17260 17324 17325 
medium 3 17083 17084 17126 
practice 1 17394 
south 1 16979 
world 4 17005 17006 17007 17008 
combinative 2 17237 17238 
ipo 4 17281 17282 17283 17284 
com 3 16999 17000 17001 
turbine 2 17024 17025 
orchestrating 4 17187 17188 17189 17190 
organisations 4 17096 17097 17103 17104 
science 9 16907 16908 16909 16914 16915 16979 17395 17396 17397 
decades 3 17276 17277 17278 
exploiting 3 17062 17063 17064 
incubation 3 17083 17084 17126 
considering 2 17381 17382 
care 1 17135 
germany 1 17121 
brokering 1 17082 
china 16 17040 17041 17042 17043 17044 17074 17075 17076 17233 17234 17235 17236 17237 17238 17256 17297 
control 2 17053 17054 
electric 2 17045 17046 
conceptualisation 3 17276 17277 17278 
low-budget 2 17285 17286 
economy 10 16972 16973 16974 16988 16989 17153 17257 17258 17398 17399 
tourism 3 16897 16898 16899 
leaders 3 17012 17013 17014 
pub 2 17247 17248 
cost 3 17400 17401 17402 
economic 13 17083 17084 17159 17160 17161 17257 17258 17270 17271 17272 17273 17274 17275 
failure 4 17247 17248 17368 17369 
data-driven 4 17187 17188 17189 17190 
case 34 16923 16924 16927 16928 17066 17115 17116 17162 17177 17349 17187 17188 17189 17190 17204 17205 17223 17237 17238 17257 17258 17279 17285 17286 17301 17302 17361 17362 17368 17369 17398 17399 17409 17410 
innovative 2 17060 17061 
workspace 1 17279 
managerial 1 17287 
setting 1 17279 
computer-supported 1 17175 
performance 25 16901 16902 16903 16904 16954 16955 17089 17090 17103 17104 17106 17107 17108 17183 17184 17206 17207 17213 17214 17215 17287 17326 17343 17344 17345 
exploratory 4 17303 17304 17350 17351 
unusual 4 16888 16889 16890 16891 
accidental 1 17082 
specialised 3 17395 17396 17397 
formation 5 16887 17270 17271 17272 17273 
profile 1 17405 
community 4 16949 16950 17038 17039 
adapting 2 16914 16915 
korean 3 17321 17322 17323 
entrepreneur 3 16999 17000 17001 
myth 1 16948 
seven 1 17128 
effect 9 17067 17068 17069 17159 17160 17161 17327 17328 17329 
genetic 5 16864 16865 16866 16867 16868 
regional 2 17266 17267 
changing 2 16980 16981 
smes 13 16871 16872 16873 16874 16875 16972 16973 16974 17040 17041 17042 17043 17044 
core 5 17240 17241 17242 17243 17244 
high 11 17066 17103 17104 17144 17145 17182 17206 17207 17406 17407 17408 
universities 5 16992 16993 17077 17078 17263 
erp 3 17327 17328 17329 
electronics 1 17287 
people 5 16918 16919 17103 17104 17135 
privatisation 3 16920 16921 16922 
tree 1 17441 
humanities 1 16937 
focus 3 17400 17401 17402 
industry 36 16888 16889 16890 16891 16901 16902 16903 16904 16927 16928 16980 16981 17024 17025 17045 17046 17077 17078 17096 17097 17143 17162 17204 17205 17208 17209 17256 17266 17267 17287 17310 17311 17312 17376 17377 17378 
strategies 13 16871 16872 16873 16874 16875 16896 16901 16902 16903 16904 17105 17316 17317 
platform 2 17177 17349 
continuous 6 17086 17087 17088 17185 17186 17356 
goal 3 17383 17384 17385 
logical 6 17433 17434 17435 17436 17437 17438 
planning 6 16982 16983 17146 17212 17381 17382 
satisfaction 3 17327 17328 17329 
patenting 5 16967 16968 16992 16993 16997 
pharmaceutical 2 17208 17209 
culture 3 17157 17158 17223 
kakushin 1 17086 
workplaces 1 17279 
complexity 3 16985 16986 16987 
link 2 17103 17104 
excellence 1 17125 
telecommunications 4 17270 17271 17272 17273 
coopetition 10 16871 16872 16873 16874 16875 16949 16950 17106 17107 17108 
franchised 5 17032 17033 17034 17035 17036 
capacity 6 16914 16915 17144 17145 17268 17269 
end 2 17428 17429 
options 3 16969 16970 16971 
pvt 1 17066 
low-tech 1 17085 
robust 1 17441 
applying 1 17279 
characteristics 6 16972 16973 16974 16999 17000 17001 
dementia 1 17135 
return 3 17159 17160 17161 
variable-low 3 17406 17407 17408 
framework 15 16876 16877 16972 16973 16974 16985 16986 16987 17164 17165 17324 17325 17425 17426 17427 
process 8 17058 17059 17175 17381 17382 17383 17384 17385 
chain 14 16893 16894 16895 17198 17199 17200 17213 17214 17215 17240 17241 17242 17243 17244 
radio 3 17198 17199 17200 
valtech 2 17301 17302 
stores 5 17032 17033 17034 17035 17036 
improving 3 17406 17407 17408 
beliefs 3 17012 17013 17014 
patent 5 16992 16993 17280 17403 17404 
sources 2 17368 17369 
function 3 17099 17100 17101 
anchor 2 17266 17267 
automotive 2 16980 16981 
boundaries 5 17062 17063 17064 17305 17306 
survey 5 17012 17013 17014 17303 17304 
visitors 3 16897 16898 16899 
intellectual 7 17121 17154 17213 17214 17215 17358 17359 
decision-making 2 17155 17156 
cognitive 1 17320 
policy 9 16885 16886 16939 17140 17141 17146 17413 17414 17415 
town 1 16979 
exposure 2 17285 17286 
alignment 3 17079 17080 17081 
paper 1 17125 
attribute 1 17441 
experiencing 1 16938 
consortia 2 17368 17369 
recruitment 1 17085 
making 1 17162 
south-west 2 17096 17097 
acceptance 2 17157 17158 
eit 4 17187 17188 17189 17190 
students 1 17280 
funding 2 17002 17003 
tacit 1 17202 
century 1 17086 
dependence 3 17150 17151 17152 
regimes 3 16940 16941 17202 
technology-based 5 17157 17158 17370 17371 17372 
entrepreneurship 2 17341 17342 
group 2 17140 17141 
user 6 17062 17063 17064 17327 17328 17329 
fibre 1 17127 
total 1 17105 
using 10 16985 16986 16987 17065 17280 17303 17304 17383 17384 17385 
communities 3 17062 17063 17064 
intensity 3 17159 17160 17161 
missing 2 17103 17104 
free 2 17350 17351 
search 2 16949 16950 
e-commerce 5 16962 16963 17260 17341 17342 
gss-supported 3 17413 17414 17415 
dual-use 2 16885 16886 
partner 5 17032 17033 17034 17035 17036 
sustainability 5 16951 16952 17365 17366 17367 
limits 1 17105 
moving 1 17307 
democratic-anarchic 2 17350 17351 
companies 8 17038 17039 17183 17184 17281 17282 17283 17284 
molecular 6 16864 16865 16866 16867 16868 16953 
projects 7 17067 17068 17069 17089 17090 17132 17133 
cauldron 2 17257 17258 
vision-driven 2 16933 16934 
view 3 16927 16928 17182 
pioneered 1 17127 
discovery 2 17096 17097 
letters 3 16907 16908 16909 
acquisitions 4 16888 16889 16890 16891 
mechanisms 1 17162 
review 4 17105 17276 17277 17278 
assessing 3 17143 17164 17165 
exercises 3 17112 17113 17114 
programming 5 17383 17384 17385 17428 17429 
current 3 16907 16908 16909 
france 2 16885 16886 
italy 2 17002 17003 
relationships 8 16980 16981 17028 17029 17270 17271 17272 17273 
clustering 1 17182 
intensive 2 17316 17317 
eu 2 17324 17325 
needs 2 17087 17088 
firm 9 16972 16973 16974 17305 17306 17326 17343 17344 17345 
web 2 17115 17116 
volume 3 17406 17407 17408 
construct 3 17150 17151 17152 
configuration 2 17024 17025 
angeles 1 17182 
versus 2 16992 16993 
in-house 1 17127 
impossible 1 17263 
market-based 2 16951 16952 
long 1 17307 
bayesian 2 17261 17262 
future 7 16914 16915 17240 17241 17242 17243 17244 
competitiveness 11 17005 17006 17007 17008 17083 17084 17126 17233 17234 17235 17236 
technology-push 2 17180 17181 
taiwanese 3 17343 17344 17345 
financial 7 17010 17011 17106 17107 17108 17231 17232 
dc 2 17177 17349 
tenants 2 17266 17267 
german 3 17108 17373 17263 
dryadeparent 1 17441 
detection 2 17439 17440 
synergies 3 17062 17063 17064 
unlearning 5 17040 17041 17042 17043 17044 
diversification 3 17395 17396 17397 
example 4 16962 16963 17301 17302 
meetings 2 17140 17141 
amp 22 16933 16934 16967 16968 17012 17013 17014 17089 17090 17127 17155 17156 17159 17160 17161 17206 17207 17337 17338 17339 17368 17369 
internet 4 17285 17286 17305 17306 
mobile 4 17204 17205 17368 17369 
does 1 17307 
safeguards 1 17175 
ict 4 17187 17188 17189 17190 
consensus 2 16949 16950 
understanding 4 16896 17327 17328 17329 
frequency 3 17198 17199 17200 
analytic 3 17383 17384 17385 
triz 1 17280 
area 2 17324 17325 
traveller 1 17065 
experience 8 16939 17045 17046 17083 17084 17112 17113 17114 
time-honoured 3 16907 16908 16909 
sample 2 17087 17088 
parallel 1 17177 
society 4 17026 17413 17414 17415 
communication 2 17115 17116 
prediction 1 17065 
game 2 16927 16928 
university-industry 2 17089 17090 
service-focused 2 17132 17133 
dimension 2 17163 17320 
systemic 3 17365 17366 17367 
mission 1 17263 
propositional 2 17434 17436 
approach 17 16871 16872 16873 16874 16875 16982 16983 17053 17054 17155 17156 17297 17381 17382 17383 17384 17385 
ab 2 17253 17254 
growth 12 17219 17220 17221 17270 17271 17272 17273 17341 17342 17370 17371 17372 
sustainable 4 16975 16976 16977 16978 
academies 2 16914 16915 
french 5 17087 17088 17112 17113 17114 
operation 2 16954 16955 
anglo-french 1 17085 
buyer 1 16896 
creating 4 17089 17090 17103 17104 
structure 2 16913 17153 
services 2 16896 17135 
commitment 3 17074 17075 17076 
predictive 1 17065 
daedeok 1 16979 
reality 1 16948 
pursuit 1 17125 
destination 3 16897 16898 16899 
enabling 3 17092 17093 17094 
traffic 1 17065 
delivery 1 16959 
fastest 3 17310 17311 17312 
envelopment 1 17287 
region 3 17182 17303 17304 
expert 1 17405 
creation 8 16897 16898 16899 17028 17029 17092 17093 17094 
experiences 2 17140 17141 
development 35 16893 16894 16895 16990 16991 17067 17068 17069 17083 17084 17175 17177 17185 17186 17256 17257 17258 17274 17275 17297 17313 17314 17337 17338 17339 17361 17362 17368 17369 17400 17401 17402 17406 17407 17408 
dominated 4 17281 17282 17283 17284 
influence 9 16999 17000 17001 17150 17151 17152 17219 17220 17221 
capitalists 3 17395 17396 17397 
algorithm 1 17441 
appropriation 1 17202 
closed 1 17441 
radical 1 17143 
shaping 2 16949 16950 
spatial 2 17245 17246 
organisation 5 17163 17400 17401 17402 17405 
cultivator 5 16864 16865 16866 16867 16868 
product 24 16876 16877 16990 16991 17067 17068 17069 17175 17177 17349 17185 17186 17206 17207 17313 17314 17337 17338 17339 17361 17362 17406 17407 17408 
wikipedia 2 17350 17351 
healthy 1 17279 
design 9 16959 17087 17088 17279 17319 17361 17362 17381 17382 
technology 49 16918 16919 16920 16921 16922 16933 16934 16938 16939 16962 16963 16988 16989 17024 17025 17066 17105 17121 17144 17145 17146 17150 17151 17152 17153 17182 17206 17207 17231 17232 17253 17254 17274 17275 17316 17317 17321 17322 17323 17391 17392 17394 17398 17399 17409 17410 17413 17414 17415 
perspectives 2 17231 17232 
study 28 16923 16924 16985 16986 16987 17024 17025 17040 17041 17042 17043 17044 17066 17085 17204 17205 17231 17232 17253 17254 17274 17275 17279 17337 17338 17339 17361 17362 
studies 3 17105 17257 17258 
chinese 4 17024 17025 17206 17207 
dilemmas 3 17062 17063 17064 
directions 5 17240 17241 17242 17243 17244 
barriers 1 17263 
technologically 1 17135 
level 3 17112 17113 17114 
age 5 17219 17220 17221 17301 17302 
value 9 16887 16897 16898 16899 17103 17104 17213 17214 17215 
developing 13 16913 16923 16924 16962 16963 17032 17033 17034 17035 17036 17143 17237 17238 
competence 2 17038 17039 
protection 3 17121 17204 17205 
challenges 5 16990 16991 17310 17311 17312 
comparison 4 16962 16963 17108 17373 
academy 4 16907 16908 16909 16937 
encyclopedia 2 17350 17351 
tncs 2 17253 17254 
emerging 8 16967 16968 16972 16973 16974 17310 17311 17312 
spectrum-based 3 17425 17426 17427 
mining 1 17441 
concept 1 17212 
ethics 1 16948 
way 2 16954 16955 
theory 6 17257 17258 17327 17328 17329 17394 
improve 3 16893 16894 16895 
cyber 2 17247 17248 
affect 3 16969 16970 16971 
stage 2 17099 17386 
network 17 16972 16973 16974 16975 16976 16977 16978 17106 17107 17108 17187 17188 17189 17190 17260 17290 17291 
risk 3 17395 17396 17397 
real 3 16969 16970 16971 
japan 1 17121 
poverty 2 16951 16952 
partners 2 17164 17165 
induced 2 17053 17054 
cooperation 2 17303 17304 
application 4 17164 17165 17287 17326 
standard 3 16964 16965 16966 
growing 2 17398 17399 
interorganisational 3 16964 16965 16966 
human 4 17144 17145 17183 17184 
israeli 2 17108 17373 
local 4 17253 17254 17358 17359 
breweries 1 17223 
nanotechnology 2 17096 17097 
sme 1 17066 
divergence 2 17358 17359 
interfirm 2 17303 17304 
collaborative 10 16964 16965 16966 16982 16983 17089 17090 17365 17366 17367 
arts 2 17157 17158 
metropolitan 3 17182 17303 17304 
dyadic 2 17028 17029 
optimal 7 17053 17054 17383 17384 17385 17434 17436 
alleviation 2 16951 16952 
dot 3 16999 17000 17001 
financing 1 17394 
finmeccanica 1 16938 
decomposition 1 16959 
nature 2 17350 17351 
industrialising 1 17307 
brain 1 16979 
opportunities 3 17310 17311 17312 
tertius 5 16871 16872 16873 16874 16875 
innovation-based 3 17321 17322 17323 
multinational 2 16967 16968 
international 9 16985 16986 16987 17028 17029 17313 17314 17316 17317 
constraints 1 16959 
impacts 3 17213 17214 17215 
upgrading 2 17253 17254 
pure 3 16999 17000 17001 
leading 2 17177 17349 
toad 2 17428 17429 
conflict 3 17074 17075 17076 
shrm 2 16927 16928 
participatory 4 17279 17413 17414 17415 
ways 3 16969 16970 16971 
data 11 17287 17303 17304 17433 17434 17435 17436 17437 17438 17439 17440 
vs 1 17085 
critical 4 17163 17327 17328 17329 
signature-based 2 17439 17440 
dynamics 2 17398 17399 
motor 3 17177 17349 17256 
direct 1 17121 
territorial 1 17320 
matrix 1 16938 
competencies 6 17127 17240 17241 17242 17243 17244 
factor 1 17105 
selection 4 17085 17383 17384 17385 
adaptation 2 17361 17362 
relationship 13 16943 16944 16945 17028 17029 17032 17033 17034 17035 17036 17106 17107 17108 
field 1 17260 
enterprises 2 16923 16924 
operative 3 16969 16970 16971 
host-country 2 16967 16968 
norwegian 3 16907 16908 16909 
high-tech 12 16923 16924 17038 17039 17085 17281 17282 17283 17284 17343 17344 17345 
invited 1 17125 
infrastructure 4 17270 17271 17272 17273 
essence 1 16948 
knowledge-era 1 17163 
pushing 2 17409 17410 
selecting 2 16923 16924 
exploration 6 17079 17080 17081 17406 17407 17408 
takes 2 16954 16955 
corporations 2 16967 16968 
metrics 1 17320 
benchmarking 2 17099 17386 
supposedly 2 17350 17351 
st 1 17086 
networks 12 16940 16941 16956 16957 16958 17024 17025 17324 17325 17425 17426 17427 
index 3 16893 16894 16895 
dualities 1 17163 
mexico 3 16962 16963 17223 
establishments 2 17060 17061 
providing 1 17065 
japanese 3 17150 17151 17152 
logic 2 17301 17302 
size 3 17219 17220 17221 
carmaker 2 17361 17362 
openness 6 16972 16973 16974 17376 17377 17378 
assets 6 17292 17293 17294 17343 17344 17345 
transitions 3 17177 17439 17440 
efforts 1 17182 
comparative 2 17024 17025 
auctioning 2 17010 17011 
reforms 1 16913 
revival 3 16907 16908 16909 
foreign 5 16997 17253 17254 17256 17297 
empirical 22 17002 17003 17040 17041 17042 17043 17044 17122 17123 17124 17147 17148 17149 17154 17206 17207 17321 17322 17323 17343 17344 17345 
model 12 16893 16894 16895 17092 17093 17094 17155 17156 17341 17342 17350 17351 
engineering 4 17060 17061 17087 17088 
brics 2 17164 17165 
post-acquisition 2 17038 17039 
competing 2 17257 17258 
complete 2 17361 17362 
supply 11 16893 16894 16895 17198 17199 17200 17240 17241 17242 17243 17244 
modes 2 17115 17116 
implement 1 17319 
sydney 2 17096 17097 
institution 3 16907 16908 16909 
mabuchi 2 17177 17349 
shareholder 2 17231 17232 
principles 1 17279 
kibs 3 16943 16944 16945 
agricultural 2 17237 17238 
suppliers 2 17253 17254 
school 2 17087 17088 
supporting 3 17125 17257 17258 
service 2 17368 17369 
agglomeration 1 17320 
operations 8 16918 16919 17079 17080 17081 17406 17407 17408 
success 11 16999 17000 17001 17067 17068 17069 17285 17286 17337 17338 17339 
cycles 3 17159 17160 17161 
numeric 2 17439 17440 
test 2 17341 17342 
bases 2 17434 17436 
technical 2 16923 16924 
maintaining 2 17132 17133 
city 1 16979 
open 18 16901 16902 16903 16904 16972 16973 16974 17092 17093 17094 17154 17245 17246 17321 17322 17323 17350 17351 
grouping 1 16959 
sales 3 17159 17160 17161 
expectations 3 16920 16921 16922 
vehicles 2 17237 17238 
compression 2 17434 17436 
wind 2 17024 17025 
information 20 16956 16957 16958 16972 16973 16974 17026 17065 17115 17116 17180 17181 17245 17246 17274 17275 17281 17282 17283 17284 
national 9 16893 16894 16895 17105 17112 17113 17114 17398 17399 
rewards 2 17077 17078 
interaction 2 17206 17207 
incentives 2 17010 17011 
strategic 21 16893 16894 16895 16949 16950 17005 17006 17007 17008 17108 17373 17146 17198 17199 17200 17208 17209 17231 17232 17290 17291 
canadian 2 17060 17061 
organising 1 17082 
reaction 2 17231 17232 
assisted 1 17135 
examination 5 17198 17199 17200 17350 17351 
collaboration 7 16953 17164 17165 17182 17337 17338 17339 
america 2 17253 17254 
long-term 2 17132 17133 
inter-departmental 3 17337 17338 17339 
updating 2 17087 17088 
effective 3 17162 17403 17404 
identity 2 16949 16950 
portfolios 3 17395 17396 17397 
india 6 16962 16963 16980 16981 17398 17399 
rethinking 2 17083 17084 
aging 2 17261 17262 
united 1 17162 
pyramid 2 16951 16952 
online-retailing 2 17285 17286 
unveiling 2 17324 17325 
access 2 17245 17246 
research 25 16927 16928 17002 17003 17077 17078 17099 17386 17122 17123 17124 17182 17240 17241 17242 17243 17244 17245 17246 17297 17324 17325 17400 17401 17402 
integrated 3 17383 17384 17385 
need-pull 2 17180 17181 
industrial 8 16956 16957 16958 17002 17003 17087 17088 17279 
proprietary 3 17343 17344 17345 
relational 3 17074 17075 17076 
based 3 17083 17084 17153 
confucian 1 16887 
outsiders 3 17092 17093 17094 
sector 3 17321 17322 17323 
users 2 17428 17429 
metropolis 1 17182 
solutions 3 16964 16965 16966 
functional 1 17212 
causality 2 17274 17275 
justification 3 16893 16894 16895 
impact 26 16887 16901 16902 16903 16904 16992 16993 17115 17116 17183 17184 17206 17207 17240 17241 17242 17243 17244 17245 17246 17327 17328 17329 17343 17344 17345 
tools 7 17083 17084 17257 17258 17383 17384 17385 
striving 1 17086 
integrative 2 17341 17342 
power 2 17045 17046 
reactive 2 16992 16993 
korea 7 16979 17083 17084 17126 17105 17274 17275 
systems 15 16864 16865 16866 16867 16868 16897 16898 16899 16982 16983 17140 17141 17222 17266 17267 
dynamism 2 16980 16981 
succeed 2 16954 16955 
collective 4 16949 16950 17099 17386 
global 8 17233 17234 17235 17236 17257 17258 17358 17359 
property 4 17121 17154 17358 17359 
modelling 6 17159 17160 17161 17365 17366 17367 
e-knowledge 1 17222 
labs 4 17187 17188 17189 17190 
programme 1 17405 
market 14 16920 16921 16922 17127 17212 17281 17282 17283 17284 17310 17311 17312 17409 17410 
environment 3 16943 16944 16945 
importance 2 17060 17061 
food 11 16864 16865 16866 16867 16868 16901 16902 16903 16904 17060 17061 
manufacturer 2 17177 17349 
influencing 2 17002 17003 
management 58 16897 16898 16899 16933 16934 16938 16949 16950 16964 16965 16966 16988 16989 17012 17013 17014 17024 17025 17032 17033 17034 17035 17036 17045 17046 17066 17074 17075 17076 17079 17080 17081 17122 17123 17124 17153 17163 17183 17184 17198 17199 17200 17208 17209 17219 17220 17221 17240 17241 17242 17243 17244 17301 17302 17320 17400 17401 17402 
west 5 16864 16865 16866 16867 16868 
efficient 1 17441 
longitudinal 3 17159 17160 17161 
behaviour 5 16896 16997 17108 17373 17223 
ecosystems 4 17187 17188 17189 17190 
recent 1 16913 
push 3 17092 17093 17094 
incubators 2 17083 17084 
biotechnology 8 16940 16941 16953 17099 17100 17101 17182 17202 
order 3 16964 16965 16966 
interactive 3 16943 16944 16945 
high-technology 3 17337 17338 17339 
africa 5 16864 16865 16866 16867 16868 
aerospace 7 16888 16889 16890 16891 17150 17151 17152 
proactive 2 16992 16993 
profit 3 17400 17401 17402 
strategy 9 16923 16924 17125 17177 17349 17245 17246 17305 17306 
disruptive 3 17150 17151 17152 
motors 2 17177 17349 
market-oriented 4 16913 17321 17322 17323 
latin 2 17253 17254 
mental 2 17155 17156 
applied 2 17155 17156 
industries 11 17083 17084 17126 17108 17373 17233 17234 17235 17236 17290 17291 
danish 3 17012 17013 17014 
context 6 17147 17148 17149 17321 17322 17323 
