<Keyword> <No of vertices> <vertex1> <vertex2> .... <vertexN> 
using 52 8009 8010 8039 8040 8041 8043 10451 10452 10453 10454 8051 10417 10418 8055 8057 12789 12790 12791 12792 12793 8058 9841 9842 8124 8125 8126 8130 8131 8132 8133 8191 8193 12593 9506 8195 8196 13240 13239 13241 8255 8383 11227 11108 11228 9585 8403 13608 8465 8466 8467 8468 8476 
geofem 4 9119 13580 13581 13582 
benefit 3 8052 8053 8054 
parallelising 1 8318 
higher 1 8482 
desktop 3 8457 8458 8459 
awareness 4 8042 8043 8044 8045 
coded 4 8465 8466 8467 8468 
managing 5 8074 8925 8194 8195 8196 
ga 4 8465 8466 8467 8468 
energy-saving 3 8387 8388 8389 
anisotropic 3 9117 10210 10211 
materials 1 8255 
protein 9 9647 9654 9648 9649 9650 9651 9652 9653 9655 
adaptable 2 8064 9303 
contribution 3 8416 8417 8418 
propagation 3 8381 8382 8383 
systematic 6 12109 19226 19227 8416 8417 8418 
taxonomy 2 8404 8405 
generation 6 8064 12109 8144 8145 8146 8395 
objects 3 8058 9841 9842 
paging 2 8193 9506 
intelligence 4 8347 8416 8417 8418 
elasticity 5 8474 8561 8562 8563 8564 
monitoring 3 8280 8281 8282 
wave-turbulent 1 8415 
courier 3 8043 10731 10732 
optimization 4 8360 8361 8403 13608 
delaunay 3 8058 9841 9842 
image 10 8090 8091 8092 8093 8094 8095 8465 8466 8467 8468 
number 2 8064 12109 
gis 2 8145 11170 
transmission 3 8055 8056 8057 
latency-sensitive 2 8111 11823 
project 1 8395 
provenance 8 8042 8043 8044 8045 10451 10452 10453 10454 
automata 5 8064 12109 8260 8261 8262 
quality 3 8055 10080 10081 
fem 4 9119 13580 13581 13582 
steering 4 8175 8176 8177 8178 
artificial 1 8347 
reconfiguration 4 8226 9195 9196 9197 
big 1 8210 
data-a 3 12109 19226 19227 
discovery 6 12109 19226 19227 9585 9583 9584 
review 4 8416 8417 8418 8494 
dynamic 15 8124 8125 8126 9195 9423 9424 8300 8383 11227 11108 11228 9585 8454 12692 12693 
assessing 5 8471 8472 8473 8474 8475 
knowledge 5 10863 18827 19215 19216 19217 
optimum 1 8482 
knowledge-based 1 8347 
comparing 3 8318 8319 8320 
recursively 2 8374 8375 
net 2 8142 8143 
commerce 4 8069 8070 8071 8072 
execution 4 8064 9303 8402 8403 
programming 6 8318 8319 8320 12246 8383 13253 
object-oriented 15 8052 8053 8054 10863 18827 19215 19216 19217 18828 18829 19239 19240 8192 8193 8639 
feasibility 3 8191 8193 12593 
mediated 5 8471 8472 8473 8474 8475 
map 3 8437 8441 10193 
current 1 8395 
foundation 5 18827 18828 18829 19239 19240 
clustering 2 8402 8403 
clouds 5 8383 11227 11108 11228 9585 
classes 4 8356 8357 8358 8359 
workload 10 8058 10856 10857 10858 10859 10860 10861 10862 10863 10864 
keyboard 1 8421 
taiwan 3 15470 15922 15923 
udp 7 8055 8057 12789 12790 12791 12792 12793 
dissemination 5 8116 8117 8150 8151 8152 
checkpoint 1 8482 
web 5 8074 8925 9266 9267 9268 
electronic 13 8069 8070 8071 8072 8336 8337 8338 8339 8340 8341 8342 8343 8352 
specifications 3 8191 8192 8193 
independent 1 8327 
new 16 8028 12435 12436 12437 12438 12439 8090 8091 8092 8093 8094 8095 8194 8196 15471 13240 
chemistry 8 8336 8337 8338 8339 8340 8341 8342 8343 
library 2 10123 12934 
base 5 10863 18827 19215 19216 19217 
kbms 5 10863 18827 19215 19216 19217 
lazy 2 8403 13608 
multiprocessor 4 8101 8105 10085 10086 
atmospheric 8 8336 8337 8338 8339 8340 8341 8342 8343 
grid-enabled 10 8058 10856 10857 10858 10859 10860 10861 10862 10863 10864 
zone 5 8248 8249 8250 8251 8252 
banks 4 8069 8070 8071 8072 
pseudorandom 2 8064 12109 
vlbigrid 3 8055 8056 8057 
methods 2 8360 8361 
equal-energy 3 8039 8040 8041 
computational 9 8060 8886 8887 8888 8175 8176 8177 8178 8321 
consumption 4 8357 8358 8359 13512 
tool 6 10248 11809 11810 11811 11812 8476 
versus 8 8028 12435 12436 12437 12438 12439 8489 8490 
driving 3 8317 11785 11786 
distributed 33 8111 12566 12567 8179 8180 8181 8201 8202 8203 8226 8227 8228 8229 8318 8319 8320 8352 8358 13143 9647 13144 13145 13146 13147 13148 9654 9648 9649 9650 9651 9652 9653 9655 
aware 2 8402 8403 
architecture 23 8188 8189 8190 8194 8196 15471 13240 8327 8336 8337 8338 8339 8340 8341 8342 8343 8404 8405 8437 8438 8439 8440 8441 
surgery 1 8515 
boundary 1 8415 
exploring 5 8383 11227 11108 11228 9585 
transporting 7 8055 8057 12789 12790 12791 12792 12793 
software 9 8028 12435 12436 12437 12438 12439 8381 8382 8383 
medical 3 12109 19226 19227 
pessimistic 2 8180 8181 
component 4 8124 8125 8126 8476 
bayesian 5 8195 8196 13240 13239 13241 
broadcasting 2 8374 8375 
future 4 8317 11785 11786 8395 
priority 3 9195 9423 9424 
processing 3 18827 19239 19240 
self-modifying 2 8064 9303 
perspective 12 8026 12589 12590 12591 12592 9647 9654 10123 10246 10247 10248 10249 
motion 3 8437 8441 10193 
ant 2 8403 13608 
compositions 1 12246 
r-based 5 10248 11809 11810 11811 11812 
processes 5 8474 8561 8562 8563 8564 
financial 1 8318 
claims 3 12109 19226 19227 
sabotage-tolerance 3 8457 8458 8459 
automatic 1 8476 
protocols 8 11945 11944 11946 8471 8472 8473 8474 8475 
environments 12 8036 8130 8131 8132 8133 9654 10123 10248 11809 11810 11811 11812 
equations 2 8360 8361 
code 2 8116 8117 
ontology 5 8195 8196 13240 13239 13241 
forces 3 8317 11785 11786 
ct 1 8515 
lossy 3 8280 8281 8282 
detection 4 8042 8043 8044 8045 
multiprocessors 2 8034 8035 
general-purpose 3 8191 8193 12593 
factors 3 15470 15922 15923 
three-dimensional 3 8058 9841 9842 
linking 4 8069 8070 8071 8072 
preconditioning 7 8150 9116 9117 9118 9119 10210 10211 
delivering 3 8387 8388 8389 
behavioral 1 8421 
active 14 8042 8043 10147 10148 10863 18827 19215 19216 19217 8248 8249 8250 8251 8252 
queries 3 8376 8377 8378 
lightweight 2 8193 9506 
fast 8 8150 8151 8152 8160 8161 8162 8489 8490 
mobile 11 8064 8065 8066 8195 8196 13240 13239 13241 8377 13507 12246 
hope 2 8180 8181 
heterogeneous 6 8188 8189 8190 8352 11108 11107 
governance 3 15470 15922 15923 
update 2 8190 19008 
simulate 1 8515 
sensed 10 8058 10856 10857 10858 10859 10860 10861 10862 10863 10864 
neurocomputing 1 8394 
existing 6 8028 12435 12436 12437 12438 12439 
analysis 16 8039 8040 8041 8042 8043 8044 8045 8191 8192 8193 8346 10248 11809 11810 11811 11812 
simulation 23 8026 12589 12590 12591 12592 8029 8030 8031 8032 8033 8111 12566 12567 8163 8164 8165 8381 8382 8383 8415 8502 8503 8504 
typed 2 8489 8490 
business 11 8387 8388 8389 8416 8417 8418 8474 8561 8562 8563 8564 
dual-band 3 9195 9423 9424 
enhance 2 8372 8373 
wireless 2 8116 8117 
integration 9 8188 8189 8190 8194 8196 15471 13240 15469 15470 
grammars 2 8489 8490 
inter-cloud 2 11108 11107 
mail 1 8352 
parallel 52 8025 8026 8027 8028 12435 12436 12437 12438 12439 8029 8030 8031 8032 8033 8036 10863 18827 19215 19216 19217 8150 9116 9117 9118 9119 13580 13581 13582 8163 8164 8165 8191 8192 8193 12593 8639 13260 8255 8260 8261 8262 8318 8319 8320 8327 8381 8382 8383 8498 8499 8500 8501 
constant 2 8055 9072 
linear-time 2 8145 11170 
practitioners 3 15470 15922 15923 
uniform 3 8437 8441 10193 
communication 13 8111 8112 8113 8114 8115 8180 14099 14100 8460 8461 8462 8463 8464 
vlbi 7 8055 8057 12789 12790 12791 12792 12793 
layer 1 8415 
injection 3 8046 8047 8048 
laboratory 8 8336 8337 8338 8339 8340 8341 8342 8343 
prediction 2 8193 9506 
game 2 8009 8010 
compilation 2 8489 8490 
kdd 4 8485 8486 8487 8488 
memory 10 8099 8100 8101 8102 8103 8104 8105 8318 8319 8320 
message 2 8180 8181 
color 2 8372 8373 
multi-dimensional 3 8043 10731 10732 
e-science 6 8312 8313 8314 8315 8316 8317 
approach 26 12109 19226 19227 11945 11944 11946 8163 8164 8165 8358 13143 9647 13144 13145 13146 13147 13148 9654 8403 13608 8421 8474 8561 8562 8563 8564 
numerical 1 8415 
java 3 8230 8231 8232 
passport 3 8064 8065 8066 
consolidated 3 8043 10731 10732 
context-cloudlets 1 12246 
trade-offs 3 8039 8040 8041 
automobile 1 8127 
implementations 4 8130 8131 8132 8133 
neural 4 8465 8466 8467 8468 
adamas 2 8372 8373 
sensor 5 8049 8050 8051 8116 8117 
haste 3 8163 8164 8165 
osam 5 10863 18827 19215 19216 19217 
visualization 4 8175 8176 8177 8178 
improved 2 8403 13608 
transforming 3 8180 14099 14100 
replication 1 8300 
social 3 8180 14099 14100 
oriented 3 8309 8310 8311 
interweaving 2 8372 8373 
guarantees 3 8043 10731 10732 
datamininggrid 7 9647 9654 10123 10246 10247 10248 10249 
simulations 14 8150 9116 9117 9118 9119 9647 9654 9648 9649 9650 9651 9652 9653 9655 
federated 2 10123 12934 
regime 3 8454 12692 12693 
programs 1 8476 
gene 9 8358 13143 9647 13144 13145 13146 13147 13148 9654 
transfer 2 8055 9072 
services 10 8074 8925 9266 9267 9268 10123 12934 8387 8388 8389 
structure 5 8191 8192 8193 8489 8490 
fixed-length 6 8090 8091 8092 8093 8094 8095 
support 3 8193 13260 8494 
calculations 1 8255 
biconnected 3 8124 8125 8126 
searching 5 8043 10451 10452 10453 10454 
adaptive 3 8111 12566 12567 
atrex 1 8127 
channels 5 8029 8030 8031 8032 8033 
depression 5 8195 8196 13240 13239 13241 
traffic 3 8502 8503 8504 
enabling 7 8175 8176 8177 8178 9585 9583 9584 
skampi 1 8476 
colony 2 8403 13608 
auto 2 8403 13608 
pseudospectra 3 8201 8202 8203 
folding 9 9647 9654 9648 9649 9650 9651 9652 9653 9655 
querying 2 8190 19008 
virtual 13 8073 8074 8921 8922 8923 8924 8925 8926 8927 8928 8318 8319 8320 
region 6 8090 8091 8092 8093 8094 8095 
expert 2 8127 8346 
different 4 8130 8131 8132 8133 
repositories 12 9647 9654 9648 9649 9650 9651 9652 9653 9655 8376 8377 8378 
interval 1 8482 
ontologies 2 8451 17685 
real-life 4 8356 8357 8358 8359 
descriptor 6 8090 8091 8092 8093 8094 8095 
vehicle 5 8026 12589 12590 12591 12592 
mapper 9 8358 13143 9647 13144 13145 13146 13147 13148 9654 
predictability 4 8226 8227 8228 8229 
aspects 7 8025 8026 8027 8028 8387 8388 8389 
constraint 3 8150 8151 8152 
road 3 8502 8503 8504 
algorithm 17 8009 8010 8145 11170 9195 9423 9424 8327 8383 11227 11108 11228 9585 8465 8466 8467 8468 
mapreduce 4 8130 8131 8132 8133 
biometric 3 8160 8161 8162 
podos 3 8309 8310 8311 
multi-resolution 5 8437 8438 8439 8440 8441 
allowing 4 8508 8509 8510 8511 
construction 5 8260 8261 8262 8451 17685 
files 3 8194 8195 8196 
restart 1 8482 
organisation 1 8494 
supercomputing 5 8111 8112 8113 8114 8115 
machines 5 8192 8193 8639 8489 8490 
unified 2 8404 8405 
gigabit 8 8055 10080 10081 8111 8112 8113 8114 8115 
classification 4 8465 8466 8467 8468 
captcha 2 8372 8373 
method 9 8090 8091 8092 8093 8094 8095 8111 12566 12567 
porting 6 8028 12435 12436 12437 12438 12439 
earth 8 8150 9116 9117 9118 9119 13580 13581 13582 
matchmaking 5 8387 8388 8389 8469 8470 
design 21 8163 8164 8165 8201 8202 8203 8309 8310 8311 8327 8336 8337 8338 8339 8340 8341 8342 8343 8416 8417 8418 
manufacturing 5 8026 12589 12590 12591 12592 
technology 4 8317 11785 11786 8347 
scalability 4 8025 8026 8027 8028 
selective 2 8180 8181 
recognition 5 8437 8438 8439 8440 8441 
integrity 4 8060 8886 8887 8888 
ecosystem 1 8210 
community-aware 5 8383 11227 11108 11228 9585 
study 14 8055 9072 8180 14099 14100 8300 8336 8337 8338 8339 8340 8341 8342 8343 
computing 42 8026 8028 12589 12590 12591 12592 12435 12436 12437 12438 12439 8074 8925 8128 8129 8196 15471 15469 15470 8201 8202 8203 8255 8358 13143 9647 13144 13145 13146 13147 13148 9654 10123 8377 13507 12246 8454 12692 12693 8457 8458 8459 
bus-based 2 8034 8035 
geocomputation 3 8058 8059 8060 
directions 3 8317 11785 11786 
buffer 7 8099 8100 8101 8102 8103 8104 8105 
versatile 3 8046 8047 8048 
time-recordable 5 8460 8461 8462 8463 8464 
age 3 8180 14099 14100 
developing 7 8028 12435 12436 12437 12438 12439 8476 
investigation 2 8454 8455 
sla 2 8073 8074 
applications 22 8074 8925 8111 11823 8226 9195 9196 9197 8356 8357 8358 8359 13512 9647 9654 10123 10246 10247 10248 10249 8413 8414 
parallelism 1 8321 
protection 6 8090 8091 8092 8093 8094 8095 
joint 3 8051 10417 10418 
maxillo-facial 1 8515 
frameworks 2 8404 8405 
efficiently 5 8043 10451 10452 10453 10454 
embedded 4 8508 8509 8510 8511 
corba 4 8194 8196 15471 13240 
emerging 1 8347 
issues 5 8449 8450 8451 8452 8453 
body-sensor 3 8280 8281 8282 
bridge 2 11108 11107 
hybrid 5 8180 8181 8260 8261 8262 
proteins 3 8454 12692 12693 
mining 14 9647 9654 9648 9649 9650 9651 9652 9653 9655 10123 10246 10247 10248 10249 
scale 7 8150 9116 9117 9118 9119 8180 8181 
community-driven 6 8312 8313 8314 8315 8316 8317 
remotely 10 8058 10856 10857 10858 10859 10860 10861 10862 10863 10864 
sensor-cloudlets 1 12246 
runtime 4 8356 8357 8358 8359 
theory 3 8009 8010 8327 
security 12 8248 8249 8250 8251 8252 8372 8373 8437 8438 8439 8440 8441 
improve 5 8043 10451 10452 10453 10454 
resolution 3 8055 8056 8057 
requirements 3 8387 8388 8389 
network 15 8074 13632 8111 11823 8195 8196 13240 13239 13241 8374 8375 8465 8466 8467 8468 
bit-rate 2 8055 9072 
autonomic 5 8474 8561 8562 8563 8564 
real 8 8357 8358 8359 13512 8465 8466 8467 8468 
ethernet 8 8055 10080 10081 8111 8112 8113 8114 8115 
rate 3 8055 8056 8057 
scalable 8 8312 8313 8314 8315 8316 8317 8374 8375 
cooperation 5 8248 8249 8250 8251 8252 
grid 27 8074 13632 8188 8189 8190 9654 10123 10248 11809 11810 11811 11812 8383 9585 13253 9583 9584 8387 8388 8389 8469 8470 8403 13608 8457 8458 8459 
various 4 8356 8357 8358 8359 
quantitative 10 8058 10856 10857 10858 10859 10860 10861 10862 10863 10864 
workloads 2 8193 9506 
healthcare 3 8280 8281 8282 
abstract 2 8489 8490 
application 24 8055 8057 12789 12790 12791 12792 12793 8090 8091 8092 8093 8094 8095 8130 8131 8132 8133 8160 8161 8162 8163 8164 8165 8494 
building 4 8196 15471 15469 15470 
troubleshooting 1 8127 
task 12 8058 10856 10857 10858 10859 10860 10861 10862 10863 10864 8402 8403 
resource 14 8073 8074 8921 8922 8923 8924 8925 8926 8927 8928 13632 9195 9423 9424 
synchronization 3 8051 10417 10418 
problem 2 8403 13608 
pc-clusters 4 8288 8289 8290 8291 
registration 4 8288 8289 8290 8291 
customers 4 8069 8070 8071 8072 
concepts 4 8485 8486 8487 8488 
triangulation 3 8058 9841 9842 
print 5 8437 8438 8439 8440 8441 
section 2 9654 10123 
multigrain 9 8358 13143 9647 13144 13145 13146 13147 13148 9654 
database 5 8190 19008 8317 11785 11786 
ip 2 8055 9072 
human 3 9117 10210 10211 
maneuvering 3 8049 8050 8051 
commodity 5 8111 8112 8113 8114 8115 
implementation 8 8191 8192 8193 8309 8310 8311 8374 8375 
scientific 7 10248 11809 11810 11811 11812 8402 8403 
local 6 8090 8091 8092 8093 8094 8095 
energy 3 8039 8040 8041 
smart 4 8052 8053 8054 8421 
ilu 3 9117 10210 10211 
technique 2 8374 8375 
summary 2 8128 8129 
professionals 3 8180 14099 14100 
mpi 1 8476 
qos 11 8043 10731 10732 9195 9423 9424 8387 8388 8389 8413 8414 
collaborative 6 8111 12566 12567 8194 8195 8196 
manage 5 8474 8561 8562 8563 8564 
self-structured 3 9585 9583 9584 
topologies 2 8374 8375 
bittorrent 2 8009 8010 
motherboards 3 8055 10080 10081 
matlab-based 3 8201 8202 8203 
merchants 4 8069 8070 8071 8072 
scheme 3 8124 8125 8126 
differential 2 8360 8361 
feature 8 8090 8091 8092 8093 8094 8095 8489 8490 
opportunities 3 8387 8388 8389 
brain 7 9117 10210 10211 8288 8289 8290 8291 
signature 1 8421 
template 6 8090 8091 8092 8093 8094 8095 
high-performance 6 8074 8925 8230 8231 8232 8476 
expanded 1 8210 
astronomy 3 8055 8056 8057 
hpc 11 8074 8925 8130 8131 8132 8133 8356 8357 8358 8359 13512 
upgrading 7 8099 8100 8101 8102 8103 8104 8105 
content 5 8376 8377 8378 8413 8414 
models 3 8318 8319 8320 
leading 3 8180 14099 14100 
new-generation 4 8498 8499 8500 8501 
cloud-based 8 8195 8196 13240 13239 13241 8280 8281 8282 
elastic 4 8288 8289 8290 8291 
workflow-and-platform 2 8402 8403 
low 8 8060 8886 8887 8888 8226 9195 9196 9197 
examples 6 8028 12435 12436 12437 12438 12439 
vlsi 2 8374 8375 
job-resource 5 8387 8388 8389 8469 8470 
complex 3 8058 9841 9842 
pop-c 2 8383 13253 
simple 3 8144 8145 8146 
data 54 8055 8056 8057 9072 12789 12790 12791 12792 12793 8058 10856 10857 10858 10859 10860 10861 10862 10863 10864 8188 8189 8190 8210 8280 8281 8282 8300 8312 8313 8314 8315 8316 8317 9647 9654 9648 9649 9650 9651 9652 9653 9655 10123 10246 10247 10248 10249 11809 11810 11811 11812 8376 8377 8378 
platforms 2 11108 11107 
vs 1 8327 
estimate 1 8482 
digital 5 8180 14099 14100 10123 12934 
scenarios 4 8130 8131 8132 8133 
modis 6 8133 13361 13362 13363 13364 11945 
fingerprint 6 8090 8091 8092 8093 8094 8095 
upstream 3 8150 8151 8152 
life 4 8357 8358 8359 13512 
wsi 3 8191 8193 12593 
geological 3 8058 9841 9842 
p-found 9 9647 9654 9648 9649 9650 9651 9652 9653 9655 
initiative 2 8128 8129 
diffusion 3 9117 10210 10211 
trust 3 8457 8458 8459 
semantic-based 3 8376 8377 8378 
dumps 1 8482 
learning 4 8508 8509 8510 8511 
intergroup 3 11945 11944 11946 
fault 3 8046 8047 8048 
selection 3 8049 8050 8051 
adaptation 1 8476 
positioning 5 8460 8461 8462 8463 8464 
biometrics 1 8421 
closed-form 3 8051 10417 10418 
assignment 3 9195 9423 9424 
hyperlog 2 8190 19008 
pattern 3 12109 19226 19227 
practice 5 8327 8485 8486 8487 8488 
modeling 13 8009 8010 8064 9303 8358 13143 9647 13144 13145 13146 13147 13148 9654 
mariane 4 8130 8131 8132 8133 
decentralized 5 8383 11227 11108 11228 9585 
intrusion 4 8042 8043 8044 8045 
grids 12 8300 8312 8313 8314 8315 8316 8317 8383 11227 11108 11228 9585 
replaceability 5 8471 8472 8473 8474 8475 
gridr 5 10248 11809 11810 11811 11812 
multiscale 9 8358 13143 9647 13144 13145 13146 13147 13148 9654 
ambient 4 8508 8509 8510 8511 
descriptions 3 8192 8193 8639 
science 10 8074 8925 8175 8176 8177 8178 8321 8416 8417 8418 
exploiting 1 8321 
practical 12 11945 11944 11946 8357 8358 8359 13512 8449 8450 8451 8452 8453 
care 10 8073 8074 8921 8922 8923 8924 8925 8926 8927 8928 
benchmarking 9 8130 8131 8132 8133 8387 8388 8389 8469 8470 
two-level 5 8387 8388 8389 8469 8470 
brokering 2 8074 13632 
crash 5 8026 12589 12590 12591 12592 
shared 3 8318 8319 8320 
cellular 2 8064 12109 
networks 26 8049 8050 8051 8116 8117 8150 8151 8152 8280 8281 8282 8358 13143 9647 13144 13145 13146 13147 13148 9654 8502 8503 8504 8512 8513 8514 
enabled 2 8073 8074 
control 5 8064 8065 8066 8403 13608 
normalized 2 8142 8143 
localization 3 8051 10417 10418 
association 5 18827 18828 18829 19239 19240 
xml 3 8376 8377 8378 
evolving 4 8465 8466 8467 8468 
physically 1 8515 
cost 4 8060 8886 8887 8888 
workflow 4 8142 8143 8402 8403 
topological-order 3 8124 8125 8126 
transitions 3 8437 8441 10193 
service-oriented 4 8226 9195 9196 9197 
irregular 3 8381 8382 8383 
case 8 8336 8337 8338 8339 8340 8341 8342 8343 
visa 3 8064 8065 8066 
natural 2 8506 8507 
fail-fci 3 8046 8047 8048 
posture 3 8437 8441 10193 
model 8 8144 8145 8146 8196 15471 15469 15470 8515 
estimation 5 8356 8357 8358 8359 13512 
australian 3 12109 19226 19227 
experimentations 4 8508 8509 8510 8511 
www 3 8194 8195 8196 
portability 1 8476 
multibiometrics 3 8160 8161 8162 
massively 1 8255 
optimistic 2 8180 8181 
sup 4 8101 8105 10085 10086 
paragon 3 8191 8192 8193 
toa 3 8051 10417 10418 
peer-to-peer 3 8150 8151 8152 
tracing 2 8193 9506 
performance 45 8026 12589 12590 12591 12592 8034 8035 8043 10451 10452 10453 10454 8055 10080 10081 8074 13632 8111 11823 9117 9119 10210 10211 13580 13581 13582 8160 8161 8162 8188 8189 8190 8193 9506 8300 8309 8310 8311 10123 12934 8476 8498 8499 8500 8501 
servers 11 8099 8100 8101 8102 8103 8104 8105 8356 8357 8358 8359 
real-time 8 8226 9195 9196 9197 8300 8437 8441 10193 
user-orientated 8 8336 8337 8338 8339 8340 8341 8342 8343 
interactions 6 8415 8471 8472 8473 8474 8475 
cloudrb 2 8074 8925 
defense 5 8074 8925 9266 9267 9268 
protocol 17 8055 8057 12789 12790 12791 12792 12793 8064 9303 8180 8181 8460 8461 8462 8463 8464 8476 
icot 2 8506 8507 
unicode 2 8372 8373 
community 14 8133 13361 13362 13363 13364 11945 8336 8337 8338 8339 8340 8341 8342 8343 
principles 4 8508 8509 8510 8511 
demonstration 4 8508 8509 8510 8511 
reference 4 8196 15471 15469 15470 
ddos 5 8074 8925 9266 9267 9268 
pcrlb-based 3 8049 8050 8051 
notebook 8 8336 8337 8338 8339 8340 8341 8342 8343 
tracking 3 8049 8050 8051 
supporting 11 8073 8074 8921 8922 8923 8924 8925 8926 8927 8928 12246 
genetic 4 8465 8466 8467 8468 
authentication 3 8280 8281 8282 
pipeline 6 8133 13361 13362 13363 13364 11945 
views 3 15470 15922 15923 
temporal 3 18827 19239 19240 
directed 5 8111 8112 8113 8114 8115 
smes 3 15470 15922 15923 
service 12 8099 8100 8101 8102 8103 8104 8105 8471 8472 8473 8474 8475 
usage 4 8356 8357 8358 8359 
subsystem 5 8111 8112 8113 8114 8115 
server 8 8055 10080 10081 10863 18827 19215 19216 19217 
core 3 15470 15922 15923 
high 12 8026 12589 12590 12591 12592 8055 8056 8057 9119 13580 13581 13582 
forensic 4 8042 8043 8044 8045 
plumes 1 8210 
indexing 3 8376 8377 8378 
diagnosis 10 8195 8196 13240 13239 13241 8449 8450 8451 8452 8453 
graph-based 2 8190 19008 
technical 1 8346 
grid-enabling 14 9647 9654 9648 9649 9650 9651 9652 9653 9655 10123 10246 10247 10248 10249 
nwf-net 2 8142 8143 
hierarchical 4 8101 8105 10085 10086 
unifying 4 8042 8043 8044 8045 
open 5 8029 8030 8031 8032 8033 
camp 6 8133 13361 13362 13363 13364 11945 
simulating 12 9117 10210 10211 8358 13143 9647 13144 13145 13146 13147 13148 9654 
stock 1 8346 
file 4 8150 8151 8152 8300 
strategies 6 8028 12435 12436 12437 12438 12439 
information 5 9585 9583 9584 8454 8455 
platform 8 8042 8043 10147 10148 8196 15471 15469 15470 
national 2 8128 8129 
random 6 8090 8091 8092 8093 8094 8095 
data-matching 3 8260 8261 8262 
flows 5 8029 8030 8031 8032 8033 
solid 8 8150 9116 9117 9118 9119 13580 13581 13582 
computation 6 8124 8125 8126 8160 8161 8162 
language 2 8506 8507 
rlrd 6 8090 8091 8092 8093 8094 8095 
stream 4 8226 8227 8228 8229 
coconut 1 8476 
complexity 4 8226 9195 9196 9197 
query 3 8188 8189 8190 
secure 9 8069 8070 8071 8072 8248 8249 8250 8251 8252 
block 4 8060 8886 8887 8888 
mapping 2 8454 8455 
retrieval 15 8058 10856 10857 10858 10859 10860 10861 10862 10863 10864 8376 8377 8378 8454 8455 
techniques 10 8034 8035 8150 9116 9117 9118 9119 10210 10211 8494 
oodb 4 8194 8196 15471 13240 
ciphers 4 8060 8886 8887 8888 
effective 3 15470 15922 15923 
computers 1 8036 
particle 3 8111 12566 12567 
optimized 2 8374 8375 
transport 5 8026 12589 12590 12591 12592 
unfolding 9 9647 9654 9648 9649 9650 9651 9652 9653 9655 
capacity 7 8099 8100 8101 8102 8103 8104 8105 
ubiquitous 1 12246 
polygons 2 8145 11170 
algebra 5 18827 18828 18829 19239 19240 
migration 3 8064 8065 8066 
networking 5 8026 12589 12590 12591 12592 
fifth 1 8395 
shared-memory 2 8193 13260 
mathematical 5 18827 18828 18829 19239 19240 
access 7 8133 13361 13362 13363 13364 11945 8300 
research 6 8395 8416 8417 8418 8506 8507 
framework 18 8042 8043 10147 10148 8073 8074 8921 8922 8923 8924 8925 8926 8927 8928 8196 15471 15469 15470 
bottom-up 2 8451 17685 
vehicular 5 8460 8461 8462 8463 8464 
point 5 8111 8112 8113 8114 8115 
cross-layer 5 8460 8461 8462 8463 8464 
databases 5 18827 18828 18829 19239 19240 
self-organizing 7 8508 8509 8510 8511 8512 8513 8514 
radio 3 8055 8056 8057 
cloud 28 8074 8925 9266 9267 9268 8111 11823 8210 8377 13507 12246 11108 11107 8387 8388 8389 8402 8403 8404 8405 8416 8417 8418 8474 8561 8562 8563 8564 
robotics 4 8508 8509 8510 8511 
multispectral 4 8465 8466 8467 8468 
tcp 2 8055 9072 
broker 10 8073 8074 8921 8922 8923 8924 8925 8926 8927 8928 
aerosol 10 8058 10856 10857 10858 10859 10860 10861 10862 10863 10864 
improving 8 8034 8035 8226 8227 8228 8229 10123 12934 
based 18 8064 8065 8066 12109 8074 13632 8124 8125 8126 8230 8231 8232 8248 8249 8250 8251 8252 8515 
cyber-physical 5 8460 8461 8462 8463 8464 
fine-grained 3 8188 8189 8190 
users 1 12246 
solutions 3 8387 8388 8389 
trapezoidation 2 8145 11170 
structural 3 8376 8377 8378 
context-aware 1 12246 
range-based 3 8049 8050 8051 
sources 3 8188 8189 8190 
scheduling 17 8073 8074 8921 8922 8923 8924 8925 8926 8927 8928 8383 11227 11108 11228 9585 8403 13608 
model-based 5 8449 8450 8451 8452 8453 
wk-recursive 2 8374 8375 
resource-impelled 3 8260 8261 8262 
survey 3 8377 13507 12246 
power 5 8356 8357 8358 8359 13512 
algorithms 7 8028 12435 12436 12437 12438 12439 8300 
reduction 4 8192 8193 8639 13260 
cards 7 8052 8053 8054 8055 10080 10081 8421 
metadata 5 8043 10451 10452 10453 10454 
systems 28 8043 10451 10452 10453 10454 8160 8161 8162 8179 8180 8181 8347 12246 8437 8438 8439 8440 8441 8460 8461 8462 8463 8464 8485 8486 8487 8488 8494 
work 3 8180 14099 14100 
status 1 8395 
checkpointing 2 8180 8181 
microcomputers 1 8394 
global 5 8150 9116 9117 9118 9119 
literature 3 8416 8417 8418 
data-intensive 4 8226 9195 9196 9197 
enterprise 4 8196 15471 15469 15470 
logging 2 8180 8181 
properties 2 8142 8143 
polling 3 8124 8125 8126 
market 1 8346 
environment 10 8074 8925 9266 9267 9268 8201 8202 8203 8402 8403 
importance 2 8454 8455 
hiding 1 8210 
representation 6 8090 8091 8092 8093 8094 8095 
wave 3 8381 8382 8383 
regulation 9 8358 13143 9647 13144 13145 13146 13147 13148 9654 
images 5 8288 8289 8290 8291 8515 
suite 1 8476 
neurons 1 8394 
file-sharing 2 8413 8414 
management 36 8058 10856 10857 10858 10859 10860 10861 10862 10863 10864 8073 8074 8921 8922 8923 8924 8925 8926 8927 8928 9195 9423 9424 8230 8231 8232 8248 8249 8250 8251 8252 8413 8414 8457 8458 8459 
media 3 8180 14099 14100 
efficient 16 8051 10417 10418 8116 8117 8193 13260 8260 8261 8262 8376 8377 8378 9585 9583 9584 
multigrid 4 8025 8026 8027 8028 
direction 1 8395 
agents 7 8064 8065 8066 8508 8509 8510 8511 
video-on-demand 7 8099 8100 8101 8102 8103 8104 8105 
object 4 8042 8043 10147 10148 
solution 3 8051 10417 10418 
bandwidth 3 8150 8151 8152 
evaluation 12 8160 8161 8162 8188 8189 8190 8498 8499 8500 8501 8506 8507 
first-principles 1 8255 
graph 4 8192 8193 8639 13260 
sharing 9 8194 8195 8196 8312 8313 8314 8315 8316 8317 
order 1 8482 
interactive 3 8437 8441 10193 
vlbi_udp 7 8055 8057 12789 12790 12791 12792 12793 
isolation 2 8111 11823 
parsing 2 8489 8490 
graphics 3 8144 8145 8146 
choking 2 8009 8010 
oasis 4 8042 8043 10147 10148 
columbus 1 8494 
lip 5 8437 8438 8439 8440 8441 
definition 2 8142 8143 
problem-solving 1 8036 
strategy 2 8074 13632 
linux 3 8309 8310 8311 
processors 4 8226 8227 8228 8229 
shock 1 8415 
genotype-phenotype 2 8454 8455 
localized 5 8150 9116 9117 9118 9119 
technologies 7 8052 8053 8054 8175 8176 8177 8178 
multi-agent 1 8494 
multimedia 3 8064 9303 8179 
safety 5 8026 12589 12590 12591 12592 
maps 3 8039 8040 8041 
target 3 8049 8050 8051 
architectural 10 9647 9654 10123 10246 10247 10248 10249 8387 8388 8389 
cluster 3 8309 8310 8311 
special 2 9654 10123 
controllable 2 8064 12109 
reconstruction 3 8058 9841 9842 
group 2 8360 8361 
user 1 8494 
lie 2 8360 8361 
browsing 2 8190 19008 
storage 10 8042 8043 10147 10148 10451 10452 10453 10454 10731 10732 
