<Keyword> <No of vertices> <vertex1> <vertex2> .... <vertexN> 
institutional 3 371 4353 4354 
edge-disjoint 1 256 
horn 2 499 1090 
advances 4 7607 7604 7605 7606 
time 25 224 1398 231 234 1078 1079 1686 329 923 330 924 925 583 12501 12502 12503 361 362 426 1750 435 436 493 494 495 
semantics 14 1432 1772 244 245 463 329 400 427 523 524 1536 1537 639 1346 
event 3 463 329 549 
planar 5 365 366 367 692 1569 
linearly 3 414 415 449 
determinism 2 791 793 
right 10 260 261 1476 389 457 458 474 493 494 495 
generation 7 260 261 1476 311 408 650 389 
cost-effectiveness 3 791 950 951 
sturmian 2 1307 518 
timed 5 665 7795 552 1016 1743 
non-monotone 2 489 1488 
sempi 3 7605 7606 11346 
partial 15 920 918 919 921 922 463 329 485 682 390 391 433 481 501 502 
reorganization 3 326 348 349 
project 2 425 426 
lines 3 368 369 370 
recurrences 1 468 
tuples 3 317 318 319 
multisets 2 1164 1368 
dynamic 2 224 482 
comparing 3 251 589 553 
secondary 4 224 225 226 227 
recursively 2 534 535 
net 2 479 480 
sub-parse 1 322 
auml 2 791 1702 
transform 1 250 
object-oriented 2 244 245 
times 3 371 372 426 
enumerable 2 534 535 
interesting 8 321 18355 18356 18357 18358 18359 18360 18361 
grundlagen 1 523 
canonical 3 241 242 474 
classes 1 503 
active-operations 1 250 
partitions 4 224 225 226 227 
implicates 3 317 1624 1625 
increasing 2 371 372 
join 2 275 276 
indicators 3 7605 7606 11346 
schematic 1 503 
specifications 11 244 245 337 355 485 427 428 1339 523 1536 1537 
new 3 692 1709 526 
testing 1 431 
nondeterminism 4 1432 1772 791 793 
visibly 2 552 923 
strongly 4 518 519 314 315 
mixins 3 368 988 989 
distributed 11 583 12501 12502 12503 273 274 300 301 339 523 524 
parsers 7 241 260 261 1476 412 457 458 
firms 1 15189 
abstractions 2 352 1364 
software 3 368 369 370 
terminal 1 492 
priority 1 266 
technological 1 15189 
heuristics 1 426 
lcs 2 327 328 
processing 2 371 372 
derived 1 510 
perspective 2 340 341 
partielle 1 523 
hsdpa 4 262 263 264 265 
processes 10 251 589 553 923 1208 266 300 301 432 433 
synchronized 9 212 218 219 220 352 353 354 417 1481 
higman 2 212 213 
mandatory 2 9339 13692 
protocols 4 339 352 8153 8154 
automatic 1 412 
permutatione 1 1702 
code 2 311 408 
einer 1 523 
teil 1 523 
bounds 8 224 225 333 334 335 538 539 540 
parsable 1 449 
factors 3 213 1307 518 
revised 8 315 1607 1608 1609 1610 1611 1612 1613 
overflow 1 504 
rangierkomplexit 1 1702 
fast 6 311 590 321 324 325 326 
syntactiques 1 513 
inhibitionsfelder 1 246 
update 2 224 1398 
van 2 692 650 
evidence 1 15189 
remarks 1 692 
analysis 14 244 245 320 321 359 360 373 413 932 514 515 516 527 532 
simulation 5 552 1016 1743 420 549 
business 2 1569 4640 
andrei 1 355 
proofs 1 253 
bpp 3 251 589 553 
sequential 2 432 433 
generalization 2 212 213 
rational 5 212 213 552 923 400 
packing 3 538 539 540 
algol-like 1 474 
invariance 2 923 1208 
recognizable 2 213 1307 
bpa 3 251 589 553 
updates 3 442 1322 1323 
attributed 1 413 
layer 1 465 
semantic 4 7605 7606 11346 431 
lba 2 429 430 
equal 2 534 535 
vacations 1 262 
transformation 2 526 1142 
source 1 688 
relations 6 234 1305 1684 1685 1433 1686 
timelines 3 402 403 404 
categories 3 317 318 319 
java 4 369 1780 1781 1782 
klaus 4 355 356 357 358 
attributes 3 359 360 413 
dense 6 234 1305 1684 1685 1433 1686 
graphs 17 329 273 274 307 308 365 366 367 692 1569 390 391 414 415 426 947 948 
generalized 10 221 222 1337 1338 491 1017 504 533 547 548 
inference 3 522 1239 1240 
lower 9 224 225 333 334 335 526 538 539 540 
conflict-free 1 266 
expressibility 3 251 589 553 
formulae 2 489 1488 
distributions 4 583 12501 12502 12503 
rewrite 4 252 553 552 554 
languages 20 212 213 1307 221 222 229 230 234 1078 1079 332 338 369 1780 1781 1782 650 491 534 535 
improved 4 324 325 326 526 
programmed 3 482 429 430 
report 8 315 1607 1608 1609 1610 1611 1612 1613 
convex 4 378 778 779 692 
transfer 1 492 
support 10 321 18355 18356 18357 18358 18359 18360 18361 494 577 
interpreted 1 474 
schemata 1 523 
searching 1 237 
adaptive 2 340 341 
privacy 3 7607 9338 9339 
expansions 1 468 
samelson 4 355 356 357 358 
criterion 1 650 
session 2 543 544 
verification 10 437 438 439 440 441 442 1322 1323 639 638 
abstraction 4 369 1780 1781 1782 
compositional 7 463 462 464 368 369 370 527 
csp 2 253 301 
virtual 1 231 
pebble 2 256 791 
binary 7 237 692 417 848 494 526 1142 
scattered 2 491 1017 
briques 1 513 
proof 6 300 301 432 433 1746 533 
semigroups 2 213 1307 
space 9 327 328 1164 1368 378 778 779 692 650 
decision 2 526 1142 
clear 1 427 
eacute 1 513 
supported 4 7607 7604 7605 7606 
subexpression 1 321 
hierarchy 4 340 1031 1032 526 
construction 11 7605 7606 11346 241 463 462 464 412 493 494 495 
probabilistic 5 922 8568 251 459 460 
note 4 228 294 478 338 
diagrams 4 353 563 526 1142 
minimally 2 353 563 
x^i_ 2 382 383 
editorial 3 7796 7607 8958 
crypt-equivalent 2 355 485 
lattice-theoretical 2 229 230 
reasoning 10 229 230 1078 1686 923 924 925 352 8153 8154 
komplexit 2 791 1702 
method 6 922 8568 359 360 475 688 
efficiency 1 688 
capabilities 1 15189 
nonterminal 2 491 530 
truly 1 241 
integers 1 323 
single 4 371 372 426 1750 
type 12 368 369 370 1780 1781 1782 413 932 522 1239 1240 550 
algebraic 6 355 485 400 427 428 1339 
family 1 453 
action 8 1337 1439 229 1388 329 923 330 1204 
useful 1 482 
fusion 2 229 1445 
applications 8 262 263 264 265 417 848 480 1545 
obscure 2 396 397 
langages 1 513 
frameworks 5 320 321 335 572 395 
solved 1 231 
tradeoff 2 489 1488 
sortierproblemen 2 791 1702 
axioms 1 1339 
depth 1 526 
one-sided 2 491 530 
clusters 2 9339 13692 
solves 4 378 778 779 692 
expansion 1 583 
informatica 2 355 682 
monoids 1 491 
security 8 7796 7607 8958 11964 11965 352 8153 8154 
informatics 1 682 
disambiguating 1 322 
grid 6 7796 922 11964 11965 8568 8567 
compute 1 250 
quantitative 2 1016 1015 
develop 1 15189 
algebras 4 1305 1433 1432 920 
prefix-correct 1 241 
innovation 1 15189 
verisoft 1 527 
validation 1 453 
task 3 922 8568 8567 
boxes 3 213 1307 518 
prams 5 791 950 951 692 1473 
problem 13 7012 12577 12578 665 7795 241 242 327 328 429 430 528 529 
iuml 1 513 
algorithmic 14 315 1607 1608 1609 1610 1611 1612 1613 426 947 948 514 515 516 
database 9 326 348 349 406 407 494 577 639 638 
grammar 3 273 274 492 
balanced 3 224 482 1398 
refinements 1 229 
tcsp 2 463 329 
identification 3 317 318 319 
implementation 2 466 467 
preemptive 2 501 502 
modules 1 522 
planaren 1 423 
metafol 2 7795 7796 
technique 4 432 433 1746 504 
limited 2 491 1017 
stuttering 2 251 252 
congruences 2 513 867 
ambiguity 3 329 330 331 
equipment 4 262 263 264 265 
flow 8 320 321 335 572 359 360 534 535 
manipulating 6 437 438 439 440 441 442 
finis 2 513 867 
concurrent 12 552 329 1016 1743 330 331 258 314 315 405 499 500 
modularity 2 413 932 
glr 3 457 458 1520 
boolean 7 692 465 489 1488 499 1090 526 
kinded 3 522 1239 1240 
structured 1 329 
zugriffssysteme 1 523 
coroutine 2 466 467 
adequate 2 353 563 
constructibility 1 517 
consistency 2 500 1241 
structures 7 224 482 329 340 1031 1032 420 
endlicher 1 336 
models 6 923 1204 583 12501 12502 12503 
funktione 1 523 
anonymity 3 352 8153 8154 
peephole 2 311 408 
buddy 3 324 325 326 
multiprocessing 2 373 374 
minimum 2 1164 1368 
coordination 4 369 1780 1781 1782 
elimination 1 321 
wijngaarden 2 692 650 
life 1 682 
syntactic 1 491 
revisited 5 251 252 427 428 1339 
correctness 6 229 301 344 1339 433 481 
procedure 2 474 533 
lifetime 1 413 
trust 3 7607 9338 9339 
acta 2 355 682 
rates 2 371 372 
stochastic 6 251 459 463 764 273 274 
controllers 3 463 462 464 
quad 2 224 482 
periodicity 2 1307 518 
writers 1 405 
arbitrary 3 326 348 349 
hierarchies 6 485 610 611 612 525 526 
ltl 4 252 553 552 554 
lts 1 517 
axiomatics 1 356 
practical 4 349 409 410 411 
matrices 3 426 742 743 
demand 2 359 360 
shared 5 7605 7606 11346 520 521 
control 4 7607 9338 9339 13692 
cpp 2 263 583 
insertions 3 311 312 313 
formalism 1 329 
implicants 3 317 1624 1625 
possibility 2 520 521 
parameterisation 3 427 428 1339 
forest 6 437 438 439 440 441 442 
infinitary 1 229 
tactics 2 7795 7796 
cost 2 501 502 
sweep 6 377 378 379 778 779 692 
decidability 7 252 553 552 554 650 480 1545 
edsger 2 355 682 
berdeckungsprobleme 1 791 
teacher 2 353 563 
innovative 1 15189 
lifting 4 1305 1433 1432 920 
early 2 1337 1439 
powers 1 323 
lattice 1 230 
singapore 1 15189 
indirect 1 228 
graphen 1 423 
performance 13 7796 7607 8958 7605 7606 11346 262 263 264 265 275 276 453 
translatable 1 474 
marking 2 344 433 
brnglr 3 457 458 1520 
non-linear 1 583 
protocol 2 665 7795 
regular 16 212 213 218 219 220 1307 221 222 260 261 1476 334 586 587 389 474 
sorted 2 692 1709 
primitives 2 275 276 
extended 10 7607 9338 9339 329 437 438 439 440 441 442 
erratum 1 491 
kruskal 2 212 213 
size-depth 1 489 
general 13 234 1305 1684 1685 1433 1686 463 462 464 1016 1015 433 481 
classs 2 692 650 
ordered 9 413 437 438 439 440 441 442 494 1519 
high 3 7796 7607 8958 
deadlock-freedom 2 1136 1135 
grammarhomomorphisms 1 246 
reducing 2 457 458 
automaten 1 423 
residue 2 480 1545 
automates 2 513 867 
extensions 4 1305 1433 1432 920 
tree 12 221 222 224 1398 237 417 848 442 1322 1323 528 529 
expressiveness 6 234 1305 1684 1685 1433 1686 
working 1 262 
subtyping 5 639 1346 1345 543 544 
strategies 1 691 
games 3 552 1016 1743 
multi-server 2 263 583 
memo-table 1 691 
ell 1 241 
cubic 3 457 458 1520 
random 4 273 274 491 530 
elr 1 241 
insecurity 2 665 7795 
operational 7 1432 1772 463 329 523 1536 1537 
gsm 1 375 
like 4 369 1780 1781 1782 
und 2 791 523 
logical 1 503 
traveling 3 7012 12577 12578 
covers 3 293 406 407 
planning 3 402 403 404 
indices 2 494 1519 
monoid 2 382 383 
range 4 224 225 226 227 
complexity 20 339 692 650 392 393 394 425 426 491 530 499 1090 503 514 515 516 526 1142 1140 1141 
link 2 363 364 
semi-online 2 501 502 
techniques 5 920 918 919 921 922 
switch 3 426 947 948 
partiell-linearen 1 336 
contentions 2 1136 1135 
yacute 2 518 519 
prof 1 682 
y^i_ 2 382 383 
words 3 213 1307 518 
dependencies 3 236 760 533 
interval-based 2 236 760 
marktoberdorf 2 355 682 
multiprogrammed 2 1211 478 
lemma 1 482 
schorr-waite 2 344 433 
cases 6 234 1305 1684 1685 1433 1686 
undecidability 2 241 242 
framework 3 7605 7606 11346 
periodic 4 234 1078 1079 373 
process 11 1305 1433 1306 1432 920 252 553 552 554 1569 4640 
discrete 2 250 549 
chain 3 371 4353 4354 
databases 4 392 393 394 688 
delta-oriented 3 368 369 370 
improving 3 9339 13692 469 
size-depht 2 489 1488 
structural 2 1432 1772 
kernel-control 1 532 
function 2 583 691 
scheduling 11 922 8568 8567 478 371 372 425 426 1750 501 502 
heap 6 437 438 439 440 441 442 
exspace 2 692 650 
granularity 5 234 1078 1079 692 1473 
survey 3 293 1569 4640 
algorithms 23 294 321 332 333 334 335 692 1569 425 426 481 1215 479 480 494 501 502 510 526 1142 538 539 540 
head 2 417 418 
cake 1 465 
connection 4 463 329 307 308 
checkpointing 1 373 
symmetric 1 494 
definitions 3 392 393 394 
formal 12 314 315 317 318 319 650 402 403 404 427 428 1339 
derivation 2 314 315 
representation 3 923 924 925 
obituary 1 682 
policy 2 1211 478 
symmetry 5 920 918 919 921 922 
parser 3 1337 1439 389 
erase 2 491 1017 
redundant 1 253 
issue 11 1078 1686 7607 7604 7605 7606 923 924 925 1204 688 
state 13 923 1208 583 12501 12502 12503 302 369 1780 1781 1782 499 500 
attribute 5 7607 9338 9339 413 932 
evaluation 4 8568 8567 275 276 
complement 1 241 
sharing 4 231 254 255 256 
leader 2 363 364 
y^i_n 2 382 383 
finding 8 321 18355 18356 18357 18358 18359 18360 18361 
automata-based 3 442 1322 1323 
toolkit 2 923 1204 
sche 1 523 
computations 5 234 662 663 664 665 
stably 2 1164 1368 
definition 1 241 
quantiles 4 583 12501 12502 12503 
nearest-neighbor 3 377 378 379 
stratified 2 224 482 
retrial 1 262 
ultimately 3 234 1078 1079 
context-free 2 482 491 
tasks 1 478 
inheritance 3 639 1346 1345 
equational 1 550 
special 12 1307 518 1078 1686 7607 7604 7605 7606 923 924 925 1204 
user 4 262 263 264 265 
formula 2 525 526 
storage 3 349 1211 504 
total 7 229 301 426 1750 1339 433 481 
using 9 231 8568 8567 270 271 272 311 312 313 
higher 1 474 
rich-model 2 923 1204 
ge 2 263 583 
periodic-like 2 1307 518 
symposium 2 1078 1686 
datenstrukturen 1 523 
free 4 293 382 383 491 
arithmetic 2 373 374 
computable 2 435 436 
isomorphism 3 371 4353 4354 
non-interference 1 253 
search 8 224 482 1398 256 692 514 515 516 
sorting 10 270 271 272 294 340 341 1164 1368 481 1215 
deep 3 491 503 1521 
nondeterministic 2 229 475 
tomita-style 3 457 458 1520 
petri 8 8568 8567 266 361 362 479 480 1545 
petrovich 1 355 
optimization 13 254 255 256 311 408 454 455 456 506 687 688 689 532 
number 5 250 262 263 264 265 
papers 2 1078 1686 
causal 3 329 330 331 
statechart 2 353 563 
transmission 2 474 492 
two-tier 3 340 1163 1164 
editor 1 682 
swapping 1 522 
automata 20 518 519 221 222 234 1078 1079 417 418 848 1481 437 438 439 440 441 442 475 491 530 
view 4 505 506 507 508 
automate 1 336 
mono 1 513 
algebraically 2 229 230 
introduction 1 550 
optimum 3 326 348 349 
aid 1 431 
handling 3 523 1536 1537 
theoretic 4 791 793 340 341 
execution 8 229 1445 392 393 394 402 403 404 
faster 4 221 222 1337 1338 
programming 2 400 474 
left 4 474 493 494 495 
axiomatizability 4 1305 1433 1432 920 
checking 21 234 662 663 664 665 920 7796 918 919 921 922 11964 11965 252 553 552 554 368 369 370 469 
safe 4 369 1780 1781 1782 
linear 3 327 328 332 
adoption 3 371 4353 4354 
integer 3 270 271 272 
momi 3 368 988 989 
affix 1 549 
ershov 1 355 
automorphismes 2 513 867 
infinite-state 3 251 459 460 
sums 2 692 526 
mincing 1 465 
lazy 3 254 255 256 
et 2 513 867 
bound 1 526 
comments 1 405 
methods 2 231 412 
communicating 5 432 433 492 545 546 
versus 4 791 793 417 418 
normal 3 293 547 548 
x^i_m 2 382 383 
completion 2 426 1750 
boundary 1 332 
grammarforms 1 246 
run-time 1 509 
theories 4 241 242 1016 1015 
passage 4 583 12501 12502 12503 
choosing 2 349 1211 
rewriting 4 492 547 548 550 
forced 1 475 
dimensional 3 377 378 379 
impossibility 2 520 521 
environments 2 922 8568 
correcting 1 412 
coincidental 1 491 
integrating 2 311 408 
equations 2 382 383 
conjunctive 4 505 506 507 508 
mergesort 1 468 
synthesizes 2 353 563 
asymptotic 1 468 
pushdown 5 221 222 491 503 1521 
recursive 3 392 393 394 
similarity 2 1569 4640 
queries 5 505 506 507 508 688 
example 1 349 
mobile 3 368 988 989 
enforcement 2 500 1241 
does 1 228 
reflection 2 7795 7796 
set 1 400 
correction 3 311 312 313 
routing 2 692 1569 
unconstructibility 1 517 
chain-free 1 241 
organization 2 494 1519 
integration 4 506 687 688 689 
types 17 349 352 1364 485 682 610 611 612 396 397 523 1536 1537 526 1142 543 544 
grammars 27 482 241 260 261 1476 293 322 334 586 587 692 650 389 390 391 413 932 429 430 449 474 479 480 491 530 1017 549 
alg 1 513 
semi-markov 4 583 12501 12502 12503 
termination 1 474 
parallel 21 222 723 482 7012 1136 12577 12578 270 271 272 365 366 367 692 1473 426 433 1746 492 509 549 
communication 2 523 524 
uniform 2 501 502 
game 6 251 459 463 764 256 791 
memory 8 224 225 226 227 231 356 520 521 
propositional 3 234 235 236 
multi-dimensional 2 224 482 
approximation 5 365 366 367 1399 1400 
cooperative 2 273 274 
approach 8 229 230 791 793 317 962 650 549 
feedback-coupled 2 1211 478 
trade-offs 2 256 791 
thailand 1 15189 
implementations 2 427 428 
fixed 1 549 
correct 3 314 315 474 
concurrency 2 494 620 
minimizing 2 426 1750 
approximate 2 236 760 
randomized 2 692 1473 
simulations 2 692 1473 
synthesis 5 583 691 294 481 1215 
programs 21 229 301 302 314 315 427 428 1339 431 433 1746 437 438 439 440 441 442 1322 1323 474 527 
ring 2 363 364 
structure 8 463 329 254 255 256 692 1709 494 
services 2 8568 8567 
normed 3 251 589 553 
duality 2 229 230 
flexible 3 402 403 404 
constructors 1 522 
bounded 4 1432 1772 414 415 
measures 2 1569 4640 
corrections 2 481 1215 
enumeration 1 475 
delivery 1 426 
pi 2 543 544 
different 2 526 1142 
ll 6 222 723 311 312 313 590 
interval 10 234 662 663 664 665 1305 1684 1685 1433 1686 
development 3 427 428 1339 
lr 6 221 222 1337 1338 241 549 
constraint 3 454 455 456 
addressing 1 228 
algorithm 16 7012 12577 12578 311 590 327 328 344 377 378 379 420 433 457 458 1520 
principle 3 237 251 252 
equivalence 6 231 234 235 236 499 1090 
set-theoretic 1 427 
closed 3 317 1624 1625 
interpretation 1 395 
derivations 2 229 491 
mm 2 263 583 
markovian 4 262 263 264 265 
simultaneous 2 229 1445 
schemes 3 365 366 367 
heaps 3 340 1163 1164 
developments 3 7796 7607 8958 
true 2 329 330 
interpolation 3 514 515 516 
cern 2 518 519 
machines 6 692 1473 499 500 501 502 
extension 4 352 353 354 491 
product 3 368 369 370 
unified 1 650 
coders 1 375 
classification 7 234 1305 1684 1685 1433 1686 294 
nonterminals 2 491 1017 
account 3 402 403 404 
permuted 3 426 742 743 
polynomial 2 435 436 
technology 3 371 4353 4354 
parametric 3 522 1239 1240 
multi-queue 1 478 
recognition 4 332 426 742 743 
integrity 1 469 
reliability 3 8568 8567 688 
list-arithmetic 3 317 318 319 
study 3 426 947 948 
computing 6 482 7012 1136 7796 7607 8958 
procedures 1 474 
p-pure 1 338 
polyhedra 4 378 778 779 692 
results 6 1305 1433 1432 920 520 521 
relaxed 3 340 1163 1164 
sets 7 317 1624 1625 435 436 480 1545 
dijkstra 2 355 682 
exponential 1 453 
controlled 2 491 530 
malaysia 1 15189 
exhaustive 2 359 360 
machine 7 371 372 426 1750 465 501 502 
kripke 1 420 
relative 3 333 334 335 
comparison 4 262 263 264 265 
expressions 8 212 218 219 220 552 923 373 374 
describing 1 433 
matching 2 241 242 
representing 3 323 692 1709 
incremental 3 333 334 335 
mining 2 236 760 
type-based 1 522 
uuml 2 791 523 
way 2 491 1017 
theory 7 234 1078 1079 479 480 500 1241 
inverses 2 583 691 
prefixes 3 409 410 411 
network 5 453 499 1090 525 526 
online 2 501 502 
ic 2 923 1204 
real 6 329 330 505 506 507 508 
queuing 1 453 
selected 2 1078 1686 
deciding 3 251 459 460 
retention 2 466 467 
mixed 1 337 
abstract 16 349 485 682 610 611 612 395 396 397 413 932 499 500 523 1536 1537 
hopcrof 1 433 
application 12 1307 518 234 1078 1079 7607 9338 9339 317 318 319 474 
quasi-orders 2 213 1307 
depth-first 1 256 
resource 4 1136 1135 1211 478 
ii 8 224 225 791 793 359 360 474 523 
synchronization 2 275 276 
transition 2 1016 1015 
list 1 344 
readers 1 405 
customers 2 263 583 
inclusion 2 528 529 
all-round 3 377 378 379 
communication-bounded 2 417 1481 
refinement 8 229 230 1388 1445 329 330 331 337 
collaborative 6 7607 7605 7606 9338 9339 11346 
characterization 3 417 848 503 
minimal 3 352 8153 8154 
optimal 10 692 406 407 493 494 495 501 502 525 526 
schema 2 349 1211 
ence 1 332 
decomposition 3 231 431 532 
points 3 326 348 349 
neighborhood 3 234 235 236 
international 2 1078 1686 
stacks 2 503 1521 
hpc 2 9339 13692 
paramodulated 2 307 308 
boole 1 523 
pure 1 338 
metric 7 234 235 236 463 329 435 436 
hot 1 522 
independence 1 237 
load 1 509 
g-queue 2 263 583 
specifying 2 523 524 
common 1 321 
simple 2 311 590 
boolesche 1 791 
data 41 224 482 230 329 258 320 321 349 335 572 337 340 1031 1032 352 1364 485 610 611 612 359 360 692 1709 396 397 413 932 437 438 439 440 441 442 469 494 577 523 1536 1537 533 
spanning 1 256 
running 1 522 
axiomatic 2 433 1746 
minimale 1 523 
loops 2 229 230 
utilization 1 504 
dynamics 2 639 638 
crisis 3 7607 9338 9339 
direct 1 241 
intersection 4 378 778 779 692 
matrix 2 479 480 
fourier 1 250 
electing 2 363 364 
selection 4 505 506 507 508 
top-down 1 533 
non-finite 4 1305 1433 1432 920 
supnick 3 426 742 743 
non-determinism 2 457 458 
actions 3 329 330 331 
queue 5 262 263 264 265 583 
finite 9 302 334 586 587 417 418 1481 491 530 
allen 6 234 1305 1684 1685 1433 1686 
varying 4 262 263 264 265 
commit 1 339 
theorie 2 336 523 
st 2 1078 1686 
overloading 3 522 1239 1240 
timing 2 1305 1306 
lalr 4 260 261 1476 389 
networks 3 454 455 456 
text 3 409 410 411 
maintenance 5 7605 7606 11346 494 1519 
transient 4 583 12501 12502 12503 
transitive 2 518 519 
relation 5 234 235 236 429 430 
parametrized 2 923 1208 
logic 15 229 234 235 236 7795 7796 251 459 463 764 317 1624 1625 400 469 
size 2 525 526 
salesman 3 7012 12577 12578 
zur 3 791 1702 336 
counting 3 367 1399 1400 
comparative 2 1569 4640 
require 1 15189 
irregular 2 425 426 
memories 2 692 1473 
ambients 1 257 
empirical 1 15189 
distribution-sensitive 3 340 1031 1032 
model 19 231 920 7796 918 919 921 922 7607 11964 11965 9338 9339 252 553 552 554 406 407 453 
coloured 2 8568 8567 
unconditional 1 492 
nets 7 8568 8567 266 361 362 480 1545 
denotational 3 524 639 1346 
incomplete 3 426 742 743 
facility 1 373 
complete 6 234 1305 1684 1685 1433 1686 
servers 4 262 263 264 265 
allocation 6 324 325 326 1211 478 356 
real-time 3 329 330 331 
supply 3 371 4353 4354 
b-trees 2 494 620 
nulled 2 457 458 
functions 4 583 499 1090 526 
systolic 2 417 848 
markov 2 263 583 
needed 1 250 
recovery 3 311 312 313 
infinite 4 923 1208 414 415 
tracking 1 688 
directed 1 329 
temporal 14 236 1078 1686 760 923 924 925 317 962 1624 1625 454 455 456 
m-minimale 1 523 
calculus 9 229 1445 368 988 989 543 544 545 546 
service 1 373 
operations 5 270 271 272 494 620 
bases 4 317 1624 1625 469 
np-complete 2 665 7795 
maintaining 4 224 225 226 227 
lookahead 3 334 586 587 
approximability 2 425 426 
minimalpolynome 1 791 
bauer 1 682 
open 1 474 
inexact 2 501 502 
pruning 8 321 18355 18356 18357 18358 18359 18360 18361 
compression 3 409 410 411 
bisimilarity 3 251 459 460 
opt 3 7012 12577 12578 
plus 2 7795 7796 
information 13 340 341 371 4353 4354 501 502 506 687 688 689 523 524 
fork 2 275 276 
memoriam 1 355 
problems 11 365 366 367 377 378 379 474 480 1545 501 502 
form 3 293 547 548 
exclusion 1 322 
monotone 4 320 321 489 526 
fair 5 229 1388 257 545 546 
associations 8 321 18355 18356 18357 18358 18359 18360 18361 
trees 15 212 213 224 225 226 227 482 256 322 692 400 493 494 495 504 
computation 4 583 12501 12502 12503 
language 11 315 1607 1608 1609 1610 1611 1612 1613 396 397 474 
position 3 493 494 495 
der 2 336 523 
des 2 513 867 
collaboration 4 7607 7604 7605 7606 
query 7 254 255 256 506 687 688 689 
subroutines 1 474 
effective 2 311 590 
costs 5 326 348 349 425 426 
qualitative 3 454 455 456 
highly 1 509 
modal 4 1016 1015 317 962 
deterministic 4 221 222 692 1473 
algebra 2 1305 1306 
deallocation 3 324 325 326 
failures 2 363 364 
levin-gries 1 253 
restricted 2 692 1473 
dictionary 3 7605 7606 11346 
access 5 7607 9338 9339 13692 258 
monge 3 426 742 743 
point 3 435 436 549 
balancing 1 509 
relational 8 302 392 393 394 406 407 469 688 
rebeca 5 920 918 919 921 922 
based 6 224 482 7607 9338 9339 375 
causality 2 1305 1306 
functional 2 317 962 
answers 1 688 
acception 1 650 
on-line 5 426 1750 538 539 540 
finitely 3 213 1307 474 
dedicated 1 682 
power 2 503 1521 
unification 4 241 242 433 481 
logics 8 234 1305 1684 1685 1433 1686 317 962 
reduction 7 920 918 919 921 922 361 362 
repair 2 311 590 
time-space 2 256 791 
alternating 5 552 1016 1743 417 1481 
systems 35 229 1388 7607 7604 7605 7606 251 252 459 460 553 552 554 329 1016 330 331 1015 266 273 274 1211 478 352 353 354 474 492 509 523 524 545 546 547 548 
earley 2 1337 1439 
algol 8 315 1607 1608 1609 1610 1611 1612 1613 
friedrich 1 682 
letter 1 682 
class 2 375 449 
modelling 2 8568 8567 
properties 10 234 662 663 664 665 335 572 340 1031 1032 
environment 6 373 374 466 467 520 521 
average-case 3 392 393 394 
program 6 229 7795 7796 253 431 532 
identical 1 266 
word 3 382 383 491 
regulated 1 492 
management 9 7607 9338 9339 691 371 4353 4354 494 577 
efficient 11 15189 260 261 691 311 312 313 332 420 526 1142 
suffixes 3 409 410 411 
variablenmengen 1 523 
univalent 3 213 1307 518 
object 5 522 524 639 1346 1345 
alternation 3 791 792 793 
recent 3 7796 7607 8958 
modulated 2 263 583 
reusability 2 413 932 
graph 9 791 793 332 433 449 510 1142 1140 1141 
parameter 1 474 
von 2 791 1702 
order 7 920 918 919 921 922 463 329 
deadlines 2 371 372 
vector 2 480 1545 
two-dimensional 3 538 539 540 
parsing 14 221 222 1337 1338 723 334 586 587 373 374 457 458 1520 549 
operators 1 517 
representations 2 1078 1686 
lists 5 317 318 319 692 1709 
worst-case 2 224 1398 
conjecture 2 518 519 
theorems 2 212 213 
error 8 311 312 313 590 412 523 1536 1537 
matter 1 228 
rich 2 923 1204 
strategy 1 509 
proving 4 229 333 334 335 
nearly 3 692 525 526 
calculi 2 244 245 
rules 2 361 362 
darlington 2 481 1215 
technologies 4 7607 7604 7605 7606 
realisierungen 1 336 
specification 11 229 230 1016 1015 349 396 397 524 639 1346 638 
context 4 293 491 530 1017 
negative 2 263 583 
eu-cost 2 923 1204 
