<Keyword> <No of vertices> <vertex1> <vertex2> .... <vertexN> 
lightpath 4 7073 7077 7912 10536 
desktop 5 12851 12852 12853 7206 8745 
awareness 11 9795 9796 9797 9798 9799 9801 9802 9803 9804 10461 8212 
managing 3 7263 8811 8812 
lambda 32 7092 7903 7904 8782 7281 7283 12354 7280 7282 7284 7285 7286 8783 8784 8246 8785 8786 8787 8788 8790 9773 13191 13192 13193 13194 13195 13196 13197 13198 13199 13200 10778 
networked 1 7673 
time 4 8401 8292 8396 9212 
semantics 2 12135 1396 
levels 3 8325 7264 8505 
movement 8 10928 10926 10927 10929 10930 10931 10933 10934 
advanced 32 8325 7264 10521 10522 10523 10524 10525 10526 10527 10528 7308 7895 7896 7897 7898 7899 7900 7901 7902 7903 7904 7905 7906 7907 7908 7909 7910 7911 7912 7913 7914 7915 
ad-hoc 1 12185 
role 8 7828 7829 7831 7834 7835 7836 7837 7838 
systematic 1 7206 
constanza 3 10556 10557 10558 
generation 13 7903 7904 8023 8855 7666 7669 7670 7671 7672 7673 7674 7675 8022 
objects 1 7672 
incorporation 2 7141 7138 
video 17 10928 7901 7905 7912 8401 7666 8643 10926 10927 10929 10930 10931 10933 10934 8745 8396 10394 
intelligence 2 9821 9822 
organisational 1 4810 
archeological 4 8745 9596 9597 9598 
liquids 2 7729 7738 
wide 2 8023 8855 
project 5 7728 7593 10360 10361 10362 
gridless 3 12362 12363 12364 
biological 1 9310 
european 11 7746 11994 11995 11996 11998 11999 12000 12001 12002 12003 12004 
native 8 7601 7602 8994 10566 10567 10568 10569 10570 
elicitation 1 7175 
steering 11 11536 11537 11538 11539 12764 12765 12766 12767 12768 12769 10928 
quality 13 8325 7264 7263 8505 10928 7308 10926 10927 10929 10930 10931 10933 10934 
codes 3 12362 12363 12364 
bioinformatics 3 12161 11114 11115 
reconfiguration 3 8325 7264 8505 
network-aware 4 7264 8505 9719 6990 
big 1 6990 
attacks 1 7175 
reinforcement 1 7175 
dynamic 18 8662 8663 8664 8325 7264 8326 8811 8505 11464 7073 7074 7077 7092 7899 7903 7904 10109 7728 
knowledge 2 12596 4810 
behavior 6 12748 12749 10362 11171 11172 11173 
gmpls-based 1 6990 
coupling 1 13028 
net 1 8212 
gred 2 10584 7206 
javasymphony 1 10945 
training 1 8212 
token 1 7077 
experiments 12 12164 12165 7361 10041 7601 7602 8994 10566 10567 10568 10569 10570 
vladymir--a 1 13283 
multiagent 2 9395 9394 
mapfs 2 9395 9394 
data-aware 1 8068 
ogsa-dai 2 8157 8159 
markets 1 9629 
forecasting 4 7619 7620 10356 10196 
topology-aware 2 12748 12749 
interconnects 2 7590 7593 
indicators 3 11682 9538 11683 
transatlantic 4 7601 7602 7603 9595 
analyze 4 10362 11171 11172 11173 
new 9 8068 7206 8218 9395 9394 7501 7502 7503 10909 
sequence 1 9310 
library 1 13283 
base 1 4268 
multiprocessor 1 12066 
public 1 13400 
resources 14 7057 7058 7060 7061 7062 7064 8406 8407 8408 8409 8410 8411 10719 13028 
lightpaths 6 7092 7899 7901 7905 10109 7728 
computational 20 7903 7904 9310 9273 9274 9275 9277 9278 9279 7828 7829 7831 7834 7835 7836 7837 7838 10909 7141 7138 
client 1 9629 
paradigm 1 8068 
pde 2 7974 7976 
change 2 13399 13400 
tool 2 9538 8480 
distributed 75 10983 12573 7057 7058 7060 7061 7062 7064 9719 9795 9796 9797 9798 9799 9801 9802 9803 9804 11536 11537 11538 11539 12066 4268 7308 7603 8067 8068 8023 12352 7507 7090 8118 7206 8480 6990 6991 6992 6993 7666 7669 7670 7671 7672 7673 7674 7675 9761 9762 9763 9764 8061 8782 10196 11782 10447 12596 8212 12251 13028 7281 8448 7283 12353 7280 7282 7284 7285 7286 7287 8021 8022 8246 4810 9773 
architecture 8 7603 8067 8118 7666 7674 8643 11151 9179 
pyroclastic 1 8276 
policies 1 9629 
gjmf 1 12750 
usability 2 7141 7138 
software 6 7057 7058 7060 7061 7062 7064 
medical 6 7361 8570 8480 8571 8572 8573 
self-managed 3 9806 10462 10403 
component 1 9004 
description 2 7719 7092 
terascale 4 8023 7285 8021 8022 
heuristics 1 7090 
processing 2 7308 7673 
pinatubo 1 8276 
motion 3 8401 8396 9212 
two-layer 2 7590 7593 
climate 2 13399 13400 
contributions 1 1396 
processes 2 4268 1396 
display 12 8782 7281 7283 8745 7280 7282 7284 7285 7286 7287 8783 11402 
cinegrid 10 7308 7719 7092 9165 12352 8401 13008 8448 12353 4810 
ibpster 2 7666 8643 
active 4 7666 7674 8643 11151 
behavioral 1 7672 
aerodynamic 6 11966 11967 11968 11969 11970 11971 
fast 2 17679 19093 
sparse 2 7974 7976 
heterogeneous 7 10983 10556 10557 10558 7501 7502 7503 
backbone 1 7175 
evidence 1 4810 
asip 11 9795 9796 9797 9798 9799 9801 9802 9803 9804 9898 9899 
analysis 17 9629 7507 7090 8570 8480 8571 8572 8573 6990 8782 7746 8448 7285 8783 8246 8785 8788 
simulation 9 8480 12362 12363 12364 7729 7738 13296 13297 8448 
business 15 8325 7264 10521 10522 10523 10524 10525 10526 10527 10528 12164 12165 7361 10041 4268 
meets 2 8082 8084 
sequential 4 11536 11537 11538 11539 
openrte 5 10438 10439 10440 10441 10442 
sites 2 8396 10394 
taks 2 7666 8643 
semantic 2 10461 8212 
royal 1 13400 
cellml-based 2 11114 11115 
kerberos 1 9179 
approaching 2 11114 11115 
attributes 2 7264 7263 
assessment 6 7902 8570 8480 8571 8572 8573 
jobs 4 11536 11537 11538 11539 
telemedicine 1 7361 
aggregates 2 13296 13297 
openmp 2 7974 7976 
neural 1 8212 
deploying 2 7666 8643 
layered 7 11682 9538 11683 8401 7672 8745 8396 
replication 8 7264 7263 8811 8505 9523 11464 9395 9394 
social 1 10719 
graphical 2 10584 7206 
oriented 4 7264 8505 9719 11037 
tolerance 5 7263 8505 9523 7666 8643 
tokens 3 7073 7077 10536 
holes 2 10512 10513 
transfer 2 8448 4810 
forums 1 7361 
support 16 13399 13400 13332 13333 13334 13335 7206 6990 11664 7141 11399 11665 11666 11667 11668 4810 
adaptive 11 12851 12852 12853 7263 8505 9523 9538 7728 6990 7727 7729 
list-based 1 7090 
privacy 3 7175 11545 8218 
job 13 12750 11536 11537 11538 11539 12764 12765 12766 12767 12768 12769 10928 9876 
cryptography 1 7175 
distribution 3 8118 7206 7593 
session 4 13332 13333 13334 13335 
plug-ins 1 7672 
branch 2 9395 9394 
optimised 6 11966 11967 11968 11969 11970 11971 
lands 1 7601 
virtual 46 12185 7619 7620 10356 7361 4268 8118 7206 7666 7669 7670 7671 7672 7673 7674 7675 8782 7746 8743 7281 8448 8744 7283 8745 8747 7280 7282 7284 7285 7286 7287 8781 8783 8784 8246 8785 8786 8787 8788 8790 8791 8792 8793 8794 8795 8796 
home 4 12648 12649 12650 8480 
boltzmann 6 10909 11806 11807 11808 13296 13297 
accident 2 9821 9822 
ontologies 4 7719 7092 10447 10780 
albatross 5 7728 7593 10360 10361 10362 
tropical 2 7285 8246 
diabetes 1 9876 
multiplayer 1 7090 
savings 1 10719 
express 1 7671 
decision 1 4810 
statistical 2 9821 9822 
acquisition 5 8782 7285 8783 8785 8788 
mobility 4 13332 13333 13334 13335 
trading 10 8325 7264 10521 10522 10523 10524 10525 10526 10527 10528 
resource-level 4 7621 9629 9805 9806 
defining 2 8061 8062 
green 3 11682 9538 11683 
boosting 1 7206 
links 4 7601 7602 7603 9595 
virtual-to-physical 11 9795 9796 9797 9798 9799 9801 9802 9803 9804 9898 9899 
composable 1 12750 
frequent 2 17679 19093 
giga-pixel 1 8745 
omis 2 10584 10585 
improvement 1 8246 
insights 1 10719 
cumulvs 1 7671 
method 6 9876 11388 7501 7502 7503 8745 
road-vehicle 6 11966 11967 11968 11969 11970 11971 
efficiency 3 7619 7620 10356 
capabilities 3 7666 9878 11151 
prediction-based 1 7090 
initiatives 2 8994 8995 
disk 1 9395 
authorization 12 8406 8407 8408 8409 8410 8411 7073 7077 9721 9722 10536 11949 
related 1 7361 
lzss 1 8876 
on-demand 1 8448 
experiment 1 7077 
action 1 7092 
self-scheduling 1 10983 
applications 48 7619 8325 7264 8326 8950 12164 12165 7361 10041 7073 7074 7077 7603 7903 7904 8067 8023 8855 7206 8292 8570 8480 8571 8572 8573 6990 9761 9762 9763 9764 9878 8061 8062 10006 7590 7593 9395 9394 7501 7502 7503 13028 13283 12796 9179 7141 8022 7138 
photonic 18 7308 7092 7899 7903 7904 10109 7728 8023 8855 8858 7285 8021 8022 10973 10974 10975 10976 10977 
profit-driven 7 7621 9805 9806 12191 10462 12192 10403 
biomedical 3 12161 11114 11115 
concatenation 18 8782 7285 7286 8781 8783 8784 8246 8785 8786 8787 8788 8790 8791 8792 8793 8794 8795 8796 
workshop 2 8118 7206 
corba 2 8480 7746 
clusters 4 9395 9394 13028 8246 
hybrid 8 12185 8218 19863 19864 19865 8082 8084 13028 
eruption 1 8276 
scale 11 7828 7829 7831 7834 7835 7836 7837 7838 7746 9395 9394 
griz 4 7738 8782 13653 13654 
feeding 1 8401 
starplane 4 7092 7899 10109 7728 
microbial 7 11664 7141 11399 11665 11666 11667 11668 
security 10 9538 7073 7074 7077 7175 11545 8218 7746 12251 9179 
resolution 6 8782 7285 7286 8783 8785 8787 
super 4 7092 12352 8401 13008 
cross-stream 2 8448 4810 
path 6 9806 10462 10403 7092 11949 8790 
grid 75 12750 9806 10462 10403 8325 7264 7263 8811 8505 9523 11464 11536 11537 11538 11539 12764 12765 12766 12767 12768 12769 10928 7603 7901 7905 8067 8068 7728 7507 7090 7206 8292 10945 6990 7666 7674 8643 9310 9761 9762 9763 9764 8061 8062 10556 10557 10558 10006 7593 7738 10360 10361 10362 11171 11172 11173 8782 13653 13654 8082 8084 9918 11151 10447 10780 12596 9394 7501 7502 7503 7141 7285 8790 7138 10778 
compute 2 8023 8855 
workloads 2 7092 9165 
marketplace 10 8325 7264 10521 10522 10523 10524 10525 10526 10527 10528 
revenue 1 9629 
drug 1 7206 
building 13 13399 13400 7361 19863 19864 19865 11664 7141 11399 11665 11666 11667 11668 
task 8 7263 8505 9523 7728 7727 7729 7767 7768 
agreement 3 7263 8811 8812 
problem 1 7206 
pervasive 1 6990 
escience 2 7092 9004 
interface 18 8782 8743 7281 7283 7141 11399 7285 8783 8784 8246 8785 8787 11397 7138 11398 11400 11401 11402 
arranging 2 9721 9722 
optimizing 5 7728 8292 7727 7729 8876 
environmental 4 12121 12122 12123 12124 
implementation 7 12164 12165 7361 10041 7092 8401 4810 
workspaces 1 8745 
scientific 13 7206 8292 8632 9918 7746 7281 7283 7280 7282 7284 7285 7286 7287 
locality 1 7593 
energy 17 12851 12852 12853 7620 10403 11536 11537 11538 11539 12764 12765 12766 12767 12768 12769 10928 10719 
technique 18 8782 7285 7286 8781 8783 8784 8246 8785 8786 8787 8788 8790 8791 8792 8793 8794 8795 8796 
treatment 1 9876 
flow 3 11806 11807 11808 
cave 8 7671 8743 7281 8448 8744 7283 8745 8747 
production 5 5513 10362 11171 11172 11173 
fluid 2 9004 10909 
phylogenetic 1 8480 
derive 1 10719 
structured 1 4810 
elements 1 4268 
hpdmnet 21 7895 7896 7897 7898 7899 7900 7901 7902 7903 7904 7905 7906 7907 7908 7909 7910 7911 7912 7913 7914 7915 
transferability 1 8218 
swedish 1 8632 
worms 1 7175 
styles 1 7672 
blood 3 11806 11807 11808 
vcpu 1 7175 
models 1 10403 
provable 1 17679 
cloud-based 1 6990 
low 2 7601 8745 
spectral 5 8570 8480 8571 8572 8573 
teravision 2 7285 8785 
complex 1 11388 
coordination 1 8790 
boinc 1 7206 
use 2 9395 9394 
platforms 4 7620 8325 7264 8326 
run 1 13028 
virtualized 17 7619 7621 9805 9806 12191 10462 12192 10403 8325 7264 8326 8950 7092 12795 12796 12797 9179 
data-parallel 2 11737 13283 
macrostep 1 7206 
archaeostor 4 8745 9596 9597 9598 
graduate 1 8632 
autonomous 4 6990 6991 6992 6993 
topology 1 7907 
collections 2 8745 11402 
multi-scale 5 8782 7285 8783 8785 8788 
impreco 1 10447 
trust 3 9629 9721 9722 
cglxtouch 1 8745 
dapsys 2 8118 7206 
practice 3 7175 11545 8218 
decentralized 4 12748 12749 12750 7624 
optiputer 19 8782 8743 7281 7283 7141 11399 7285 8783 8784 8246 8785 8787 8788 11397 7138 11398 11400 11401 11402 
grids 39 12851 12852 12853 10983 12185 12573 8325 7264 7263 8811 8812 13332 13333 13334 13335 8505 9719 7206 6990 9273 9274 9275 9277 9278 9279 7828 7829 7831 7834 7835 7836 7837 7838 10461 8212 12251 9395 9394 9179 
complexes 1 10447 
ipv 2 7666 11151 
cemetery 2 9821 9822 
multiscale 1 13028 
science 14 13400 8067 8068 7828 7829 7831 7834 7835 7836 7837 7838 12161 11114 11115 
frontier 4 8745 9596 9597 9598 
service-based 6 13332 13333 13334 13335 7507 7090 
architectures 6 7264 8505 9719 12066 6990 8212 
exploiting 1 6990 
practical 8 7601 7602 7603 8570 8480 8571 8572 8573 
acoustic 4 12121 12122 12123 12124 
brokering 1 12185 
replica 1 9394 
shared 6 10403 11536 11537 11538 11539 10719 
ion 2 7729 7738 
enabled 2 7903 7904 
scheduler 2 9395 8790 
sensitivity 2 7590 7593 
cpt 1 7175 
watchdog 9 9795 9796 9797 9798 9799 9801 9802 9803 9804 
economic 1 10719 
specular 1 5513 
stereo 1 5513 
cstp 2 8448 4810 
innovative 4 8325 7264 7263 8505 
tele-immersive 1 7281 
car 6 11966 11967 11968 11969 11970 11971 
lattice 7 10909 11037 11806 11807 11808 13296 13297 
internet-based 1 10983 
multi-level 1 7501 
estimation 6 7619 7620 10356 8325 7264 8326 
distance-based 1 17679 
reconsolidation 2 12748 12749 
lambdaram 2 7285 8246 
large-scale 1 10719 
peer-to-peer 7 12851 12852 12853 7175 19863 19864 19865 
hpcn 1 7361 
performance 57 11682 9538 11683 10928 7895 7896 7897 7898 7899 7900 7901 7902 7903 7904 7905 7906 7907 7908 7909 7910 7911 7912 7913 7914 7915 8067 8068 8023 8855 7507 7090 8570 8480 8571 8572 8573 10556 10557 10558 9876 10786 10926 10927 10929 10930 10931 10933 10934 10196 7285 8246 4810 10973 10974 10975 10976 10977 
transparent 11 7728 7206 7727 7729 7767 7768 10438 10439 10440 10441 10442 
multiple 4 12185 8396 10394 8246 
uncertainty 1 9719 
formation 2 9821 9822 
protocol 12 13332 13333 13334 13335 7666 7674 8643 11151 8876 10196 8448 4810 
plasma 3 12362 12363 12364 
regular 2 7974 7976 
differentiation 1 6990 
community 13 11536 11537 11538 11539 12764 12765 12766 12767 12768 12769 10928 8023 8855 
ddos 1 7175 
amroeba 2 7903 7904 
infrastructures 12 7057 7058 7060 7061 7062 7064 7092 10719 12795 12796 12797 9179 
device 18 8782 8743 7281 7283 7141 11399 7285 8783 8784 8246 8785 8787 11397 7138 11398 11400 11401 11402 
optiplanet 7 11664 7141 11399 11665 11666 11667 11668 
usage 1 12573 
core 2 8067 8068 
performances 1 6990 
high 53 11536 11537 11538 11539 12764 12765 12766 12767 12768 12769 10928 7308 7092 7895 7896 7897 7898 7899 7900 7901 7902 7903 7904 7905 7906 7907 7908 7909 7910 7911 7912 7913 7914 7915 8067 8068 8023 8855 12352 8401 13008 8782 9876 10786 7285 7286 8783 8785 10973 10974 10975 10976 10977 
interoperable 1 7206 
erp 1 4810 
automated 1 5513 
mechanism 15 12185 8325 7264 7263 8505 9490 9795 9796 9797 9798 9799 9801 9802 9803 9804 
grid-enabling 1 7206 
re-optimization 1 6990 
teraflows 5 7601 7602 8023 8855 8858 
distances 8 7601 7602 8994 10566 10567 10568 10569 10570 
hierarchical 11 9795 9796 9797 9798 9799 9801 9802 9803 9804 7206 9395 
gmbs 1 7206 
simulating 1 11388 
tree 1 7501 
ngssc 1 8632 
co-processor 1 13149 
industry 11 7746 11994 11995 11996 11998 11999 12000 12001 12002 12003 12004 
exchange 7 7308 7719 7092 12352 8448 12353 4810 
lhc 4 10362 11171 11172 11173 
strategies 1 12185 
platform 10 13399 13400 7308 12352 7175 12796 9179 8448 12353 4810 
games 1 7090 
dipas 2 7507 7090 
clustergrids 1 7206 
operational 2 12135 1396 
nonpolar 2 7729 7738 
gaps 1 5513 
visual 5 9719 8023 7285 8021 8022 
right-protected 1 17679 
peta-scale 5 7308 12352 8448 12353 4810 
legacy 1 7206 
placement 1 12185 
qos-aware 4 7264 8811 8505 11464 
physics 11 11536 11537 11538 11539 12764 12765 12766 12767 12768 12769 10928 
translation 11 9795 9796 9797 9798 9799 9801 9802 9803 9804 9898 9899 
assembly 5 8782 7285 8783 8785 8788 
synchronisation 3 10556 10557 10558 
centers 7 7621 9805 9806 12191 10462 12192 10403 
secure 5 8662 8663 8664 6990 8218 
block 1 7361 
line 1 5513 
emergent 3 12748 12749 9394 
retrieval 1 4810 
mapping 4 8325 7264 7263 8505 
hydrodynamic 2 13296 13297 
computers 1 10983 
symmetrical 1 7593 
optimized 2 12185 7907 
transport 2 7912 10909 
glite 1 7206 
rationale 2 8994 8995 
accelerating 3 7206 7285 8246 
end 1 7206 
egee 1 7206 
networking 44 7077 7092 7903 7904 8067 8068 8994 8995 8023 8855 7666 7674 8643 8782 7746 11994 11995 11996 11998 11999 12000 12001 12002 12003 12004 11151 7285 7286 8022 8781 8783 8784 8246 8785 8786 8787 8788 8790 8791 8792 8793 8794 8795 8796 
switched 8 7828 7829 7831 7834 7835 7836 7837 7838 
cache 2 7285 8246 
itemsets 2 17679 19093 
automation 4 12121 12122 12123 12124 
snipe 1 7673 
framework 18 12750 7624 7619 7620 7621 7623 8662 8663 8664 9721 9722 6990 6991 6992 6993 9310 11782 4810 
logicflow 1 7206 
databases 4 7206 10556 10557 10558 
recommender 3 7264 8505 9490 
fpga-based 11 9795 9796 9797 9798 9799 9801 9802 9803 9804 9898 9899 
fractal 2 13296 13297 
improving 2 8067 8068 
cfd 1 10006 
grasp-based 1 6990 
acceleration 11 9795 9796 9797 9798 9799 9801 9802 9803 9804 9898 9899 
structural 2 12135 1396 
remote 6 8401 7738 8782 13653 13654 8396 
scheduling 24 12851 12852 12853 12185 12750 7624 13149 8068 7090 7206 6990 6991 6992 6993 7175 9878 8782 9876 7501 7502 7503 7285 7286 8246 
percolation-driven 1 6990 
model-based 1 8246 
algorithms 6 10983 7206 9762 9763 8061 9394 
genius 6 9273 9274 9275 9277 9278 9279 
checkpointing 1 7206 
enterprise 1 4268 
logging 1 12573 
dvfs 1 10403 
derivation 1 10983 
energy-aware 5 7624 7619 7620 7621 7623 
regulation 1 10719 
media 26 7308 7092 7895 7896 7897 7898 7899 7900 7901 7902 7903 7904 7905 7906 7907 7908 7909 7910 7911 7912 7913 7914 7915 12352 8401 13008 
generic 2 11949 7206 
gpgpus 1 8876 
alignment 1 9310 
ogsa-based 3 7263 8811 8812 
pyr 1 8276 
bandwidth 4 7601 7590 7593 8745 
evaluation 1 7206 
magazine 1 7361 
sharing 11 8023 8855 7206 7666 7674 8643 11151 8876 10196 10461 8212 
sla-based 6 7057 7058 7060 7061 7062 7064 
finding 1 7092 
toolkit 6 7285 10973 10974 10975 10976 10977 
making 1 7206 
definition 4 7092 12352 8401 13008 
vision 1 5513 
demanding 4 12164 12165 7361 10041 
overcoming 1 7593 
marshaling 1 11782 
soft 5 7619 8325 7264 8326 8950 
wide-area 30 8023 8855 8782 7281 7283 12354 7280 7282 7284 7285 7286 8783 8784 8246 8785 8786 8787 8788 9773 13191 13192 13193 13194 13195 13196 13197 13198 13199 13200 10778 
address 11 9795 9796 9797 9798 9799 9801 9802 9803 9804 9898 9899 
self-healing 2 9011 9013 
special 17 7264 7263 8067 8068 8118 7206 7175 9761 9762 9763 9764 8061 8062 12161 11114 11115 12251 
group 2 9721 9722 
user 8 7901 7905 7728 7206 7727 7729 7767 7768 
storage 27 7308 8023 8855 12352 8218 8782 10719 8743 7281 8448 7283 7141 11399 12353 7285 8783 8784 8246 8785 8787 4810 11397 7138 11398 11400 11401 11402 
reliable 1 8218 
using 43 10403 12648 12649 12650 10584 10585 7073 7077 7719 7092 7728 10536 8023 8855 8858 7090 7206 8480 9310 10556 10557 10558 7727 7729 10362 11171 11172 11173 8782 10719 10447 10780 12596 13296 13297 8448 7285 8022 8783 8246 8785 8788 4810 
communities 1 7206 
predictions 1 8292 
benefit 4 12164 12165 7361 10041 
workflows 3 9719 7507 7090 
accounting 1 10403 
high-resolution 6 8782 8745 7285 7286 11402 9773 
cyclone 2 7285 8246 
protein 1 10447 
thread 1 13149 
interfaces 11 9795 9796 9797 9798 9799 9801 9802 9803 9804 9898 9899 
spider 1 11737 
propagation 1 7175 
guaranteeing 3 8325 7264 8505 
black 2 10512 10513 
limits 1 10719 
monitoring 18 7624 7619 7620 7621 7623 10584 10585 11536 11537 11538 11539 12764 12765 12766 12767 12768 12769 10928 
ibp 2 7666 11151 
achieving 21 9806 10462 10403 8782 7285 7286 8781 8783 8784 8246 8785 8786 8787 8788 8790 8791 8792 8793 8794 8795 8796 
recombination 2 7729 7738 
harness 8 7666 7669 7670 7671 7672 7673 7674 7675 
image 3 8401 8745 11402 
hd 1 7912 
causal 1 7175 
transmission 3 8401 8396 9212 
tiled 2 8745 11402 
provenance 1 8218 
editor 2 10584 7206 
scenario 2 9395 9394 
automata 3 8276 11388 10909 
third-generation 7 8743 7281 8448 8744 7283 8745 8747 
discovery 9 12185 7092 7206 6990 12596 12795 12796 12797 9179 
mechanisms 1 12185 
review 1 4810 
assessing 1 7620 
imagery 1 8745 
user-centric 2 7092 9165 
sage 3 8782 7285 8787 
ec 1 13028 
execution 6 4268 7092 9165 7206 8292 6990 
programming 11 10584 10585 12066 7728 8292 10945 7672 7593 10360 10361 10362 
end-to-end 5 8782 7285 8783 8785 8788 
current 2 8994 8995 
metacomputing 6 12164 12165 7361 10041 7672 10196 
checking 4 10362 11171 11172 11173 
caching 3 19863 19864 19865 
intensive 2 7603 8067 
streaming 25 7308 12352 8401 8743 8744 8745 12344 8396 12345 10394 12346 12347 12348 12349 12350 9212 12351 12353 12354 12355 12356 10836 12357 7285 8785 
clouds 13 12185 7624 7619 7620 7621 7623 8023 8855 6990 8218 12796 9179 8246 
workload 3 7501 7502 7503 
multi-objective 3 7090 9876 7501 
udt 5 7601 7602 8023 8855 8858 
organizations 4 8782 7285 7286 8783 
virtualization 1 7175 
web 17 7057 7058 7060 7061 7062 7064 13332 13333 13334 13335 7175 9876 7746 11114 11115 9004 9179 
infn-grid 2 9274 10558 
attribute-based 6 8406 8407 8408 8409 8410 8411 
solving 2 7206 12596 
chemistry 2 7141 7138 
ecoinformatics 2 13399 13400 
tightly 1 13028 
methods 2 8212 10909 
communicating 1 13400 
versus 5 12362 12363 12364 7974 7976 
high-speed 5 7308 12352 8448 12353 4810 
privacy-preserving 1 8218 
long 8 7601 7602 8994 10566 10567 10568 10569 10570 
exploring 3 7601 7602 7603 
ultra-high-resolution 1 8745 
phenomena 1 11388 
latency 2 7590 7593 
deal 2 10461 8212 
run-time 5 10438 10439 10440 10441 10442 
transcoding 2 7901 7905 
future 2 8061 8062 
tiling 3 7728 7727 7729 
victoria 2 13399 13400 
ant 2 9821 9822 
sdn 1 7902 
light 2 10512 10513 
enhancing 2 7666 11151 
environments 31 7619 10403 8325 7264 8326 8950 7263 8811 8505 9490 9523 11464 12066 7728 8480 6990 6991 6992 6993 9011 9013 7593 10360 10361 10362 8782 8745 7285 7286 8785 9773 
switching 5 7903 7904 8401 8396 9212 
detection 1 7175 
educational 1 7281 
internet 9 7666 7674 8643 19863 19864 19865 11151 8876 10196 
provisioning 5 8325 7264 8326 8505 7090 
wall 3 8782 7285 7286 
mobile 5 7263 8505 9523 12796 9179 
enforcement 1 9629 
reflection 1 5513 
trusted 1 7175 
affinities 2 8067 8068 
understanding 2 13400 9719 
today 1 9004 
flying 2 7285 10778 
enhance 2 7141 7138 
area 3 8023 8855 6990 
experience 4 7738 8782 13653 13654 
inter-cloud 3 8662 8663 8664 
parallel 30 10584 7728 8118 7206 8570 8480 8571 8572 8573 8061 7590 7593 7727 7729 7738 7767 7768 11966 11967 11968 11969 11970 11971 8157 8159 8212 9395 9394 8448 4810 
audio 2 8744 10836 
speed 1 7092 
society 1 13400 
communication 3 8662 8663 8664 
sdr 1 4810 
behavioral-based 3 8325 7264 8326 
prediction 2 9876 10447 
game 1 10719 
memory 6 11536 11537 11538 11539 17679 19093 
message 1 7206 
ultra-fast 2 7285 8246 
systemic 9 9795 9796 9797 9798 9799 9801 9802 9803 9804 
multi-dimensional 1 9876 
e-science 1 7912 
cooperative 1 9538 
approach 11 8118 7206 6990 12362 12363 12364 9395 9394 10909 11037 8745 
numerical 4 9762 9763 7974 7976 
akl 2 12135 1396 
multi-user 5 8782 8745 7285 7286 9773 
automobile 1 5513 
visualization 42 7738 8782 13653 13654 8743 7281 7283 8745 7141 11399 12354 7280 7282 7284 7285 7286 7287 8783 8784 8246 8785 8786 8787 8788 11397 7138 11398 11400 11401 11402 9773 13191 13192 13193 13194 13195 13196 13197 13198 13199 13200 10778 
euromed 1 7361 
e-payment 1 8218 
guarantees 4 7621 9629 9805 9806 
approximate 1 9876 
federated 18 12573 7092 6990 6991 6992 6993 7828 7829 7831 7834 7835 7836 7837 7838 12795 12796 12797 9179 
programs 2 7206 11737 
services 26 12648 12649 12650 8662 8663 8664 8325 7264 10521 10522 10523 10524 10525 10526 10527 10528 9721 9722 8023 8855 8858 6990 7672 12596 9179 8022 
aaa 1 11949 
ecological 3 7619 7620 10356 
pyxis-dt 5 7728 7727 7729 7767 7768 
reality 13 8743 7281 8448 8744 7283 8745 8747 7280 7282 7284 7285 7286 7287 
flexible 2 9395 9394 
collaboratory 35 8782 7281 7283 11664 7141 11399 11665 11666 11667 11668 12354 7280 7282 7284 7285 7286 8783 8784 8246 8785 8786 8787 8788 9773 13191 13192 13193 13194 13195 13196 13197 13198 13199 13200 10778 
gas 1 11037 
enabling 13 7903 7904 8023 8855 7206 8218 8782 9918 7285 7286 8022 8783 9773 
traffic 1 7175 
negotiation 1 9629 
delivery 6 7285 10973 10974 10975 10976 10977 
novel 2 9395 9394 
different 1 9878 
mapfs-dai 2 8157 8159 
metagenomics 7 11664 7141 11399 11665 11666 11667 11668 
experiences 2 8061 8062 
development 2 10584 7206 
pictures 3 8401 8396 9212 
constraint 1 9876 
algorithm 2 10299 10300 
optiportal 22 8782 8743 7281 8448 8744 7283 8745 8747 7141 11399 7285 8783 8784 8246 8785 8787 11397 7138 11398 11400 11401 11402 
coarse-grained 1 7206 
initiation 4 13332 13333 13334 13335 
closed 2 17679 19093 
mt 1 8276 
space--distributed 2 7285 10778 
middleware 8 9806 10462 10403 8023 8855 7206 7141 7138 
machines 4 12185 7619 7620 10356 
supercomputing 11 7746 11994 11995 11996 11998 11999 12000 12001 12002 12003 12004 
extension 3 7206 8157 8159 
walls 2 8745 11402 
p-grade 1 7206 
gigabit 11 7601 7602 8994 10566 10567 10568 10569 10570 8023 8855 8858 
energy-efficient 8 7621 9805 9806 12191 10462 12192 10403 7090 
classification 1 9629 
multifaceted 7 7621 9805 9806 12191 10462 12192 10403 
nl 1 7077 
design 13 12164 12165 7361 10041 7907 8401 8118 11966 11967 11968 11969 11970 11971 
multicore 3 8067 8068 7175 
technology 4 7902 8061 8062 4810 
location 1 9394 
perspectives 11 7746 11994 11995 11996 11998 11999 12000 12001 12002 12003 12004 
study 13 7666 7674 8643 10556 10557 10558 11151 8876 10196 8212 11806 11807 11808 
computing 74 7057 7058 7060 7061 7062 7064 7620 12066 7603 8067 8068 7728 7206 8480 6990 7175 11545 8218 7666 7674 8643 9761 9762 9763 9764 10299 10300 8632 7593 7727 7729 7767 7768 10360 10361 10362 8782 8082 8084 9876 10786 11966 11967 11968 11969 11970 11971 10438 10439 10440 10441 10442 11151 9395 9394 8743 7281 8744 7283 7141 11399 10836 7285 8783 8784 8246 8785 8787 11397 7138 11398 11400 11401 11402 
studies 4 8023 8855 8858 8022 
level 4 7263 8811 8812 7206 
geoscience 1 12596 
sets 4 8023 7285 8021 8022 
forensics 1 8218 
sla 1 9629 
consolidation-aware 1 7175 
in-memory 1 7593 
competence 1 4810 
live 3 8401 8396 10394 
challenges 3 12161 11114 11115 
controlled 2 7901 7905 
workflow-based 5 7308 12352 8448 12353 4810 
machine 9 8118 7666 7669 7670 7671 7672 7673 7674 7675 
parallelization 3 12362 12363 12364 
curation 4 8745 9596 9597 9598 
re-outsourcing 1 8218 
issues 1 10719 
executing 1 10006 
incremental 1 11782 
post-production 2 8744 10836 
multithreaded 1 8118 
mining 9 8023 8855 17679 19093 10447 10780 7285 8021 8022 
concept 6 8406 8407 8408 8409 8410 8411 
scope 1 6990 
application-level 3 8662 8663 8664 
volunteer 3 7206 9395 9394 
limitations 3 7601 7602 7603 
grid-based 3 7073 7074 7077 
dome 1 8401 
runtime 3 9011 9013 7593 
way 6 9273 9274 9275 9277 9278 9279 
improve 1 4810 
enhanced 2 10584 10585 
network 52 13332 13333 13334 13335 9795 9796 9797 9798 9799 9801 9802 9803 9804 9898 9899 7308 7092 7895 7896 7897 7898 7899 7900 7901 7902 7903 7904 7905 7906 7907 7908 7909 7910 7911 7912 7913 7914 7915 8067 8068 9721 9722 10109 7728 12352 9011 9013 10196 7501 8448 12353 4810 
online 5 11536 11537 11538 11539 7090 
risk 4 12648 12649 12650 9538 
real 3 8401 8396 9212 
selected 2 9762 9763 
ethernet 8 7601 7602 8994 10566 10567 10568 10569 10570 
gmpls 1 8790 
driven 3 12648 12649 12650 
scalable 30 12750 7624 8662 8663 8664 13149 12066 6990 7673 9011 9013 8782 7746 8743 7281 7283 7141 11399 7285 8783 8784 8246 8785 8787 11397 7138 11398 11400 11401 11402 
ultra-high-definition 28 8782 7281 7283 12354 7280 7282 7284 7285 7286 8783 8784 8246 8785 8786 8787 8788 9773 13191 13192 13193 13194 13195 13196 13197 13198 13199 13200 10778 
spectra 2 10447 10780 
crowdsensing 2 12796 9179 
swarm 2 9821 9822 
healthcare 1 6990 
abstract 1 8118 
caast 10 8325 7264 10521 10522 10523 10524 10525 10526 10527 10528 
application 13 10983 8325 7264 8326 7206 7672 11966 11967 11968 11969 11970 11971 8276 
resource 34 12185 7621 9805 9806 12191 10462 12192 10403 12648 12649 12650 8325 7264 8326 7719 7092 7090 6990 7666 7674 8643 8782 11151 8876 10196 10719 10461 8212 12795 12796 12797 9179 7285 7286 
infrastructure-level 1 7621 
e-toile 4 7666 7674 8643 11151 
undermining 1 7175 
macroscopic 1 11388 
section 17 7264 7263 8067 8068 8118 7206 7175 9761 9762 9763 9764 8061 8062 12161 11114 11115 12251 
convolution 3 7728 7727 7729 
rdma-enabled 11 9795 9796 9797 9798 9799 9801 9802 9803 9804 9898 9899 
real-world 1 11737 
itis 1 7361 
smart 3 12648 12649 12650 
multicluster 5 10438 10439 10440 10441 10442 
intelligent 5 7903 7904 8023 8855 8022 
mpi 2 7974 7976 
qos 9 7621 9629 9805 9806 8325 7264 8505 11949 6990 
collaborative 22 7092 8782 7746 11994 11995 11996 11998 11999 12000 12001 12002 12003 12004 10461 8212 8448 8744 8745 10836 7285 7286 8783 
visualizing 1 8745 
metropolitan 1 6990 
starcave 7 8743 7281 8448 8744 7283 8745 8747 
optimal 4 12185 7501 7502 7503 
providers 3 12185 7621 9629 
scheme 2 9395 9394 
maximization 1 9629 
asynchronous 2 10299 10300 
high-level 3 8325 7264 8326 
brain 5 8782 7285 8783 8785 8788 
multi-touch 1 8745 
cell 3 12362 12363 12364 
international 77 7895 7896 7897 7898 7899 7900 7901 7902 7903 7904 7905 7906 7907 7908 7909 7910 7911 7912 7913 7914 7915 12352 8401 8782 7828 7829 7831 7834 7835 7836 7837 7838 8743 7281 8744 7283 12344 8396 12345 10394 12346 12347 12348 12349 12350 9212 12351 12353 12354 12355 12356 10836 12357 7280 7282 7284 7285 7286 8783 8784 8246 8785 8786 8787 8788 9773 13191 13192 13193 13194 13195 13196 13197 13198 13199 13200 10778 
high-performance 21 8067 8068 7728 8023 8855 8480 7593 10360 10361 10362 11966 11967 11968 11969 11970 11971 10438 10439 10440 10441 10442 
hpc 3 8082 8084 13028 
load 1 7501 
trends 2 8061 8062 
vm 5 7624 7619 7620 7621 7623 
fairshare 2 12750 7624 
simple 6 9273 9274 9275 9277 9278 9279 
data 71 12121 12122 12123 12124 7621 9805 9806 12191 10462 12192 10403 7264 8811 8505 11464 10928 7603 8067 7728 8023 8855 8858 17679 6990 8218 9273 9274 9275 9277 9278 9279 7593 7727 7729 7767 7768 8782 10926 10927 10929 10930 10931 10933 10934 7746 10719 10447 10780 9395 9394 7501 7502 7503 8448 8745 7285 8021 8022 8783 8246 8785 8788 9596 9597 9598 4810 10973 10974 10975 10976 10977 
theaters 1 8401 
vr 2 7361 10041 
worlds 1 7361 
digital 43 7895 7896 7897 7898 7899 7900 7901 7902 7903 7904 7905 7906 7907 7908 7909 7910 7911 7912 7913 7914 7915 12352 8401 8218 8743 8744 12344 8396 12345 10394 12346 12347 12348 12349 12350 9212 12351 12353 12354 12355 12356 10836 12357 
differences 2 7590 7593 
document 1 4810 
personal 8 7281 7283 7280 7282 7284 7285 7286 7287 
utilization 1 8218 
multiuser-centered 3 8782 7285 7286 
easy 6 9273 9274 9275 9277 9278 9279 
dynamics 1 10909 
ve 1 4268 
grade 3 10584 10585 7206 
debugging 3 12066 7206 11737 
appliance 2 8118 7206 
initiative 21 7895 7896 7897 7898 7899 7900 7901 7902 7903 7904 7905 7906 7907 7908 7909 7910 7911 7912 7913 7914 7915 
terastream 5 7903 7904 8023 8855 8022 
uk 1 4810 
aneurism 3 11806 11807 11808 
facilitate 2 9721 9722 
g-lambda 1 8790 
matrix 1 13283 
grads 1 9310 
interoperability 1 7206 
multi-installment 3 7501 7502 7503 
fault 14 7263 8505 9523 9795 9796 9797 9798 9799 9801 9802 9803 9804 7666 8643 
selection 4 7264 8505 9490 9394 
adaptation 2 13399 13400 
immersive 1 7671 
field 1 6990 
slas 4 7621 9629 9805 9806 
vtk 1 7671 
overview 1 7746 
modeling 6 7903 7904 7175 11114 11115 11037 
multi-point 2 8401 8396 
infrastructure 8 7264 8505 9719 4268 7092 6990 9004 13028 
coding 2 8448 4810 
publishing 1 17679 
optical 41 7092 7903 7904 8994 8995 8023 8855 12352 8401 13008 6990 7738 8782 13653 13654 7828 7829 7831 7834 7835 7836 7837 7838 7285 7286 8022 8781 8783 8784 8246 8785 8786 8787 8788 8790 8791 8792 8793 8794 8795 8796 
astrophysics 2 7903 7904 
tm 1 7671 
preprocessing 2 10447 10780 
multi-layer 1 7092 
terms 3 8325 7264 8326 
draxml 1 8480 
analysing 4 12121 12122 12123 12124 
congestion 1 10719 
application-layer 1 7175 
solvers 2 7974 7976 
inspection 1 5513 
finite 3 12362 12363 12364 
gbps 8 10928 10926 10927 10929 10930 10931 10933 10934 
metrics 4 7621 9629 9805 9806 
cellular 3 8276 11388 10909 
networks 27 7308 7601 7602 7603 7092 8023 8855 12352 8401 13008 7828 7829 7831 7834 7835 7836 7837 7838 7285 8021 8022 8246 10973 10974 10975 10976 10977 
quanta 6 7285 10973 10974 10975 10976 10977 
multi-domain 3 7073 7077 10536 
physically 2 7285 10778 
workflow 12 7619 8325 7264 8326 8950 7263 8505 7090 7206 8292 9878 8246 
cpu-based 4 7621 9629 9805 9806 
logic 1 1396 
size 3 12362 12363 12364 
terascope 4 8023 7285 8021 8022 
frame 4 8325 7264 7263 8505 
service-oriented 4 12750 7264 8505 9490 
empirical 2 11388 4810 
model 28 9629 11536 11537 11538 11539 7206 10945 8570 8480 8571 8572 8573 6990 10362 11171 11172 11173 10461 8212 9004 9395 9394 8276 7501 7502 7503 8744 10836 
testbed 31 10928 7895 7896 7897 7898 7899 7900 7901 7902 7903 7904 7905 7906 7907 7908 7909 7910 7911 7912 7913 7914 7915 9274 10558 10926 10927 10929 10930 10931 10933 10934 
massively 2 7090 8745 
instrumentation 1 9179 
engineering 1 4810 
facility 28 8782 7281 7283 12354 7280 7282 7284 7285 7286 8783 8784 8246 8785 8786 8787 8788 9773 13191 13192 13193 13194 13195 13196 13197 13198 13199 13200 10778 
allocation 9 7092 10719 7501 7502 7503 12795 12796 12797 9179 
real-time 35 7619 8325 7264 8326 8950 7263 8505 12352 8401 7090 6990 8782 8743 8744 12344 8396 12345 10394 12346 12347 12348 12349 12350 9212 12351 12353 12354 12355 12356 10836 12357 7285 8783 8785 8788 
autostereoscopic 8 7281 7283 7280 7282 7284 7285 7286 7287 
defense 1 7175 
expanding 2 9395 9394 
web-based 1 9538 
provider 2 9721 9722 
principles 1 13149 
demonstration 19 7601 8782 7285 7286 8781 8783 8784 8246 8785 8786 8787 8788 8790 8791 8792 8793 8794 8795 8796 
school 1 8632 
supporting 7 7621 9629 9805 9806 7361 10041 7206 
stented 3 11806 11807 11808 
temporal 1 7281 
service 40 12185 7624 7057 7058 7060 7061 7062 7064 7619 7620 7621 7623 8325 7264 7263 8811 8812 8505 9490 9719 10928 7902 9721 9722 7507 7090 8118 7206 6990 10926 10927 10929 10930 10931 10933 10934 10196 12796 9179 8790 
coupled 1 13028 
microscopic 4 7601 7602 7603 9595 
operations 3 7728 7727 7729 
uncompressed 3 8401 8396 9212 
selfish 4 6990 6991 6992 6993 
perpetual 1 1396 
risks 1 7621 
center 1 10719 
airport 1 8480 
open 5 10438 10439 10440 10441 10442 
varrier 8 7281 7283 7280 7282 7284 7285 7286 7287 
file 6 8401 7593 8157 8159 9395 9394 
evolutionary 1 8292 
giga-stack 1 8745 
weather 1 10196 
deployment 3 12185 8118 7206 
business-driven 1 7621 
igrid 8 7601 7092 7903 7904 8023 8855 8858 8022 
compression 2 6990 8876 
gloriad 1 7912 
information 3 7361 7673 4810 
problems 1 12596 
gpus 3 7728 7727 7729 
form 1 10719 
national 1 8632 
art 2 7285 10778 
experimental 25 7895 7896 7897 7898 7899 7900 7901 7902 7903 7904 7905 7906 7907 7908 7909 7910 7911 7912 7913 7914 7915 8023 8855 8858 8022 
interaction 4 8782 7285 7286 9773 
prevent 1 10719 
flows 7 7601 7602 7603 8067 8068 9595 8276 
logistical 4 7666 7674 8643 11151 
experimentation 1 10719 
trees 1 8480 
computation 1 8480 
tckpt 1 7206 
fault-tolerant 2 9011 9013 
wans 5 7601 7602 8023 8855 8858 
examination 4 7601 7602 7603 9595 
collaboration 12 12121 12122 12123 12124 7912 8401 8782 9918 8396 7285 8785 8787 
tomorrow 1 9004 
effective 1 6990 
sensing 2 12796 9179 
private 1 7206 
particle 4 12362 12363 12364 10909 
d-grid 17 8406 8407 8408 8409 8410 8411 11536 11537 11538 11539 12764 12765 12766 12767 12768 12769 10928 
contracts 3 7263 8811 8812 
giving 1 10719 
ubiquitous 1 6990 
backplane 6 7666 7674 8643 11151 8876 10196 
augmented 1 7206 
migration 2 7666 8643 
viewers 1 7671 
uclp-enabled 1 7912 
all-optical 1 6990 
access 8 6990 9273 9274 9275 9277 9278 9279 4810 
research 37 7092 7895 7896 7897 7898 7899 7900 7901 7902 7903 7904 7905 7906 7907 7908 7909 7910 7911 7912 7913 7914 7915 7746 11994 11995 11996 11998 11999 12000 12001 12002 12003 12004 8745 9596 9597 9598 
integrated 1 4810 
cardiac 2 11114 11115 
industrial 1 9719 
corba-based 1 8480 
cloud 37 12185 12748 12749 7620 7621 9629 9805 9806 12648 12649 12650 8325 7264 8326 10521 10522 10523 10524 10525 10526 10527 10528 7907 7206 6990 6991 6992 6993 7175 11545 8218 8082 8084 9876 10786 10719 13028 
tcp 4 7601 7602 7603 9595 
based 26 8325 7264 8326 8811 8505 11464 13149 11536 11537 11538 11539 7077 11949 7206 6990 6991 6992 6993 7974 7976 9876 8157 8159 9179 7285 10778 
sector 2 8023 8855 
users 1 7206 
functional 18 8782 7285 7286 8781 8783 8784 8246 8785 8786 8787 8788 8790 8791 8792 8793 8794 8795 8796 
datacenter 2 12748 12749 
on-line 2 7361 12066 
impact 2 8067 8068 
avs 1 7671 
tools 3 12066 11114 11115 
terabit 18 8782 7285 7286 8781 8783 8784 8246 8785 8786 8787 8788 8790 8791 8792 8793 8794 8795 8796 
divisible 3 7501 7502 7503 
integrative 1 4810 
power 3 10403 9721 9722 
data-flow 1 13149 
amplified 2 7285 8785 
kites 2 7285 10778 
systems 23 10983 9795 9796 9797 9798 9799 9801 9802 9803 9804 8067 8068 8118 7206 8218 8061 11782 12251 9395 7501 7502 7503 4810 
portal 5 7206 8782 12596 7285 8787 
global 53 7895 7896 7897 7898 7899 7900 7901 7902 7903 7904 7905 7906 7907 7908 7909 7910 7911 7912 7913 7914 7915 10299 10300 8782 9395 9394 7281 7283 12354 7280 7282 7284 7285 7286 8783 8784 8246 8785 8786 8787 8788 9773 13191 13192 13193 13194 13195 13196 13197 13198 13199 13200 10778 
data-intensive 4 8067 8068 6990 8448 
properties 2 13296 13297 
modelling 1 11388 
pmc-based 1 10403 
throughput 2 8067 8068 
environment 30 8325 7264 10521 10522 10523 10524 10525 10526 10527 10528 12164 12165 7361 10041 10584 10585 7092 7907 9165 7206 6990 7673 7746 10438 10439 10440 10441 10442 7281 4810 
importance 4 7264 8811 8505 11464 
program 3 10584 7206 8480 
conditional 1 8218 
management 34 12750 7624 7057 7058 7060 7061 7062 7064 7619 7620 7621 7623 9805 9806 12191 10462 12192 10403 12648 12649 12650 8325 7264 8326 8950 7263 8505 9523 9538 7073 7074 7077 6990 4810 
passing 1 7206 
efficient 15 12851 12852 12853 7263 8505 9523 17679 19093 7206 7175 8218 19863 19864 19865 11782 
agents 4 6990 6991 6992 6993 
object 1 11037 
licenses 6 7057 7058 7060 7061 7062 7064 
displays 4 8782 8745 7285 8787 
interactive 6 7619 8325 7264 8326 8950 7912 
dis 1 8480 
bone 1 7281 
mean 1 6990 
observing 1 10006 
stackelberg 1 10719 
graphics 2 7285 8785 
operators 2 7974 7976 
vos 1 7206 
netsolve 4 7666 8643 10299 10300 
aerospace 11 7746 11994 11995 11996 11998 11999 12000 12001 12002 12003 12004 
website 1 13400 
abstracted 1 7907 
rich 4 8782 7285 7286 8783 
processors 1 9878 
technologies 2 7141 7138 
multimedia 6 7728 7727 7729 7767 7768 9395 
cinema 21 12352 8401 8743 8744 12344 8396 12345 10394 12346 12347 12348 12349 12350 9212 12351 12353 12354 12355 12356 10836 12357 
vpn 1 7902 
industries 1 4810 
shedding 2 10512 10513 
context 3 7073 7074 7077 
easy-to-use 1 7902 
