<Keyword> <No of vertices> <vertex1> <vertex2> .... <vertexN> 
lightpath 4 10819 10820 10821 10823 
institutional 2 12507 6584 
nested 4 18719 18720 1891 18721 
external 1 46 
cloudsnap 1 6967 
refining 1 17926 
desktop 4 7205 7737 8768 11822 
managing 5 10559 10560 10561 10562 10565 
prototyping 2 4452 4453 
lambda 2 13365 11496 
networked 1 3659 
time 8 18457 18458 18459 8398 8400 9211 9213 9214 
semantics 5 12193 46 4087 4088 1395 
materials 2 6102 6103 
promoting 2 9602 9603 
event 1 11496 
latency-tolerant 1 7017 
adaptable 5 18134 8993 10889 10890 10891 
advanced 1 7845 
objects 4 19123 19124 18155 10207 
video 18 11087 11088 11089 11090 11091 11092 11093 11094 10819 10820 10821 10823 8397 8398 8399 8400 11038 11039 
incorporation 5 7135 7136 7137 7139 7140 
loading 1 1430 
wide 1 12067 
partial 1 46 
evolution 2 15691 15692 
aggregation 2 19496 19497 
elicitation 1 19017 
quality 8 9363 9364 5331 5333 5347 5348 8240 8241 
sticker 1 46 
codes 2 7627 7628 
network-aware 1 13031 
big 7 7522 12193 7626 7627 7628 9124 9125 
attacks 3 6584 7844 7845 
robotic 1 5455 
reinforcement 1 19017 
array 3 8694 5405 8696 
dynamic 9 7752 7755 11886 1891 18721 6478 6479 7017 8732 
compatibility 3 6934 11740 10207 
parsa 6 9533 8869 9534 9535 9536 7705 
knowledge 6 6102 6103 3659 6467 6468 4321 
behavior 4 12945 12946 12947 12948 
clover 2 6513 6514 
gred 2 12490 12115 
object-oriented 1 17725 
re-encryption 2 10346 10345 
data-aware 1 9684 
classes 1 46 
simulator 3 10384 10385 10386 
forecasting 1 10197 
competency-centric 2 4087 4088 
new 8 8694 3659 9684 8219 10346 7169 13274 6967 
predict 2 7755 11293 
testing 2 4077 4079 
public 1 16360 
multiprocessor 1 12275 
resources 3 6934 7981 11740 
lightpaths 8 11087 11088 11089 11090 11091 11092 11093 11094 
computational 12 11379 6934 7981 12103 11602 7135 7136 7137 7139 7140 9323 8268 
designing 1 9261 
paradigm 1 9684 
tool 6 5405 9539 9540 8477 8478 10989 
distributed 44 9533 8869 9534 9535 9536 7705 8139 7187 12266 7977 7979 3129 7980 19470 19471 18134 19472 8694 5405 8696 6934 7016 7017 9720 12275 12507 12508 12509 9323 8268 7438 8477 8478 8479 8481 7627 7628 7845 10346 10207 9137 9774 10197 6967 
spillovers 1 12507 
tibet 3 13009 13010 2591 
architecture 15 4198 4196 8993 10889 10890 10891 11049 11050 11051 11052 11053 11054 7017 9323 8268 
usability 5 7135 7136 7137 7139 7140 
software 5 4610 7705 4321 4320 4323 
self-managed 1 10463 
medical 4 7362 8477 8478 10989 
inter-enterprise 1 8732 
basic 1 46 
heuristics 1 7089 
reputation 2 19496 19497 
composition 5 5347 5348 8240 8241 7169 
processing 6 19447 13009 13010 2591 12193 18134 
perspective 2 6102 6103 
motion 6 3129 8398 8400 9211 9213 9214 
embedding 1 46 
contributions 1 1395 
processes 1 1395 
execute 1 10207 
protocols 3 1695 497 3659 
automatic 1 7705 
display 3 9980 10981 10982 
untraceability 1 10345 
fan 1 7027 
cinegrid 3 12507 12508 12509 
cream 1 11067 
ibpster 2 11038 11039 
behavioral 1 10207 
orders 1 46 
fast 2 19496 19497 
sparse 1 5405 
backbone 3 6584 7844 7845 
update 1 7845 
ray 3 13009 13010 2591 
set-based 1 17926 
evidence 3 11132 11133 11134 
vdb-mr 5 7705 7977 7979 3129 7980 
analysis 24 9533 8869 9534 9535 9536 7705 19447 3659 4046 12507 11496 7626 7627 7628 7845 11231 11232 11873 11874 11875 11237 11876 11877 11238 
landscape 1 46 
simulation 9 4452 4453 7187 12266 3129 10989 12429 12430 12431 
business 6 9363 9364 4087 4088 3659 4046 
quadrature 1 1435 
wireless 1 10207 
fuzzy 4 11379 5347 5348 5349 
membrane 1 46 
homomorphisms 1 46 
sites 4 8397 8398 8399 8400 
stereoscopic 1 3129 
generative 1 46 
estimates 1 8839 
bgqos 2 9363 9364 
layer 1 2591 
injection 1 2591 
semantic 3 5347 5348 5349 
meta-controlled 1 46 
meta-data 1 3659 
codings 1 46 
acid 1 7735 
outsourcing 3 4340 4341 4342 
royal 1 16360 
box 2 6934 11564 
assessment 4 12358 12359 12360 12361 
jobs 2 11379 7017 
filtering 1 7845 
telemedicine 1 7362 
verify 4 19470 19471 18134 19472 
substitution 1 46 
layered 5 8397 8398 8399 8400 10207 
languages 1 46 
replication 5 7752 7755 7627 7628 7845 
social 6 11133 11661 6966 11662 11663 6967 
dargos 4 8993 10889 10890 10891 
oriented 3 7187 12266 9720 
programmed 1 46 
graphical 2 12490 12115 
transfer 3 13009 13010 2591 
ros 6 11049 11050 11051 11052 11053 11054 
forums 1 7362 
support 1 8768 
adaptive 15 7735 1435 13305 13306 13307 13308 13309 13310 9539 9540 7626 11547 11548 11549 11550 
list-based 1 7089 
privacy 2 8139 7845 
job 11 7752 7755 12255 12256 7017 11067 9877 11485 11486 11487 11488 
health 1 10345 
cryptography 1 7379 
tri-continental 1 8400 
distribution 5 13009 13010 2591 10163 10164 
catenative 1 46 
plug-ins 1 10207 
traffic-indexed 6 11638 11639 11640 11641 11642 11643 
auto 1 8694 
heuristic 1 11379 
iaas 2 7498 6934 
lands 3 8147 8148 8149 
virtual 16 7705 4452 4453 4077 4079 7977 7979 3129 7980 8368 8369 8370 6934 11564 7362 9980 
home 4 8477 8478 8479 8481 
contextual 1 46 
diabetes 1 9877 
developmental 1 46 
group-based 2 9364 13345 
tods 1 7705 
express 2 8595 8596 
space 7 19123 19124 18155 3659 4321 4320 4323 
decision 2 17926 1891 
acquisition 9 11231 11232 11873 11874 11875 11237 11876 11877 11238 
ksr 1 8837 
labeling 1 5455 
supported 1 11783 
probabilistic 3 19123 19124 18155 
mobility 1 4610 
products 2 19647 19648 
construction 5 19163 3659 6467 6468 4321 
note 1 1430 
hole 1 2591 
defining 1 46 
editorial 1 3659 
green 1 2591 
boosting 5 12115 7205 8768 8998 12114 
movie 1 8400 
composable 2 4452 4453 
reserved 2 7498 6934 
anomaly 1 11521 
reasoning 6 11132 11133 11134 4321 4320 4323 
preserving 1 7845 
insights 5 11661 6966 11662 11663 6967 
cumulvs 2 8595 8596 
method 10 5331 5333 11379 9905 9906 17924 17925 17926 9877 11485 
capabilities 2 12538 12539 
matchmaking 3 5347 5348 5349 
manufacturing 10 15380 15381 3955 3956 3957 3958 3960 3961 15692 3942 
quotient 2 3659 4046 
scalability 2 1695 497 
coarsening 1 17926 
authorization 5 10559 10560 10561 10562 10565 
related 5 3659 5689 5690 5692 7362 
cost-efficient 3 7498 6934 7017 
lzss 2 8875 8877 
foundations 1 3659 
surveillance 1 8139 
rt-ros 6 11049 11050 11051 11052 11053 11054 
family 1 46 
primary 1 497 
action 3 8268 13365 11496 
fusion 7 11638 11639 11640 11641 11642 11643 8268 
applications 30 9363 9364 8834 8835 8837 8838 1435 8839 9905 9906 18719 18720 1891 18721 9602 9603 7017 7135 7136 7137 7139 7140 10040 9323 8268 7438 9262 7627 7628 9137 
stakeholders 3 6467 6468 4321 
flexibility 1 12507 
preferable 2 19647 19648 
contract 2 7498 6934 
assist 1 3659 
electromagnetics 1 12103 
corba 4 10989 12429 12430 12431 
clusters 3 7498 6934 7845 
harvesting 3 6467 6468 4321 
interference 2 6934 11564 
hybrid 8 9905 9906 7498 6934 8217 8219 8220 8221 
scale 2 7627 7628 
rollbacks 1 19447 
time-constrained 1 11602 
feeding 1 8400 
digest 4 19470 19471 18134 19472 
resolution 1 9980 
security 3 8732 9539 9540 
high-energy 1 11496 
rate 1 1430 
path 1 10463 
grid 59 9363 9364 13345 4610 11638 11639 11640 11641 11642 11643 11379 7752 7755 11000 11001 11002 11003 11293 9602 9603 6934 11740 12103 7017 7135 7136 7137 7139 7140 10463 9323 8268 11087 11088 11089 11090 11091 11092 11093 11094 9684 7205 8768 9261 9262 11822 13031 12538 12539 10559 10560 10561 10562 7450 10565 7452 9137 6966 6967 
compute 1 12067 
workloads 4 7498 6934 11564 11487 
innovation 1 15692 
drug 2 7205 11822 
privacy-aware 1 1891 
portal-based 1 12103 
building 4 4321 4320 4323 7362 
political 1 6584 
fault-tolerance 1 497 
reuse 1 3942 
problem 7 12099 12100 46 8694 7663 9261 9262 
pervasive 6 4610 8839 11132 11133 11134 7379 
optimizing 7 6531 6532 6533 12256 12547 8875 8877 
database 9 7705 7977 7979 3129 7980 18719 18720 1891 18721 
subpart 1 3942 
plan 4 5347 5348 8240 8241 
commodity 2 6934 11740 
implementation 4 8400 8219 10207 11067 
scientific 12 9533 8869 9534 9535 9536 7705 3659 7137 8768 9261 10554 10555 
locality 2 10163 10164 
competitive 1 11602 
challenging 2 3659 4046 
step 2 46 3659 
energy 9 8694 10396 10397 10398 10399 10400 10401 10402 10404 
advance 2 6934 7981 
electroluminescent 1 2591 
technique 2 15380 15381 
treatment 1 9877 
flow 1 7169 
cave 2 8595 8596 
bittorrent 6 12945 12946 12947 12948 12256 12547 
production 1 3659 
re-decomposition 3 8694 5405 8696 
right-boundary 1 46 
fluid 2 4452 4453 
concurrent 1 46 
hypergraph 1 19163 
phylogenetic 4 8477 8478 8479 8481 
feature 1 8400 
boolean 1 46 
structured 1 6967 
provably 1 10346 
transferability 4 8219 10346 7169 13274 
consistency 1 9262 
styles 1 10207 
worms 1 7174 
vcpu 5 12760 12761 12762 8139 12763 
structures 1 46 
models 18 497 11379 3942 5689 5690 5692 6934 11564 10396 10397 10398 10399 10400 10401 10402 10404 7627 7628 
pricing 3 6934 7981 11740 
big-data 2 7627 7628 
provable 3 17676 17677 17678 
gossiptrust 2 19496 19497 
teams 1 46 
anonymity 1 10345 
cloud-based 5 7626 11547 11548 11549 11550 
devices 1 8219 
low 3 8147 8148 8149 
reasoner 1 17725 
spectral 1 19163 
cloud-hosted 1 9684 
boinc 5 7205 7737 8768 11318 11319 
use 1 46 
platforms 2 9905 9906 
user-level 1 7705 
usa 1 12507 
virtualized 8 10396 10397 10398 10399 10400 10401 10402 10404 
influential 1 11133 
pmi 2 8839 8219 
designed 1 7705 
proxy 2 10346 10345 
agreements 3 10642 10643 10644 
topology 5 8197 8198 8199 8200 7027 
customization 4 4606 4608 4609 4610 
correctness 1 1435 
multi-scale 9 11231 11232 11873 11874 11875 11237 11876 11877 11238 
site 1 497 
documents 1 5455 
light-emitting 1 2591 
cosmic 3 13009 13010 2591 
learning 9 13305 13306 13307 13308 13309 13310 19161 19162 19163 
material 3 5347 5348 5349 
hsim 3 10384 10385 10386 
decentralized 1 6967 
optiputer 9 11231 11232 11873 11874 11875 11237 11876 11877 11238 
elementary 1 46 
ipr 2 15691 15692 
pss 1 2591 
grids 11 7735 11379 46 6934 7981 11602 9323 8268 7205 7737 6967 
turbine 1 15692 
ipv 6 12538 12539 11231 11232 11237 11238 
procurement 2 7498 6934 
science 5 6102 6103 7522 16360 9323 
architectures 8 10642 10643 10644 9720 7027 7626 7627 7628 
exploiting 3 7626 7627 7628 
values 1 17926 
resilient 2 1695 497 
two-level 1 46 
china 2 15691 15692 
infusing 1 3659 
shared 8 10396 10397 10398 10399 10400 10401 10402 10404 
control 3 8233 8234 7169 
cpt 1 19017 
preference-based 1 11133 
preliminary 1 8837 
economic 1 12507 
modified 2 5331 5333 
failure 2 1695 497 
data-driven 6 8834 8835 8837 8838 1435 8839 
case 10 8869 5455 4087 4088 8694 5122 4198 4196 8992 8993 
forwarding 1 7735 
internet-based 2 3942 3999 
estimation 6 11638 11639 11640 11641 11642 11643 
distance-based 3 17676 17677 17678 
large-scale 2 8869 9323 
peer-to-peer 5 7735 19496 19497 7174 6967 
adaption 1 7187 
hpcn 1 7362 
completeness 1 46 
cad 1 3942 
sampling 2 9684 9261 
performance 20 19447 2591 7187 12266 7752 7755 11293 6478 6479 9602 9603 12459 12460 12461 7178 12462 12067 7627 7628 10197 
node-label 1 46 
transparent 4 7205 7207 7208 6967 
voms 5 10559 10560 10561 10562 10565 
multiple 4 8397 8398 8399 8400 
uncertainty 1 9720 
formation 2 15380 15381 
ontological 2 6102 6103 
protocol 4 19470 19471 18134 19472 
regular 1 46 
differentiation 2 15691 15692 
extended 3 11132 11133 11134 
general 3 647 7498 6934 
ddos 3 6584 7844 7845 
effect 1 2591 
authentication 1 10345 
genetic 7 11000 11001 11002 11003 12255 12256 12547 
usage 3 4321 4320 4323 
performances 3 7626 7627 7628 
core 5 12459 12460 12461 7178 12462 
gridftp 1 7027 
high 9 9363 9364 12459 12460 12461 7178 12462 12067 9980 
wear 1 5405 
interoperable 1 3659 
competition 1 3129 
automated 1 7187 
predictable 2 12255 12256 
buffers 2 4077 4079 
inhibitors 1 46 
domains 1 7169 
low-resource 1 8219 
milling 1 5405 
openstack 2 8992 8993 
re-optimization 3 7626 9124 9125 
hierarchical 7 7755 11000 11001 11002 11003 11293 8768 
augmenting 1 8839 
industry 4 15692 3129 3659 4046 
exchange 5 12507 12508 12509 7178 10346 
strategies 2 15691 15692 
topic 1 6103 
platform 12 7705 12760 12761 12762 8139 12763 6467 6468 4321 12507 12508 12509 
clustergrids 3 7205 7207 7208 
pairs 3 5689 5690 5692 
relaxing 1 7735 
visual 2 3129 9720 
right-protected 3 17676 17677 17678 
planning 6 3955 3956 3957 3958 3960 3961 
peta-scale 3 12507 12508 12509 
push-down 1 46 
closure 1 46 
patenting 2 15691 15692 
physics 1 11496 
range 3 19123 19124 18155 
assembly 9 11231 11232 11873 11874 11875 11237 11876 11877 11238 
link 3 19161 19162 19163 
secure 12 8139 7626 11547 11548 11549 11550 8219 12136 10346 7169 13419 10345 
block 1 7362 
techniques 2 11521 7663 
retrieval 6 3942 13268 13269 5689 5690 5692 
multi-tier 2 7752 7755 
computers 3 3129 3659 4046 
symmetrical 2 10163 10164 
optimized 5 8197 8198 8199 8200 7027 
transport 4 10819 10820 10821 10823 
set-splitting 2 12099 12100 
glite 7 12115 7205 7737 8768 8998 12114 11067 
nonuniform 1 9261 
capacity 1 7735 
accelerating 2 7205 11822 
egee 3 8768 11318 11319 
top-k 3 19647 19648 11133 
engaging 3 6467 6468 4321 
networking 3 13365 11496 7027 
uncertain 3 19123 19124 18155 
robust 2 19163 10346 
applying 2 13268 13269 
cache 1 5405 
characteristics 2 5331 5333 
promoters 1 46 
autra 1 7735 
model-driven 1 3659 
framework 15 9533 8869 9534 9535 9536 7705 4198 4196 6934 11740 7016 7017 7178 7169 10207 
p-based 2 6966 6967 
notions 1 46 
logicflow 1 10874 
periodic 1 9261 
process 19 3955 3956 3957 3958 3960 3961 7187 12266 3659 3942 5347 5348 6478 6479 8240 8241 5689 5690 5692 
multi-tenant 4 8993 10889 10890 10891 
chain 3 4340 4341 4342 
databases 2 18721 10874 
improving 8 8839 12459 12460 12461 7178 12462 7627 7628 
cfd 3 8837 9905 9906 
discomfort 1 3129 
skyline 1 7169 
grasp-based 3 7626 9124 9125 
transaction 3 7735 19447 18134 
remote 4 8397 8398 8399 8400 
e-platforms 2 3659 4046 
nsga-ii 2 5331 5333 
nlc 1 46 
context-aware 1 19163 
concerns 2 9602 9603 
scheduling 28 12760 12761 12762 8139 12763 11379 7752 7755 8694 5405 8696 7498 6934 11564 12255 12256 7017 7663 9684 7089 8768 10981 10982 9877 11485 11486 11487 11488 
enhancements 1 10207 
survey 3 6102 6103 11521 
algorithms 11 1435 7752 7755 11000 11001 11002 11003 12256 12547 8768 9137 
high-latency 1 11496 
checkpointing 3 7205 7207 7208 
intellectual 3 4340 4341 4342 
literature 3 8368 8369 8370 
enterprise 3 3659 6478 6479 
format 1 5405 
gridice 2 7450 7452 
bi-objective 2 5331 5333 
dvfs 8 10396 10397 10398 10399 10400 10401 10402 10404 
neighborhood-based 1 7845 
representation 3 6102 6103 46 
media 4 19470 19471 18134 19472 
gpgpus 2 8875 8877 
generic 4 15380 15381 7017 8768 
issue 1 9364 
state 7 11638 11639 11640 11641 11642 11643 46 
attribute 3 17926 11886 46 
co-allocation 2 6934 7981 
achieve 2 7016 7017 
purpose 2 7498 6934 
solution 4 12099 12100 9905 9906 
evaluation 9 2066 6478 6479 7498 6934 7027 8768 7627 7628 
bandwidth 3 8147 8148 8149 
magazine 1 7362 
sharing 13 1891 3942 3999 7016 7017 8768 9261 10554 10555 10346 10345 6966 6967 
high-throughput 6 9533 8869 9534 9535 9536 7705 
finding 2 19647 19648 
premiere 1 8400 
computations 1 8837 
e-engineering 2 4198 4196 
qos-driven 2 9363 9364 
escigrid 2 6966 6967 
abnormal 6 11638 11639 11640 11641 11642 11643 
vision 1 5405 
overcoming 2 10163 10164 
evaluating 3 10642 10643 10644 
signatures 1 10346 
context-free 1 46 
signcryption 1 10345 
decidable 1 46 
veplatform 1 6934 
special 4 9364 11783 7845 9137 
benefits 2 7498 6934 
user 10 11087 11088 11089 11090 11091 11092 11093 11094 8768 10345 
storage 23 7705 18155 5405 13305 13306 13307 13308 13309 13310 12507 12508 12509 12067 8219 10346 7169 13419 10345 11661 6966 11662 11663 6967 
formula 1 46 
auction 1 11379 
reliable 6 7735 8219 10346 7169 13419 10345 
using 52 4340 4341 4342 7705 11379 11132 11133 11134 11000 11001 11002 11003 7977 7979 3129 7980 1891 5405 5689 5690 5692 7016 7017 10396 10397 10398 10399 10400 10401 10402 10404 11496 12067 7089 7205 11822 10989 12429 12430 12431 7627 7628 11231 11232 11873 11874 11875 11237 11876 11877 11238 6967 
communities 1 8768 
workflows 1 9720 
accounting 8 10396 10397 10398 10399 10400 10401 10402 10404 
erasure 2 7627 7628 
gb 1 11496 
oblivious 1 5405 
seamless 1 7379 
free 1 3129 
high-resolution 1 9774 
propagation 1 7174 
sustainability 3 6467 6468 4321 
nondeterministic 1 46 
black 2 6934 11564 
monitoring 11 15380 15381 8993 10889 10890 10891 4321 4320 4323 7450 7452 
patterns 1 1891 
multi-core 6 11049 11050 11051 11052 11053 11054 
ibp 2 12538 12539 
moving 3 19123 19124 18155 
multidisciplinary 2 3999 4482 
achieving 1 10463 
ciphertext-policy 2 10346 10345 
harness 1 10207 
featuring 4 11231 11232 11237 11238 
optimization 6 8869 11379 7187 3999 4482 9684 
universality 1 46 
image 3 13268 13269 8400 
feedbacks 1 12507 
hd 4 10819 10820 10821 10823 
causal 1 19017 
transmission 5 8398 8400 9211 9213 9214 
provenance 3 8219 12136 10346 
multi-formalism 2 7627 7628 
editor 2 12490 12115 
independently 3 10642 10643 10644 
flow-aware 1 7027 
reservation 2 6934 7981 
automata 1 46 
discovery 4 7735 11886 7205 11822 
review 2 3942 3999 
soas 1 7137 
r-tree 1 18155 
pedot 1 2591 
theoretic 1 46 
execution 5 5347 5348 8240 8241 10874 
substitutable 2 6934 11740 
programming 2 12275 10207 
feasibility 1 3659 
end-to-end 9 11231 11232 11873 11874 11875 11237 11876 11877 11238 
domain 1 11521 
metacomputing 5 6934 11740 10040 10207 10197 
clustering 4 6531 6532 6533 19163 
streaming 11 19470 19471 18134 19472 8397 8398 8399 8400 9211 9213 9214 
clouds 15 7498 6934 8993 10889 10890 10891 12067 7626 9124 9125 8217 8219 8220 8221 7169 
intensive 4 6934 11564 9323 8268 
multi-objective 3 7089 9877 11485 
linear 1 46 
deadline-constrained 2 7498 6934 
organizations 1 9980 
multinationals 2 15691 15692 
prescribed 1 46 
virtualization 6 7705 12760 12761 12762 8139 12763 
constrained 3 19123 19124 18155 
web 18 4606 4608 4609 4610 3999 4482 5347 5348 5349 8233 8234 7016 7017 6584 7844 7845 9877 6967 
infn-grid 28 10559 12308 12309 10560 12310 10561 10562 12311 12312 12313 7450 12314 12315 12316 12317 12318 11067 12319 12320 12321 12322 12323 10565 12324 7452 12325 12326 12327 
attribute-based 2 10346 10345 
solving 2 9261 9262 
linkable 1 10345 
server-centric 1 18155 
webblow 2 3999 4482 
chemistry 5 7135 7136 7137 7139 7140 
gridmap-file 5 10559 10560 10561 10562 10565 
aborts 1 19447 
construct 1 1891 
grid-enabled 1 11496 
methods 1 11379 
communicating 1 16360 
versus 1 46 
privacy-preserving 5 8217 8219 8220 8221 7169 
high-speed 3 12507 12508 12509 
aware 5 4610 5347 5348 8240 8241 
boundary 1 46 
bayesian 4 7735 19161 19162 19163 
transcoding 8 11087 11088 11089 11090 11091 11092 11093 11094 
future 2 3659 4046 
sdn 4 12358 12359 12360 12361 
rewriting 1 46 
key 2 5331 5333 
financial 1 11521 
mda 2 3659 4046 
enhancing 2 12538 12539 
environments 26 4610 8839 11132 11133 11134 3999 6006 6007 10396 10397 10398 10399 10400 10401 10402 10404 12275 9262 8477 8478 10989 7379 10207 9774 10981 10982 
vault 1 8139 
switching 5 8398 8400 9211 9213 9214 
agent 5 4198 4196 4321 4320 4323 
resisting 4 12945 12946 12947 12948 
measurement 3 5405 3659 4046 
detection 11 11638 11639 11640 11641 11642 11643 11521 2066 6584 7844 7845 
three-dimensional 4 4606 4608 4609 4610 
similarity 1 8839 
internet 5 3129 3659 4046 7845 10207 
amp 3 15691 15692 3659 
provisioning 1 11487 
wall 2 10981 10982 
mobile 8 7735 6531 6532 6533 7016 7017 8219 10345 
trusted 1 7845 
affinities 5 12459 12460 12461 7178 12462 
protective 2 4077 4079 
eeg-based 1 2066 
set 1 46 
consensus 1 5455 
understanding 2 16360 9720 
per-application 6 13305 13306 13307 13308 13309 13310 
routine 2 13268 13269 
analytic 2 497 11487 
enhance 5 7135 7136 7137 7139 7140 
area 3 12067 13031 10207 
apex 1 46 
multiplication 1 5405 
integration 8 7705 15691 15692 7977 7979 3129 7980 8732 
grammars 1 46 
parallel 17 9364 13345 1435 8869 11000 11001 11002 11003 17924 17925 17926 12490 12115 7438 10874 10207 9137 
communication 5 6531 6532 6533 1209 1210 
society 1 16360 
prediction 4 8869 7498 6934 9877 
n-map 2 7187 12266 
game 1 7735 
memory 4 46 8694 5405 8696 
methodology 2 6478 6479 
message 3 8694 5405 8696 
mission 1 3659 
multi-dimensional 4 11485 11486 11487 11488 
e-science 6 10819 10820 10821 10823 6966 6967 
cooperative 5 11783 6513 6514 9539 9540 
ad 3 6531 6532 6533 
approach 16 7735 11638 11639 11640 11641 11642 11643 497 3942 5347 5348 5349 6513 6514 8240 8241 
numerical 1 8869 
multi-user 1 9774 
pgga 2 12255 12256 
sustainable 2 3659 4046 
free-riding 4 12945 12946 12947 12948 
visualization 3 3942 3999 9980 
euromed 1 7362 
load-balancing 1 6967 
e-payment 4 8219 10346 7169 13274 
lifecycle 6 3955 3956 3957 3958 3960 3961 
approximate 2 9877 11485 
simulations 1 10207 
federated 4 7626 9124 9125 13031 
ring 1 10345 
programs 2 7187 12266 
structure 6 4340 4341 4342 19161 19162 19163 
services 13 7705 7522 12193 5347 5348 5349 7626 11547 11548 11549 11550 7845 10207 
heart 9 8724 8726 8727 8728 8729 8730 8731 8732 8733 
permuting 1 1722 
reality 1 6934 
vitality 1 12507 
collaboratory 1 8268 
agent-based 9 4452 4453 3999 4482 5122 4198 4196 6513 6514 
multi-task 3 19161 19162 19163 
traffic 4 7027 6584 7844 7845 
enabling 13 3659 10384 10385 10386 8768 9261 10554 10555 8219 12136 10346 9774 9980 
negotiation 2 3659 11602 
ogsa 3 6934 11740 10207 
records 1 10345 
soa 2 3659 4046 
novel 1 7379 
optimisation 2 7498 6934 
different 1 46 
series 3 18457 18458 18459 
satellite 2 1209 1210 
meta-model 1 3659 
hardware 1 8219 
experiences 2 7137 11496 
development 7 7187 12266 3659 4046 12490 12115 9262 
perks 1 6584 
constraint 2 9877 11485 
pictures 5 8398 8400 9211 9213 9214 
influence 2 1430 3129 
gel-based 2 12099 12100 
algorithm 10 4610 11379 8233 8234 6934 11740 12255 12256 7379 7845 
mapreduce 3 10384 10385 10386 
perimeters 1 8732 
one-off 1 3659 
coarse-grained 4 8768 9261 10554 10555 
clinical 2 13268 13269 
schemes 1 6967 
middleware 10 7135 7136 7137 7139 7140 10463 7205 7207 7208 10207 
sequences 2 6103 9261 
ideal 2 5331 5333 
product 15 4340 4341 4342 3955 3956 3957 3958 3960 3961 3659 3942 3999 5122 4198 4196 
extension 3 5405 7205 7737 
quadtree 1 5405 
p-grade 3 8768 9261 9262 
energy-efficient 1 7089 
gpu-accelerated 2 9905 9906 
nodes 1 11133 
classification 3 18457 18458 18459 
rule-based 1 17725 
nonterminals 1 46 
design 24 11783 4340 4341 4342 8139 5455 4077 4079 3999 4482 5122 4198 4196 6006 6007 6513 6514 8197 8198 8199 8200 7027 8400 11067 
load-aware 1 7735 
multicore 10 12760 12761 12762 8139 12763 12459 12460 12461 7178 12462 
technology 7 3659 12507 12358 12359 12360 12361 9137 
selective 1 46 
integrity 4 19470 19471 18134 19472 
reliability 2 7627 7628 
perspectives 1 3659 
study 8 8869 5455 4087 4088 8694 5122 4198 4196 
computing 41 9364 13345 8839 11132 11133 11134 12099 12100 11000 11001 11002 11003 17924 17925 17926 11886 46 10384 10385 10386 7017 12115 12275 9323 8268 9684 7205 8768 8998 9261 12114 8477 8478 10989 7379 7845 8219 12136 10346 10345 10207 
studies 1 3659 
imbalanced 3 18457 18458 18459 
fatigue 1 2066 
variations 1 46 
caused 1 2066 
partitioning 1 4610 
level 8 9363 9364 3659 10642 10643 10644 9261 9262 
results 1 8837 
cloud-computing 1 7705 
grouped 2 12255 12256 
forensics 3 8219 12136 10346 
developing 9 8724 8726 8727 8728 8729 8730 8731 8732 8733 
consolidation-aware 5 12760 12761 12762 8139 12763 
sla 1 11602 
in-memory 2 10163 10164 
biology 9 8724 8726 8727 8728 8729 8730 8731 8732 8733 
live 4 8397 8398 8399 8400 
protection 3 4340 4341 4342 
challenges 10 7137 8724 8726 8727 8728 8729 8730 8731 8732 8733 
exponential 1 647 
controlled 9 46 11087 11088 11089 11090 11091 11092 11093 11094 
workflow-based 3 12507 12508 12509 
machine 3 5405 6934 11564 
omega 1 1722 
content-based 4 8233 8234 13268 13269 
comparison 3 5689 5690 5692 
non-intrusive 3 4321 4320 4323 
re-outsourcing 5 8219 10346 7169 13419 10345 
emerging 1 1891 
issues 6 10207 11661 6966 11662 11663 6967 
decompositions 1 46 
mining 9 6103 11133 7187 12266 9602 9603 17676 17677 17678 
scope 1 13031 
cutter 1 5405 
volunteer 5 12115 7205 8768 8998 12114 
runtime 2 10163 10164 
dome 1 8400 
theory 3 11132 11133 11134 
protecting 1 9262 
network 28 6531 6532 6533 1722 15692 6934 7981 12507 12508 12509 13365 11496 11087 11088 11089 11090 11091 11092 11093 11094 12459 12460 12461 7178 12462 8400 10207 10197 
online 2 7498 6934 
matrix-based 3 17924 17925 17926 
risk 2 9539 9540 
real 7 8992 8993 8398 8400 9211 9213 9214 
aec 2 3659 4046 
japan 1 12507 
scalable 7 7705 8993 10889 10890 10891 6966 6967 
swarm 1 11379 
tuning 1 8694 
healthcare 5 7626 11547 11548 11549 11550 
peer 2 12256 12547 
application 12 3659 5347 5348 5349 12103 11496 7205 7207 7208 9261 7379 10207 
metalgorithm 1 1435 
etol 1 46 
ii 2 1435 46 
resource 11 4610 11379 6934 11564 7178 7626 9124 9125 10981 10982 10197 
transition 1 46 
undermining 1 19017 
section 3 11783 7845 9137 
cooperating 2 7016 7017 
ol-systems 1 46 
itis 1 7362 
smart 6 11638 11639 11640 11641 11642 11643 
intelligent 3 7522 12193 7379 
qos 6 9363 9364 5347 5348 8240 8241 
refinement 1 46 
collaborative 31 3955 3956 3957 3958 3960 3961 15692 3659 3999 5122 4198 4196 5347 5348 5349 6006 6007 8724 8726 8727 8728 8729 8730 8731 8732 8733 9262 7845 9980 10981 10982 
visualizing 1 10207 
metropolitan 2 13031 10207 
characterization 2 46 7438 
optimal 8 281 282 283 285 7755 11293 12507 9261 
competitions 1 3129 
assistant 3 3999 6006 6007 
providers 1 3129 
scheme 7 18155 13305 13306 13307 13308 13309 13310 
decomposition 3 4340 4341 4342 
forward 4 19470 19471 18134 19472 
packaging 2 4077 4079 
admission 2 8233 8234 
asynchronous 1 6103 
brain 9 11231 11232 11873 11874 11875 11237 11876 11877 11238 
signature 1 10345 
multinational 2 15691 15692 
moo 1 2591 
constraints 1 4610 
high-performance 3 8477 8478 10989 
hpc 2 9905 9906 
content 1 3129 
owl 1 17725 
load 6 8233 8234 7498 6934 7016 7017 
centric 6 13305 13306 13307 13308 13309 13310 
trends 1 3659 
vm 2 8992 8993 
theaters 1 8400 
data 67 7735 8839 9533 8869 9534 9535 9536 7705 1722 13009 13010 2591 7522 12193 7187 12266 7752 7755 11293 7977 7979 3129 7980 19470 19471 18134 19472 9602 9603 9323 8268 9684 17676 17677 17678 7626 7627 7628 9124 9125 11547 11548 11549 11550 8217 8219 8220 8221 12136 10346 7169 13419 10345 10163 10164 11231 11232 11873 11874 11875 11237 11876 11877 11238 11487 6966 6967 
arrivals 1 647 
vr 1 10040 
vs 1 2591 
worlds 1 7362 
digital 3 8219 12136 10346 
hoc 3 6531 6532 6533 
document 1 18721 
personal 4 3999 6006 6007 10345 
multiuser-centered 2 10981 10982 
utilization 4 8217 8219 8220 8221 
dna 3 12099 12100 46 
dynamics 1 12507 
grade 2 12490 12115 
interception 1 6967 
matrix 3 4340 4341 4342 
mean-time 2 1695 497 
interoperability 11 3659 4046 6513 6514 8768 9261 9262 10554 10555 11318 11319 
fault 1 1430 
selection 11 7735 5331 5333 11886 5347 5348 5349 8240 8241 12256 12547 
gecem 1 12103 
immersive 2 8595 8596 
field 3 7626 7627 7628 
multi-scheduler 2 9364 13345 
relationship 3 19161 19162 19163 
enterprises 2 3659 4046 
vtk 2 8595 8596 
pattern 1 46 
modeling 3 9684 7174 19017 
string 1 46 
multi-point 4 8397 8398 8399 8400 
infrastructure 4 13365 11496 13031 6967 
variable 2 5331 5333 
cancer 9 8724 8726 8727 8728 8729 8730 8731 8732 8733 
publishing 3 17676 17677 17678 
tm 2 8595 8596 
recording 1 46 
manifold 6 13305 13306 13307 13308 13309 13310 
draxml 4 8477 8478 8479 8481 
application-layer 3 6584 7844 7845 
ordering 1 7845 
networks 15 11133 15691 15692 19496 19497 13305 13306 13307 13308 13309 13310 12256 12547 12067 6584 
text 6 6103 46 18719 18720 1891 18721 
ontology-driven 1 3659 
unstructured 1 8837 
dtv 1 2066 
partitioner 1 7017 
workflow 7 7663 7089 8768 9261 9262 10554 10555 
logic 1 1395 
size 1 9684 
service-oriented 3 4198 4196 7379 
simulated 2 9363 9364 
sub 1 2591 
model 11 9363 9364 7755 11293 18134 3659 4046 10874 7626 7627 7628 
matrix-vector 1 5405 
testbed 28 10559 12308 12309 10560 12310 10561 10562 12311 12312 12313 7450 12314 12315 12316 12317 12318 11067 12319 12320 12321 12322 12323 10565 12324 7452 12325 12326 12327 
unconditional 1 10345 
optimistic 1 10346 
nets 1 46 
engineering 6 6102 6103 5122 4198 4196 9323 
businesses 1 3659 
incomplete 3 17924 17925 17926 
telescience 4 11231 11232 11237 11238 
weighted 1 1891 
servers 2 8233 8234 
allocation 1 11379 
hrm 2 4087 4088 
real-time 15 11049 11050 11051 11052 11053 11054 11231 11232 11873 11874 11875 11237 11876 11877 11238 
supply 3 4340 4341 4342 
cross-border 1 3129 
dispatch 1 8694 
defense 3 6584 7844 7845 
behaviours 2 15691 15692 
web-based 2 9539 9540 
demonstration 3 8147 8148 8149 
value-based 2 7498 6934 
supporting 4 4321 4320 4323 10040 
directed 1 46 
service 23 7735 9363 9364 5347 5348 8240 8241 10642 10643 10644 8732 9720 12358 12359 12360 12361 7178 9684 7169 7450 11067 7452 10197 
server 3 647 7016 7017 
certain 1 46 
uncompressed 5 8398 8400 9211 9213 9214 
consolidation 2 8992 8993 
nosql 2 7627 7628 
ball-end 1 5405 
perpetual 1 1395 
indexing 1 18155 
diagnosis 1 7187 
airport 4 10989 12429 12430 12431 
approximations 3 17924 17925 17926 
comparisons 1 12507 
page 1 1430 
watching 1 2066 
file 9 9533 8869 9534 9535 9536 7705 8400 10163 10164 
weather 2 8869 10197 
deployment 2 7705 6967 
compression 8 18721 7626 11547 11548 11549 11550 8875 8877 
igrid 9 8147 8148 8149 13365 11496 11231 11232 11237 11238 
corrigendum 1 3129 
groups 2 7016 7017 
gloriad 4 10819 10820 10821 10823 
information 14 17924 17925 17926 13305 13306 13307 13308 13309 13310 3659 3942 3999 7362 7169 
wind 1 15692 
problems 1 11379 
form 5 11661 6966 11662 11663 6967 
national 1 8268 
multiprogramming 4 281 282 283 285 
interaction 1 9774 
fair 1 10346 
flows 5 12459 12460 12461 7178 12462 
tree-based 4 19470 19471 18134 19472 
experimentation 5 11661 6966 11662 11663 6967 
trees 5 1891 8477 8478 8479 8481 
computation 5 8477 8478 8479 8481 7169 
oversampling 3 18457 18458 18459 
tckpt 3 7205 7207 7208 
language 3 8368 8369 8370 
collaboration 8 10819 10820 10821 10823 8397 8398 8399 8400 
query 3 19123 19124 18155 
updating 1 17926 
effective 5 3942 7626 9124 9125 7845 
private 2 7205 11822 
particle 2 11379 11496 
highly 4 8993 10889 10890 10891 
contracts 1 7178 
giving 5 11661 6966 11662 11663 6967 
deterministic 1 46 
augmented 5 12115 7205 8768 8998 12114 
migration 1 7379 
labeled 1 46 
viewers 2 8595 8596 
mapreduce-based 5 7705 7977 7979 3129 7980 
t-based 1 2591 
uclp-enabled 4 10819 10820 10821 10823 
access 4 7626 9124 9125 10207 
research 12 8368 8369 8370 8724 8726 8727 8728 8729 8730 8731 8732 8733 
vehicular 1 7735 
handover 1 10345 
integrated 8 4606 4608 4609 4610 18457 18458 18459 3659 
point 2 5331 5333 
industrial 6 3659 4046 5122 4198 4196 9720 
balancing 2 8233 8234 
corba-based 3 8477 8478 10989 
relational 4 18719 18720 1891 18721 
cloud 35 7735 9364 18155 11886 8992 8993 10384 10385 10386 7663 12115 8197 8198 8199 8200 7027 7205 8768 8998 12114 7379 8219 12136 10346 7169 13419 10345 9877 11485 11487 11661 6966 11662 11663 6967 
attack 6 11638 11639 11640 11641 11642 11643 
long-lived 1 19447 
based 23 4610 5331 5333 5455 18155 11886 5405 13305 13306 13307 13308 13309 13310 3659 4046 4198 4196 8992 8993 7205 7438 7737 9877 
cyber-physical 6 11638 11639 11640 11641 11642 11643 
taxonomies 1 7663 
sector 2 3659 4046 
fine-grained 2 7498 6934 
polysemy 1 8839 
on-line 2 5405 7362 
impact 9 7752 7755 15691 15692 12459 12460 12461 7178 12462 
avs 2 8595 8596 
diodes 1 2591 
tools 1 12275 
integrative 9 8724 8726 8727 8728 8729 8730 8731 8732 8733 
power 11 4452 4453 46 10396 10397 10398 10399 10400 10401 10402 10404 
user-defined 1 7735 
work 1 11783 
systems 29 15380 15381 19447 18134 17924 17925 17926 46 8694 5405 8696 3659 6513 6514 12459 12460 12461 7178 12462 7438 7845 8219 10346 7169 13274 10207 7450 7452 9137 
spaces 1 46 
minex 1 7017 
portal 3 8768 9261 9262 
videos 1 3129 
global 6 15691 15692 11231 11232 11237 11238 
researchers 3 8368 8369 8370 
class 1 9261 
property 3 4340 4341 4342 
properties 2 7735 46 
modelling 10 3659 8724 8726 8727 8728 8729 8730 8731 8732 8733 
rough 1 17926 
pmc-based 8 10396 10397 10398 10399 10400 10401 10402 10404 
throughput 8 1209 1210 12459 12460 12461 7178 12462 9684 
environment 40 9363 9364 8834 8835 8837 8838 1435 8839 7187 12266 3659 3999 4482 8368 8369 8370 8724 8726 8727 8728 8729 8730 8731 8732 8733 10040 12490 12115 8197 8198 8199 8200 7027 13031 6584 10559 10560 10561 10562 10565 
market 2 6934 11740 
program 7 1430 12490 12115 8477 8478 8479 8481 
conditional 4 8219 10346 7169 13274 
word 1 8839 
management 23 8839 3955 3956 3957 3958 3960 3961 4087 4088 13305 13306 13307 13308 13309 13310 9539 9540 7626 11547 11548 11549 11550 11067 
efficient 23 12760 12761 12762 8139 12763 18155 7187 12266 11000 11001 11002 11003 5405 7205 7737 19017 8219 10346 7169 13274 10345 6966 6967 
ride 1 1891 
direction 1 46 
agents 5 3999 6006 6007 7016 7017 
object 1 7705 
techno-economic 1 12507 
graph 2 46 7438 
interactive 8 4606 4608 4609 4610 10819 10820 10821 10823 
dis 4 10989 12429 12430 12431 
two-dimensional 3 19123 19124 18155 
mean 3 7626 7627 7628 
operators 1 5455 
vos 2 7205 7737 
multiphysics 6 8834 8835 8837 8838 1435 8839 
coalition 1 7735 
forms 1 46 
contention-aware 1 7735 
website 1 16360 
rich 1 9980 
abstracted 5 8197 8198 8199 8200 7027 
locally 1 46 
separation 2 9602 9603 
proving 1 46 
strategy 1 11602 
relaxation 1 7735 
mobility-aware 1 7017 
processors 6 11049 11050 11051 11052 11053 11054 
rules 1 17926 
publication 1 11886 
technologies 7 4198 4196 7135 7136 7137 7139 7140 
multimedia 1 8139 
representable 1 46 
vpn 4 12358 12359 12360 12361 
context 3 11132 11133 11134 
industries 1 3659 
cluster 6 7705 8233 8234 5689 5690 5692 
single-class 1 7017 
cyclic 1 647 
auditing 3 10642 10643 10644 
channel 2 1209 1210 
easy-to-use 4 12358 12359 12360 12361 
atlas 4 18719 18720 1891 18721 
