<Keyword> <No of vertices> <vertex1> <vertex2> .... <vertexN> 
external 3 6603 6621 6622 
desktop 4 6937 6938 6939 6940 
managing 14 6620 6756 6757 6912 15635 15636 17098 6674 16833 6712 6713 6804 6805 6806 
determinants 5 6912 6836 6837 6849 6850 
econsent 1 6830 
time 3 17782 19277 19278 
levels 3 6895 6896 6897 
asymmetric 1 6608 
advanced 2 6851 6852 
role 3 6631 6830 6879 
judgement 2 6588 6589 
systematic 2 6627 6886 
taxonomy 3 6954 6955 6956 
generation 9 6623 6624 6625 6799 6800 14089 14148 14149 14150 
intelligence 9 6618 6619 6732 6741 6742 6743 6781 6782 6941 
organisational 12 6609 6610 6611 6631 6804 15719 15720 6834 6835 6895 6896 6897 
essential 3 6719 6720 6721 
partial 5 6722 6723 6724 6725 6726 
e-business 9 6654 17299 6688 6689 6801 6802 6803 6914 6915 
evolution 5 6799 6800 14102 14103 14104 
introductory 6 6796 6797 6798 6945 6946 6947 
project 11 6674 16339 16340 6789 6807 6808 6809 6810 6811 6812 6813 
european 8 6744 6807 6808 6809 6810 6811 6812 6813 
e-manufacturing 3 6600 6601 6602 
agreement-based 3 6905 6906 6907 
quality 8 6577 6608 6704 6705 6706 6838 6839 6913 
baltic-nordic 1 6603 
components 3 6831 6832 6833 
reconfiguration 2 6882 6883 
dynamic 11 6620 6756 6757 6623 6624 6625 6711 6959 6960 6961 6962 
knowledge 32 6604 6605 6618 6619 6656 6912 17117 15635 15636 17098 14860 14859 14861 14934 14935 14936 6674 16833 6688 6689 6712 6713 6727 6780 6834 6835 6836 6837 6882 6883 16321 16320 
drawing 1 6946 
commerce 4 6762 6821 6822 6823 
training 5 6745 6746 6945 6946 6947 
patient 2 6686 6687 
scenes 3 6750 6751 6752 
experiments 2 6860 6861 
absorptive 1 6631 
forecasting 3 6656 6657 6658 
taiwan 1 6732 
choices 2 6784 6785 
citizen-centric 4 14860 14836 14873 14933 
dissemination 3 6656 6912 17117 
connectivity 2 6606 6607 
graduates 3 6796 6797 6798 
electronic 13 6650 6651 6652 6659 6660 6661 6664 6665 6762 6845 6846 6847 6848 
specifications 1 6913 
situated 2 6834 6835 
brazil 2 6838 6839 
new 15 6912 15635 15636 17098 6674 16833 6683 6684 6685 6879 6959 6960 6961 9417 9418 
expertise 4 6733 6734 6735 6736 
kmss 3 14860 14859 14861 
leveraging 2 6629 6630 
tile 4 6870 6871 6872 6873 
base 7 6814 6815 6816 6817 6905 17642 17643 
testing 7 6620 6628 14861 14928 14929 14930 14931 
public 8 6627 6799 6800 14102 14103 14104 6836 6837 
interpersonal 3 6672 6673 6674 
computational 3 6945 6946 6947 
designing 4 6891 6892 6893 6894 
change 2 6632 6633 
consumption 8 6800 14148 14149 14150 6887 6888 6889 6890 
tool 3 6601 6677 6789 
distributed 5 6612 6613 6834 6835 6936 
firms 4 6603 6912 15635 15636 
consumer 2 14875 14887 
policies 7 6714 6715 6716 6799 6800 6836 6837 
usability 5 14861 14928 14929 14930 14931 
simpersonnel 3 6916 6917 6918 
software 21 6577 6653 6654 6655 14836 14837 6853 6854 6855 6856 17642 17782 17783 17784 6914 6915 6945 6946 6947 6948 6949 
technological 4 6900 15710 15711 6908 
composition 5 6594 6694 6905 6906 6907 
processing 3 6623 6624 6625 
perspective 10 6598 6707 6654 17299 6684 6685 6845 6846 6847 6848 
embedding 4 6959 6960 6961 6962 
contributions 1 6627 
mslq 2 14836 14837 
processes 8 6727 6880 6881 16321 16320 6900 15710 15711 
taboo 2 6774 6775 
closeness 4 6766 6767 6768 6769 
automatic 5 6945 6946 6947 13019 13020 
seminar 2 6745 6746 
procession 1 6789 
factors 15 6603 6646 6647 6648 6649 6666 6667 6668 6787 6788 6799 14582 6895 6896 6897 
revised 2 14836 14837 
active 4 14860 14836 14873 14933 
e-politics 3 6818 6819 6820 
fast 2 6973 6974 
make 9 6931 11771 11772 11773 11774 11775 11776 11777 11778 
heterogeneous 4 6799 6800 13703 13704 
subtrees 2 6817 19137 
evidence 7 6590 6912 6722 6723 6724 6725 6726 
analysis 26 6631 6680 6681 6682 6690 6691 6741 6742 6743 6786 6887 6888 6889 6890 6891 6892 6893 6894 6905 6906 6907 6926 6927 6928 6929 6936 
perceived 2 6838 6839 
creativity 3 6606 6607 6912 
simulation 17 6627 6643 6644 6645 6739 6740 6801 6802 6803 6804 6805 6806 6860 6861 6916 6917 6918 
business 33 6588 15729 15730 15731 6594 6595 6596 6623 6624 6625 6632 6633 6649 6650 6651 6652 6659 6660 6661 6684 6685 6690 6691 6727 6732 6741 6742 6743 6744 6781 6782 6898 6899 
response 2 6758 6759 
wireless 3 6659 6660 6661 
balls 4 6926 6927 6928 6929 
fuzzy 6 6905 17642 17643 17782 19277 19278 
bpr 4 6684 6685 6882 6883 
pilot 1 6620 
asia 3 6669 6670 6671 
packing 4 6926 6927 6928 6929 
hci 5 14861 14928 14929 14930 14931 
facilities 5 6900 6901 6902 6903 6904 
layer 4 6870 6871 6872 6873 
semantic 3 6576 6863 6864 
transformation 5 6880 6881 17642 17848 17849 
advantage 1 6590 
outsourcing 1 6590 
assessment 3 6588 6589 6603 
neural 4 14860 14934 14935 14936 
feral 2 6758 6759 
prototypal 2 6629 6630 
rank 2 6971 6972 
improved 3 6669 14881 14860 
social 10 6622 6629 6630 6643 14860 14859 14861 6882 16321 16320 
capability 7 6912 15635 15636 6711 6804 15719 15720 
orientation 3 6865 6866 6867 
consequences 2 6632 6633 
support 21 6621 6622 6862 19609 6834 6835 6853 6854 6855 6856 6900 6901 6902 6903 6904 6914 6915 6941 11352 11353 11354 
medium-sized 2 6849 6850 
preparation 4 6941 11352 11353 11354 
adaptive 1 6936 
privacy 2 6792 6793 
recommendation 4 6634 6635 6636 6637 
health 6 6730 6731 6845 6846 6847 6848 
square-root 2 6971 6972 
vacation 3 6719 6720 6721 
verification 10 6905 17642 17643 17782 17783 17784 6941 11352 11353 11354 
catalyst 2 6717 6718 
voronoi-delaunay 4 6926 6927 6928 6929 
virtual 16 6629 6630 14873 14874 14875 6727 6930 6931 6932 6957 6959 6960 6961 6962 9417 9418 
contextual 1 6603 
rhizome 2 6606 6607 
quantum-chemical 4 6945 6947 13019 13020 
space 4 6941 11352 11353 11354 
decision 7 6621 6622 6900 6901 6902 6903 6904 
acquisition 7 6656 6912 17117 17642 17782 17783 17784 
explaining 2 6633 6695 
intensities 1 6908 
enterprise-wide 3 6916 6917 6918 
construction 7 6701 6702 6703 6754 6789 6971 6972 
medication 2 6686 6687 
editorial 3 6780 6804 6862 
criteria 5 6900 6901 6902 6903 6904 
sciences 2 6851 6852 
ethical 3 6746 6898 6899 
movie 5 14861 14928 14929 14930 14931 
websites 1 6786 
frequent 2 6817 19137 
typology 1 6874 
modular 3 6747 6748 6749 
method 2 6957 6958 
finance 2 6836 6837 
capabilities 8 6588 15729 15730 15731 6631 6876 6877 6878 
manufacturing 12 6588 15729 15730 15731 6640 6641 6642 6664 6665 6900 15710 15711 
initiatives 1 6631 
ecosystem 4 6799 6800 13703 13704 
isdn 3 6674 16339 16340 
simplifying 1 6578 
related 2 6898 6899 
motivated 2 14836 14837 
foundations 2 6678 6679 
austrian 4 6870 6871 6872 6873 
primary 2 6686 6687 
applications 7 6781 6782 6937 6938 6939 6940 6946 
efficiently 3 6930 6931 6932 
team 1 6577 
corporate 4 6912 6672 6673 6674 
conceptual 2 6594 6694 
airfoil 5 6945 6946 6947 6948 6949 
african 1 6762 
goods 1 6627 
coordinated 3 6831 6832 6833 
security 2 6792 6793 
requirements 3 6799 6800 14089 
effectiveness 2 6701 6702 
self-organized 1 6622 
grid 9 6930 6931 6932 6937 6938 6939 6940 6955 7127 
compute 4 6945 6947 13019 13020 
virtuality 2 6612 6613 
quantitative 4 6900 15710 15711 16274 
bid 2 6774 6775 
innovation 13 6912 15635 15636 6674 16339 16340 6680 6681 6682 6794 6795 6882 16321 
answering 2 6781 6782 
building 5 6862 19609 15710 15711 16274 
political 2 6882 6883 
centrally 3 6640 6641 6642 
agreement 2 6817 19137 
generating 3 6600 6601 6602 
cyberspace 3 6818 6819 6820 
concepts 2 6712 6713 
database 3 6620 6756 6757 
subroutine 3 6747 6748 6749 
identification 3 6653 6654 6655 
implementation 27 6640 6641 6642 6646 6647 6648 6669 14881 14860 6730 6731 6755 6758 6759 6853 6854 6855 6856 6931 11771 11772 11773 11774 11775 11776 11777 11778 
audiovisual 5 6799 6800 14102 14103 14104 
competitive 6 6590 6618 6619 6876 6877 6878 
bridging 3 6818 6819 6820 
navy 3 6916 6917 6918 
inequality 2 6598 6707 
energy 7 6800 14148 14149 14150 6821 6822 6823 
estate 1 6620 
technique 5 6959 6960 6961 9417 9418 
aspire 2 6914 6915 
treatment 2 6760 6761 
e-mail 2 6745 6746 
countries 7 6646 6647 6648 14860 14836 14873 14933 
customer 13 6608 6628 6675 6676 6821 6822 6823 6838 6839 6887 6888 6889 6890 
production 2 6739 6740 
concurrent 1 6576 
phylogenetic 2 6817 19137 
comprehensive 3 6597 6598 6599 
structured 2 6938 6939 
ist 1 6744 
models 10 6688 6689 6710 6786 6851 6852 6891 6892 6893 6894 
teams 2 6612 6613 
mass-market 3 6799 6800 14089 
standby 4 6887 6888 6889 6890 
roles 4 6853 6854 6855 6856 
surprise 3 6796 6797 6798 
complex 3 6674 16339 16340 
organizing 2 6882 6883 
minimum 1 6957 
coordination 2 6784 6785 
plants 3 6640 6641 6642 
use 7 6577 6746 6830 6834 6835 6863 6864 
task-parallel 4 6937 6938 6939 6940 
derivatives 7 6945 6946 6947 6948 6949 13019 13020 
methodologies 3 6704 6705 6706 
sigma 1 6913 
procedure 4 6634 6635 6636 6637 
sensitive 2 6834 6835 
diffusion 3 6680 6681 6682 
documents 1 6577 
divide 14 6597 6598 6599 6707 6766 6767 6768 6769 6799 6800 14582 6818 6819 6820 
learning 9 6609 6610 6611 6631 14836 14837 6796 6797 6798 
emergence 5 6799 6800 14102 14103 14104 
medium 3 6669 6670 6671 
material 3 6656 6657 6658 
narrow 1 6946 
rfid 1 6631 
practice 3 6577 16321 16320 
south 2 6762 6908 
world 3 6659 6660 6661 
download 5 14861 14928 14929 14930 14931 
procurement 5 6578 6870 6871 6872 6873 
organisations 6 6674 16833 6730 6731 6787 6788 
science 3 6945 6946 6947 
architectures 4 17642 17782 17783 17784 
exploiting 3 6659 6660 6661 
practical 5 6784 6785 6945 6946 6947 
cars 1 6643 
care 2 6686 6687 
china 13 6649 6912 15635 15636 6722 6723 6724 6725 6726 6853 6854 6855 6856 
demand 5 6717 6718 6831 6832 6833 
control 2 6955 7127 
ios 3 6895 6896 6897 
dividend 4 6799 6800 14386 14387 
economy 2 6836 6837 
hundreds 3 6930 6931 6932 
tourism 2 6863 6864 
youth 2 6766 6769 
liking 2 6760 6761 
evolving 2 6868 6869 
preliminary 2 6898 6899 
cost 9 6608 6891 6892 6893 6894 6959 6960 6961 6962 
economic 4 6629 6630 6643 6908 
hyperstories 2 6834 6835 
infusion 2 6654 17299 
case 21 6588 6589 6603 6629 6630 6640 6641 6642 6674 16339 16340 6686 6687 6714 6715 6716 6762 6870 6871 6872 6873 
on-going 2 6612 6613 
innovative 2 6674 16833 
particles 2 6957 6958 
early 3 6669 6670 6671 
internet-based 4 6620 6756 6757 6762 
australian 4 6664 6665 6688 6689 
managerial 2 6588 6589 
reengineering 3 6649 6684 6685 
peer-to-peer 2 6712 6713 
cax 2 6601 6677 
performance 22 6577 6588 6589 6612 6613 6912 6909 6910 6911 15635 15636 17098 6722 6723 6724 6725 6726 6804 15719 15720 6908 6936 
exploratory 8 6588 6589 6672 6673 6674 6796 6797 6798 
question 2 6781 6782 
multiple 10 6900 6901 6902 6903 6904 6959 6960 6961 9417 9418 
uncertainty 2 6971 6972 
interactions 3 6672 6673 6674 
protocol 3 6669 14881 14860 
differentiation 5 6945 6946 6947 13019 13020 
community 4 6629 6630 6799 14582 
extended 3 6600 6601 6602 
defects 1 6913 
entrepreneur 2 6629 6630 
effect 2 6612 6613 
regional 2 6629 6630 
smes 5 6654 17299 6669 6670 6671 
usage 4 6766 6767 6768 6769 
implementing 3 6763 6764 6765 
high 4 6912 15635 15636 17098 
erp 18 6603 6623 6624 6625 6640 6641 6642 6646 6647 6648 6701 6702 6703 6758 6759 6763 6764 6765 
electronics 1 6732 
involvement 4 6733 6734 6735 6736 
brokerage 3 6811 11603 11604 
mechanism 1 6936 
divisions 3 6714 6715 6716 
zero 1 6913 
corporation 5 6640 6641 6642 6758 6759 
privatisation 5 6722 6723 6724 6725 6726 
simulating 4 6799 6800 14386 14387 
loyalty 5 6608 6675 6676 6838 6839 
industry 19 6588 15729 15730 15731 6912 15635 15636 17098 6664 6665 6701 6702 6703 6732 6821 6822 6823 6863 6864 
strategies 5 14836 14837 6821 6822 6823 
games 2 6627 6886 
platform 4 6937 6938 6939 6940 
antecedents 1 6628 
visual 5 6750 6751 6752 6957 6958 
planning 10 6656 6657 6658 6730 6731 6831 6832 6833 6880 6881 
satisfaction 12 6628 6672 6673 6674 6760 6761 6838 6839 6887 6888 6889 6890 
culture 5 6632 6633 6865 6866 6867 
placement 2 6973 6974 
drivers 3 6591 6592 6593 
licences 4 6799 6800 14386 14387 
complexity 3 6620 6756 6757 
madrid 2 6799 14582 
cultural 2 6678 6679 
secure 3 6811 11603 11604 
capacity 4 6631 6804 6805 6806 
end 2 6601 6677 
applying 1 6732 
characteristics 2 6686 6687 
return 3 6591 6592 6593 
portalet 2 6601 6677 
model-driven 3 6594 6595 6596 
framework 20 6594 6595 6596 6626 6650 6651 6652 6804 15719 15720 6845 6846 6847 6848 6882 16321 6959 6960 6961 6962 
process 19 6578 6632 6633 6649 6684 6685 6747 6748 6749 6754 6851 6852 6882 6883 6945 6946 6947 6948 6949 
chain 34 6588 6589 6912 6909 6910 6911 6701 6702 6703 6711 6717 6718 6755 6758 6759 6784 6785 6801 6802 6803 6865 6866 6867 6876 6877 6878 6895 6896 6897 6945 6946 6947 6948 6949 
databases 7 6620 6756 6757 6954 6955 6956 7127 
optimising 2 6745 6746 
successfully 3 6763 6764 6765 
compiler 2 6973 6974 
improving 4 6618 6619 6701 6702 
centralised 4 6912 6909 6910 6911 
phone 8 6666 6667 6668 6683 6766 6767 6768 6769 
managers 2 6898 6899 
transaction 1 6620 
enable 3 6831 6832 6833 
concerns 2 6898 6899 
automotive 3 6831 6832 6833 
model-based 2 6880 6881 
survey 2 6701 6702 
deviance 1 6700 
i-build 2 6701 6702 
enterprise 14 6600 6601 6602 6620 6626 6638 6639 6750 6751 6752 6804 6862 6880 6881 
agencies 3 6597 6598 6599 
sink 2 6973 6974 
batch 3 6719 6720 6721 
policy 6 6746 6794 6795 6916 6917 6918 
manpower 3 6916 6917 6918 
e-learning 2 6678 6679 
media 5 6653 6654 6655 6766 6769 
gxp 9 6931 11771 11772 11773 11774 11775 11776 11777 11778 
alignment 3 6594 6595 6596 
finnish 5 6686 6687 6714 6715 6716 
connecting 1 6620 
fourth-party 4 6891 6892 6893 6894 
cultures 2 6766 6769 
state 2 6792 6793 
outlining 2 6594 6694 
solution 3 6620 6756 6757 
evaluation 11 6912 6909 6910 6911 6774 6775 6786 6900 15710 15711 16274 
sharing 5 14860 14934 14935 14936 6727 
implications 3 6799 6800 14089 
acceptance 3 6732 6863 6864 
university 3 6945 6946 6947 
students 3 6796 6797 6798 
chains 2 6664 6665 
evaluating 3 6577 6621 6622 
retrial 3 6719 6720 6721 
potential 5 6620 6701 6702 6703 6762 
geographical 2 6799 14582 
sourcing 6 6650 6651 6652 6656 6912 17117 
undergraduates 3 6945 6946 6947 
special 3 6686 6687 6946 
group 3 6763 6764 6765 
user 5 6732 6733 6734 6735 6736 
predicting 1 6700 
microkernel 4 6937 6938 6939 6940 
using 21 6578 6588 6589 6631 6690 6691 6876 6877 6878 6891 6892 6893 6894 6905 17642 17643 6945 6946 6947 13019 13020 
communities 2 16321 16320 
benefit 4 6891 6892 6893 6894 
free 4 6926 6927 6928 6929 
search 3 6774 6775 6957 
indonesia 5 6674 16339 16340 6769 14069 
e-commerce 22 6578 6669 6670 6671 14875 14887 6717 6718 6807 6808 6809 6810 6811 6812 6813 6836 6837 6879 6891 6892 6893 6894 
interfaces 1 6946 
contribution 1 6744 
propagation 2 6971 6972 
government 6 6597 6598 6599 6794 6795 6879 
patterns 3 6876 6877 6878 
moving 4 6780 6954 6955 6956 
achieving 2 6588 6589 
petri 3 6905 17642 17643 
ibm 3 6763 6764 6765 
optimization 5 6945 6946 6947 6948 6949 
effects 1 6755 
miles 1 6874 
deception 3 6653 6654 6655 
provenance 1 6830 
explicit 1 6577 
contingency 1 6912 
artificial 5 14860 14934 14935 14936 6941 
discovery 6 6905 6906 6907 17782 19277 19278 
review 1 6577 
retail 3 6811 11603 11604 
e-government 4 14860 14836 14873 14933 
assessing 2 14836 14837 
knowledge-based 10 6851 6852 17642 17782 17783 17784 6941 11352 11353 11354 
pursuing 1 6631 
aid 2 6884 6885 
pre-construction 1 6622 
multi-channel 2 6737 6738 
programming 3 6945 6946 6947 
current 2 6792 6793 
investigating 5 6799 14582 6804 15719 15720 
affecting 1 6649 
logistics 5 6590 6891 6892 6893 6894 
relationships 1 6727 
clustering 2 6957 6958 
ahp 4 6891 6892 6893 6894 
look 1 6913 
fiber-based 4 6800 14148 14149 14150 
adoption 17 6666 6667 6668 6669 6670 6671 14860 14934 14935 14936 6688 6689 6730 6731 6849 6850 6879 
firm 11 6912 15635 15636 6722 6723 6724 6725 6726 6804 15719 15720 
needs 3 6747 6748 6749 
web 14 6576 6594 6694 6601 6677 6634 6635 6636 6637 6781 6782 6905 6906 6907 
traditional 5 6799 6800 14102 14103 14104 
constrained 3 6804 6805 6806 
multiple-criteria 2 6862 19609 
volume 4 6926 6927 6928 6929 
configuration 4 6814 6815 6816 6817 
auctions 4 6799 6800 14386 14387 
versus 4 6799 6800 14386 14387 
e-economy 1 6744 
exploring 5 6732 6799 6800 13703 13704 
logic-based 3 17642 17848 17849 
packaged 4 6853 6854 6855 6856 
future 1 6830 
optional 3 6719 6720 6721 
anp 4 6891 6892 6893 6894 
taiwanese 7 6597 6598 6599 6701 6702 6766 6769 
financial 3 17782 19277 19278 
enhancing 3 6912 15635 15636 
tenants 1 6620 
environments 4 6621 6622 6834 6835 
breakdown 3 6719 6720 6721 
integrating 3 6701 6702 6703 
ontology 2 6638 6639 
inter-organisational 1 6711 
switching 1 6608 
agent 6 6774 6775 6860 6861 6868 6869 
measurement 2 6737 6738 
three-dimensional 1 6789 
australia 2 6629 6630 
doing 2 6898 6899 
queries 3 6954 6955 6956 
example 2 6717 6718 
internet 23 6620 6672 6673 6674 6680 6681 6682 6688 6689 6746 6760 6761 6769 14069 6804 6862 6821 6822 6823 6849 6850 6898 6899 
amp 1 6744 
mobile 22 6666 6667 6668 6766 6767 6768 6769 14069 6799 6800 13703 13704 14089 6807 6808 6809 6810 6811 6812 6813 6838 6839 
does 3 6865 6866 6867 
ict 2 6794 6795 
gdp 1 6908 
employer 1 6746 
disparity 2 6654 17299 
understanding 4 6880 6881 6882 16321 
enhance 4 6733 6734 6735 6736 
organization 3 14873 14874 14875 
aachen 3 6945 6946 6947 
integration 7 6576 6784 6785 6870 6871 6872 6873 
experience 3 6763 6764 6765 
employee 3 6746 6760 6761 
parallel 3 6945 6946 6947 
requirement 3 6656 6657 6658 
communication 3 6745 6746 6908 
prediction 3 17782 19277 19278 
game 2 6690 6691 
readiness 4 6845 6846 6847 6848 
stages 3 6669 6670 6671 
methodology 1 6754 
dimension 2 6688 6689 
previse 4 6941 11352 11353 11354 
multi-dimensional 2 6957 6958 
approach 16 6577 6594 6694 6627 6886 6674 16833 6799 6800 14102 14103 14104 6926 6927 6928 6929 
enablers 2 6604 6605 
arrival 3 6719 6720 6721 
growth 1 6912 
manager 4 6853 6854 6855 6856 
determine 3 6876 6877 6878 
self-organisation 2 6868 6869 
task-driven 3 6600 6601 6602 
barrier 2 6973 6974 
cyber-production 1 6700 
espionage 3 14860 14859 14861 
concurrency 2 6955 7127 
e-service 2 6601 6677 
commercial 1 6620 
creating 3 6590 16321 16320 
structure 3 14873 14874 14875 
services 22 6576 6608 6666 6667 6668 6719 6720 6721 6737 6738 6799 6800 14089 14102 14103 14104 6811 11603 11604 6905 6906 6907 
e-marketplaces 4 6870 6871 6872 6873 
agent-based 5 6643 6644 6645 6739 6740 
turkish 2 6898 6899 
centrality 2 6612 6613 
managed 3 6640 6641 6642 
enabling 5 6601 6677 6727 6834 6835 
negotiation 4 6862 19609 6914 6915 
records 4 6845 6846 6847 6848 
simplified 4 6800 14148 14149 14150 
optimisation 4 6690 6691 6973 6974 
gap 4 6766 6767 6768 6769 
different 8 6653 6654 6655 6799 6800 6895 6896 6897 
region 1 6603 
expert 2 16321 16320 
creation 2 6758 6759 
series 3 17782 19277 19278 
follower 1 6762 
experiences 7 6807 6808 6809 6810 6811 6812 6813 
development 24 6620 6638 6639 6650 6651 6652 6656 6912 17117 6674 16833 6683 6704 6705 6706 6733 6734 6735 6736 6799 6800 6895 6896 6897 
subject 2 6860 6861 
workplace 1 6700 
fairness 2 6673 6875 
closer 1 6913 
algorithm 9 17642 17783 17784 6959 6960 6961 6962 6973 6974 
looking 1 6946 
cosmos 1 6754 
initiation 2 6730 6731 
zealand 1 6879 
service-level 3 6905 6906 6907 
spatial 3 6954 6955 6956 
realise 1 6711 
organisation 5 6686 6687 6900 15710 15711 
middleware 7 6807 6808 6809 6810 6811 6812 6813 
ideal 3 6876 6877 6878 
utaut 1 6732 
machines 8 6930 6931 6932 6959 6960 6961 9417 9418 
product 18 6591 6592 6593 6656 6912 17117 15635 15636 17098 6674 16339 16340 16833 6683 6814 6815 6816 6817 
theorizing 2 14875 14887 
accommodation 2 14875 14887 
classification 5 6675 6676 6747 6748 6749 
capita 1 6908 
telecommuting 2 6633 6695 
design 16 6678 6679 6710 6863 6864 6931 11771 11772 11773 11774 11775 11776 11777 11778 6938 6939 
e-voting 3 6669 14881 14860 
technology 17 6609 6610 6611 6912 15635 15636 17098 6701 6702 6755 6762 6781 6782 15710 15711 16274 6908 
individual 4 6612 6613 6860 6861 
reliability 2 14836 14837 
perspectives 2 6744 6746 
study 58 6577 6588 6589 15729 15730 15731 6597 6598 6599 6627 6629 6630 6631 6640 6641 6642 6646 6647 6648 6653 6654 6655 6912 15635 15636 6664 6665 6669 6670 6671 14861 14836 14928 14929 14930 14931 14837 6672 6673 6674 6683 6686 6687 6688 6689 6758 6759 6766 6769 6804 6805 6806 6838 6839 6870 6871 6872 6873 
computing 2 6673 6875 
middle 1 6590 
chinese 5 6912 6887 6888 6889 6890 
procedures 4 6941 11352 11353 11354 
barriers 3 6818 6819 6820 
level 2 6633 6695 
continuance 4 6633 6695 6673 6875 
two-step 1 6622 
age 3 6591 6592 6593 
value 8 6656 6912 17117 6711 6717 6718 16321 16320 
sets 2 6957 6958 
developing 8 6646 6647 6648 14860 14836 14873 14933 6711 
investigation 11 6577 6603 6666 6667 6668 6796 6797 6798 6874 6898 6899 
neutrality 4 6799 6800 14386 14387 
live 5 6959 6960 6961 9417 9418 
challenges 2 6712 6713 
e-health 4 6845 6846 6847 6848 
comparison 2 6794 6795 
adsl 2 6799 14582 
issues 6 6577 6746 6836 6837 6955 7127 
late 3 6804 15719 15720 
macroeconomic 2 6836 6837 
eastern 1 6590 
mining 4 6634 6635 6636 6637 
lost 3 6818 6819 6820 
theory 3 6683 6690 6691 
network 10 6612 6613 6622 6811 11603 11604 6959 6960 6961 6962 
online 9 6628 14861 14928 14929 14930 14931 6796 6797 6798 
risk 6 6690 6691 6891 6892 6893 6894 
wineries 2 6688 6689 
real 1 6620 
queuing 3 6719 6720 6721 
contracting 3 6653 6654 6655 
banking 6 6672 6673 6674 6811 11603 11604 
dimensionality 4 6634 6635 6636 6637 
conformance 1 6913 
healthcare 2 6792 6793 
agenda 2 6632 6633 
application 5 6632 6633 6704 6705 6706 
customers 4 6887 6888 6889 6890 
section 1 6946 
apparel 1 6762 
ip 5 6799 6800 14102 14103 14104 
human 2 6860 6861 
opportunity 4 6766 6767 6768 6769 
hidden 2 6675 6676 
potentials 3 6659 6660 6661 
necessary 2 6799 6800 
utilizing 3 6930 6931 6932 
summary 3 6620 6756 6757 
intelligent 2 6774 6775 
qos 3 6905 6906 6907 
collaborative 5 14860 14859 14861 6938 6939 
phenomenon 3 6597 6598 6599 
scheme 3 6747 6748 6749 
reduced 2 6971 6972 
snow 1 6874 
high-level 3 6905 17642 17643 
place 2 6717 6718 
industrialising 3 6804 15719 15720 
dps 3 6831 6832 6833 
personalised 4 6634 6635 6636 6637 
constraints 2 6594 6694 
international 2 6794 6795 
impacts 1 6603 
disaster 5 6730 6731 6747 6748 6749 
content 4 6799 6800 13703 13704 
socialisation 3 6609 6610 6611 
price 2 6690 6691 
ownership 1 6908 
load 1 6936 
simple 3 6643 6644 6645 
data 10 6741 6742 6743 6799 6800 14089 6817 19137 6957 6958 
aligning 4 6588 15729 15730 15731 
digital 21 6597 6598 6599 6707 6766 6767 6768 6769 14069 6799 6800 13703 13704 14386 14387 14582 6818 6819 6820 6868 6869 
computer-based 2 6745 6746 
critical 3 6646 6647 6648 
personal 3 6763 6764 6765 
dynamics 2 16321 16320 
uk 3 6701 6702 6703 
interoperability 2 6784 6785 
intercultural 2 14875 14887 
selection 3 6747 6748 6749 
adaptation 2 6799 6800 
supervised 2 6860 6861 
relationship 2 6760 6761 
enterprises 10 6669 6670 6671 6722 6723 6724 6725 6726 6849 6850 
pattern 3 17782 19277 19278 
inventory 3 6620 6756 6757 
modeling 1 6754 
dynavote 3 6669 14881 14860 
documentation 2 6851 6852 
high-tech 4 6588 15729 15730 15731 
infrastructure 1 6631 
buses 1 6643 
centre 3 6666 6667 6668 
thai 3 6672 6673 6674 
interviews 3 6796 6797 6798 
selecting 3 6656 6657 6658 
exploration 2 16321 16320 
questionnaire 2 14836 14837 
corporations 3 6714 6715 6716 
validity 2 14836 14837 
gender 3 6714 6715 6716 
parameters 3 6656 6657 6658 
cellular 1 6683 
networks 16 6623 6624 6625 14860 14934 14935 14936 6674 16339 16340 6799 6800 14089 14148 14149 14150 
state-owned 5 6722 6723 6724 6725 6726 
maintenance 2 6730 6731 
japanese 2 6766 6769 
intended 2 6633 6695 
workflow 11 6931 11771 11772 11773 11774 11775 11776 11777 11778 6938 6939 
nation 1 6590 
openness 4 6766 6767 6768 6769 
populations 2 6868 6869 
associated 2 6688 6689 
comparative 2 6766 6769 
irregular 4 6937 6938 6939 6940 
empirical 17 6577 6588 15729 15730 15731 6664 6665 6666 6667 6668 6838 6839 6874 6887 6888 6889 6890 
model 32 6576 6606 6607 6622 6656 6657 6658 6666 6667 6668 14860 14934 14935 14936 6673 6875 6675 6676 6732 6741 6742 6743 6800 14148 14149 14150 17642 17783 17784 6916 6917 6918 
nets 3 6905 17642 17643 
instrumentation 2 6737 6738 
engineering 8 6576 6626 6659 6660 6661 14860 14859 14861 
knowledge-sharing 2 6787 6788 
businesses 2 6874 6879 
phones 2 6838 6839 
emotions 4 6887 6888 6889 6890 
real-time 3 17642 17783 17784 
supply 29 6588 6589 6912 6909 6910 6911 6664 6665 6701 6702 6703 6711 6755 6758 6759 6784 6785 6801 6802 6803 6865 6866 6867 6876 6877 6878 6895 6896 6897 
knowledges 3 6714 6715 6716 
functions 2 6601 6677 
harnessing 3 6656 6912 17117 
expanding 2 6784 6785 
web-based 16 6628 6653 6654 6655 6912 6909 6910 6911 6831 6832 6833 6900 6901 6902 6903 6904 
markov 2 6675 6676 
recovery 2 6730 6731 
discovering 2 6817 19137 
dilemma 1 6643 
landlords 1 6620 
supporting 1 6710 
service 24 6588 6589 6594 6694 6608 14861 14928 14929 14930 14931 6673 6674 6875 16833 6710 6784 6785 6799 6800 14102 14103 14104 14386 14387 
server 4 6719 6720 6721 6936 
operations 6 6588 6589 6941 11352 11353 11354 
success 5 6603 6628 6646 6647 6648 
shell 3 6930 6931 6932 
uptake 6 6669 6670 6671 6799 6800 14089 
test 1 6936 
prototype 3 6916 6917 6918 
course 6 6796 6797 6798 6945 6946 6947 
center 4 6891 6892 6893 6894 
business-driven 2 6594 6694 
deployment 2 6799 14582 
groups 2 6860 6861 
cohesion 4 6937 6938 6939 6940 
preventing 3 14860 14859 14861 
information 25 6591 6592 6593 6608 6628 6638 6639 6912 6909 6910 6911 6686 6687 6755 6758 6759 6789 6792 6793 6851 6852 6876 6877 6878 6908 
econometric 2 6836 6837 
experimental 3 6653 6654 6655 
interaction 1 6710 
divides 2 6769 14069 
incentives 2 6860 6861 
allying 2 6684 6685 
strategic 3 6656 6912 17117 
fair 2 6760 6761 
collectivism 3 6865 6866 6867 
plug 3 6623 6624 6625 
supervisor 2 6760 6761 
container 4 6926 6927 6928 6929 
organising 4 6714 6715 6716 6780 
examination 2 6898 6899 
collaboration 1 6755 
hospitality 2 6863 6864 
long-term 3 6865 6866 6867 
discrete-event 1 6754 
private 3 6930 6931 6932 
dea 2 6588 6589 
partnerships 3 6895 6896 6897 
accurate 5 6945 6946 6947 6948 6949 
command 3 6930 6931 6932 
it-enablement 2 6604 6605 
contracts 1 6710 
migration 5 6959 6960 6961 9417 9418 
smartphones 2 6769 14069 
mathematical 2 6851 6852 
high-assurance 3 17642 17783 17784 
access 4 6800 14148 14149 14150 
research 6 6632 6633 6674 16833 6792 6793 
integrated 9 6912 6909 6910 6911 6666 6667 6668 6914 6915 
balancing 2 6746 6936 
relational 4 6766 6767 6768 6769 
cloud 2 6673 6875 
attack 3 6680 6681 6682 
based 34 6634 6635 6636 6637 6638 6639 14860 14934 14935 14936 6675 6676 6747 6748 6749 6814 6815 6816 6817 6860 6861 6931 11771 11772 11773 11774 11775 11776 11777 11778 6937 6938 6939 6940 
sector 3 6762 6838 6839 
on-line 1 6874 
impact 23 6608 6745 6746 6769 14069 6794 6795 6796 6797 6798 6801 6802 6803 6804 15719 15720 6887 6888 6889 6890 6895 6896 6897 
incidents 3 6680 6681 6682 
requests 4 6959 6960 6961 6962 
dedicated 4 6799 6800 14386 14387 
reduction 4 6634 6635 6636 6637 
visualisation 3 6789 6884 6885 
business-to-business 1 6762 
korea 3 6865 6866 6867 
systems 39 6603 6618 6619 6628 6638 6639 6656 6657 6658 14860 14859 14861 14836 14873 14933 6711 6732 6737 6738 6758 6759 6763 6764 6765 6834 6835 6870 6871 6872 6873 6876 6877 6878 6905 17642 17643 17783 17784 6936 
work 3 6744 6860 6861 
portal 2 6863 6864 
global 14 6598 6707 6640 6641 6642 6650 6651 6652 6654 17299 6680 6681 6682 6957 
kalman 2 6971 6972 
bernoulli 3 6719 6720 6721 
modelling 12 6594 6694 6604 6605 6750 6751 6752 6801 6802 6803 6836 6837 
properties 3 17642 17783 17784 
shape 5 6945 6946 6947 6948 6949 
government-owned 2 6758 6759 
statusing 1 6789 
programme 1 6744 
environment 2 6588 6589 
market 7 6621 6622 6643 6644 6645 6739 6740 
program 4 6945 6947 13019 13020 
influencing 5 6666 6667 6668 6787 6788 
re-manufacture 3 6831 6832 6833 
cylindrical 4 6926 6927 6928 6929 
management 44 6577 6588 6589 6604 6605 6618 6619 6620 6756 6757 6912 15635 15636 14860 14859 14861 6674 16833 6701 6702 6747 6748 6749 6780 6804 6862 6851 6852 6865 6866 6867 6876 6877 6878 6884 6885 6900 6901 6902 6903 6904 6916 6917 6918 
didm 3 6620 6756 6757 
filter 2 6971 6972 
efficient 19 6623 6624 6625 17642 17783 17784 6945 6946 6947 6948 6949 6959 6960 6961 6962 9417 9418 6971 6972 
bidding 4 6870 6871 6872 6873 
provisional 2 6882 16321 
behaviour 5 6577 6760 6761 6787 6788 
agents 9 6807 6808 6809 6810 6811 6812 6813 6914 6915 
ecosystems 2 6868 6869 
object 3 6954 6955 6956 
techno-economic 3 6799 6800 14089 
graph 1 6946 
interactive 13 6650 6651 6652 14861 14928 14929 14930 14931 6799 6800 14102 14103 14104 
order 3 6623 6624 6625 
regulatory 5 6799 6800 14102 14103 14104 
rule 7 6814 6815 6816 6817 6905 17642 17643 
africa 1 6908 
website 3 6704 6705 6706 
matter 3 6865 6866 6867 
moderate 2 6760 6761 
strategy 14 6588 15729 15730 15731 14836 14873 14837 14874 14875 6684 6685 6876 6877 6878 
degrees 2 6799 6800 
grounded 1 6683 
fragmented 4 6799 6800 13703 13704 
multimedia 5 6799 6800 14102 14103 14104 
safety 2 6884 6885 
entry 2 6621 6622 
context 7 6804 15719 15720 6834 6835 6882 6883 
specification 4 17642 17782 17783 17784 
cluster 2 6631 6936 
multi-person 2 6627 6886 
