<Keyword> <No of vertices> <vertex1> <vertex2> .... <vertexN> 
stability-oriented 3 4218 4220 4223 
rescheduling 3 4218 4220 4223 
engineer-to-order 6 4003 5244 5245 4073 4076 6099 
awareness 4 3897 3898 3899 6417 
parts 6 4057 4278 4279 4167 4907 4908 
managing 9 4019 5396 5397 4797 17249 17250 4165 4166 4167 
determinants 3 4118 4119 4120 
prototyping 3 4124 5693 6153 
time 6 3962 3965 6123 6124 4008 4009 
advanced 5 3909 3910 3911 4034 4035 
planar 3 4054 4055 4056 
in-store 3 5150 5149 15495 
product-service 3 3978 3979 3980 
generation 6 4057 4278 4279 4124 5363 5364 
objects 2 4124 5693 
jet 3 4162 4163 4164 
intelligence 4 14051 14422 14423 14424 
organisational 3 4165 4166 4167 
gasoline 3 3969 3970 3971 
aggregation 2 4781 5882 
project 6 4035 5236 5790 4101 4102 4270 
shorten 3 4106 4797 4798 
paradox 3 4080 4081 4082 
quality 17 4036 4037 4038 4039 4854 4855 4856 4857 4858 4859 5608 5609 5610 4797 4798 4796 4132 
dynamic 19 3962 3965 6123 6124 13735 13843 13844 4036 4037 4038 4039 4155 4156 4157 4564 4565 4165 4166 4167 
knowledge 27 3935 3936 3937 3938 3939 3940 5236 5237 4100 4101 4102 4270 4797 17249 17250 4782 5681 6168 5150 5149 6060 16994 16995 16996 18463 18464 18324 
unique 5 4218 5551 5552 5553 5554 
coupling 4 3905 3906 3907 3908 
profiled 4 4050 4051 4052 4053 
net 5 3889 3890 4896 4897 4898 
foundation 1 3877 
coherent 3 3930 3931 3932 
tags 3 4066 6093 6094 
sweden 3 5150 14943 15181 
taiwan 10 14617 14051 14678 14679 14710 5759 14711 5150 14943 15181 
sis-stamp 5 4125 4126 4127 4128 4129 
increasing 3 4080 4081 4082 
electronic 17 13956 14001 14002 14003 14004 14005 5396 14616 14617 14618 4076 4602 4164 4650 5150 14943 15181 
specifications 3 4155 4156 4157 
new 14 3972 3973 3974 3975 3976 3977 4065 4066 4067 4068 4797 17249 17250 4132 
demand-driven 2 4100 4101 
library 4 4164 6168 19079 19080 
advice 2 4006 4007 
permeability 3 4084 4085 4086 
libraries 3 5150 14943 15181 
basis 1 3877 
paradigm 6 3972 3973 3974 3975 3976 3977 
change 11 3952 3953 4002 4003 4004 4005 4006 4007 13735 13843 13844 
tool 17 5821 3983 4262 4263 4264 4057 4278 4279 4124 5363 5364 4169 4170 4230 4231 4232 4436 
calibrated 3 3969 3970 3971 
distributed 19 3951 5933 5934 5935 5936 5937 5938 5939 5236 5237 4100 4101 4102 4565 4779 4780 4165 4166 4167 
architecture 23 3900 3901 3902 3972 3973 3974 3975 3976 3977 6222 6223 6224 3981 3982 3983 3984 4101 4102 4465 4270 4124 5662 5663 
consumer 1 14943 
pdm 4 5759 5757 5758 5760 
capital 4 5396 14616 14617 14618 
software 8 4118 4119 4120 4121 4122 4144 4700 4701 
medical 4 14617 14051 14678 14679 
interchange 3 5150 5149 17050 
terminal 4 3962 3963 3964 3965 
tourists 4 14617 14051 14678 14679 
mixing 3 3969 3970 3971 
priority 4 3952 13956 14922 14944 
description 3 4021 4022 4023 
processing 1 4109 
perspective 13 3952 3953 3972 3973 3976 6222 6223 6224 4002 4003 4004 4005 6070 
processes 11 3889 3890 3983 4349 4350 4503 4515 4516 4123 4124 5693 
caap 3 4094 4095 4096 
lcas 3 3987 3988 3989 
arbitrarily 3 4054 4055 4056 
in-vehicle 2 3994 3995 
factors 10 4018 4019 4020 14617 14051 14678 14679 14710 5759 14711 
orders 3 4105 4107 4711 
fast 9 4854 4855 4856 5608 5609 5610 4162 4163 4164 
co-workers 3 4101 4102 4270 
governance 3 4019 5396 5397 
heterogeneous 4 3905 3906 3907 3908 
model-free 2 4144 6469 
feature-based 4 4100 4101 4102 4465 
evidence 3 4080 4081 4082 
analysis 25 3952 13956 14922 14944 3954 3969 3970 3971 4008 4009 4043 4044 4120 17824 17825 4123 4124 5150 5149 15495 16994 16995 16996 4173 4176 
simulation 16 3978 3979 3980 4008 4009 4218 4220 4223 4162 4163 4164 4173 4174 4175 4176 4184 
life-cycle 3 4019 5396 5397 
business 17 3972 3973 3974 3975 3976 3977 14051 14422 14423 14424 5759 14426 16433 4035 6548 6549 6550 
wireless 6 3951 4916 4917 4918 4919 4920 
fuzzy 14 4043 4044 4065 4066 4067 4068 4084 4085 4086 4132 4144 4145 4700 4701 
karl 3 6060 18463 18464 
activity 3 4094 4095 4096 
sites 4 5396 14616 14617 14618 
lessons 3 3987 3988 3989 
precision 3 3909 3910 3911 
sales-configurator 3 4080 4081 4082 
injection 3 3969 3970 3971 
semantic 12 4050 4051 4052 4053 4118 4119 4120 4130 5279 5280 5281 5282 
iterative 2 4144 6469 
fivatech 2 14052 17762 
mechatronic 4 4173 4174 4175 4176 
nature-inspired 4 4144 5354 6421 6422 
endomicroscopy 4 3905 3906 3907 3908 
piracy 2 3952 13977 
assessment 15 4854 4855 4856 5608 5609 5610 4089 4090 4091 4112 4113 4114 4115 4116 4117 
engineers 3 5150 14943 15181 
inference 5 3895 3896 3897 3898 3899 
thermal 4 4105 4106 4107 4108 
neural 10 13735 13734 13736 4100 4101 4102 4465 4106 4797 4798 
projector-vision 1 4109 
modularized 2 5149 6213 
sensor 6 3951 4916 4917 4918 4919 4920 
improved 10 4035 5236 5790 4038 4854 4855 4856 4857 4858 4859 
hollowing 2 4124 5693 
shops 2 4650 16070 
social 6 5396 14616 14617 14618 4121 4122 
tolerance 3 3909 3910 3911 
mechanical 3 3909 3910 3911 
aided 6 3877 4083 4435 4057 4058 4059 
capability 3 4165 4166 4167 
diagnostic 2 4173 4176 
support 12 5821 4019 5396 5397 4854 4855 4856 5608 5609 5610 4153 4154 
medium-sized 6 4040 6060 6056 6057 6058 6059 
adaptive 9 4003 5244 5245 4035 6548 6549 6550 4123 4124 
health 9 3951 4916 4917 4918 4919 4920 3978 3979 3980 
cryptography 3 4066 6093 6094 
distribution 5 3969 3970 3971 4008 4009 
yachting 3 4094 4095 4096 
heuristic 4 3962 3963 3964 3965 
virtual 24 3900 3901 3902 4006 4007 4101 4102 4465 4270 4112 4113 4114 4115 4116 4117 4124 6153 4167 5316 5317 5318 4169 5294 5295 
home 3 4130 4131 14943 
maturity 4 14051 14422 14423 14424 
ontologies 1 3877 
multimodal 4 4167 5316 5317 5318 
vehicle 13 4073 4074 4075 4076 4112 4113 4114 4115 4116 4117 4157 4564 4565 
decision 6 4854 4855 4856 5608 5609 5610 
acquisition 8 3969 3970 3971 4100 4101 6060 18463 18464 
reservoir 3 4084 4085 4086 
distance 3 4105 4107 4711 
supported 2 5759 14426 
products 32 13956 14001 14002 14003 14004 14005 3983 4348 4351 4349 4350 4503 3987 3988 3989 4003 5244 5245 4038 4854 4855 4856 4857 4858 4859 4066 6093 6094 4173 4174 4175 4176 
construction 1 4132 
identifying 9 3952 13956 14922 14944 4057 6227 6228 6229 6230 
analyse 2 4092 4093 
editorial 5 3983 4037 4038 4700 4782 
marketing 3 5150 14943 15181 
robot 3 3954 5502 5503 
enhancement 4 4650 16070 16995 18324 
health-related 6 3935 3936 3937 3938 3939 3940 
multiclass 2 4797 19999 
step-nc 4 4169 4230 4231 4232 
insights 1 3954 
improvement 3 4040 4041 4042 
method 15 5821 4089 4090 4091 4100 4101 4102 4270 4105 4106 4107 4108 4124 5363 5364 
capabilities 6 4080 4081 4082 4165 4166 4167 
manufacturing 19 3954 5502 5503 3981 3982 3983 3984 4008 4009 4010 4082 4839 4155 4156 4157 4169 4170 4171 4172 
single 3 4057 4278 4279 
type 3 4084 4085 4086 
customization-responsiveness 3 4080 4081 4082 
plm 4 5759 5757 5758 5760 
experiment 2 3952 13977 
applications 25 3889 3890 3994 3995 4034 4035 4037 4038 5791 5792 4854 4218 5551 5552 5553 5554 4144 4145 5354 6421 6422 4164 6168 19079 19080 
sscls 1 13844 
roundness 1 4107 
cycle 2 4008 4009 
joins 3 4120 17824 17825 
contract 3 4162 4163 4164 
force-torque 2 4124 6153 
printing 5 4125 4126 4127 4128 4129 
team 3 4101 4102 4270 
forming 3 4057 4278 4279 
aircraft 3 4162 4163 4164 
hybrid 9 3890 4896 4897 4898 4121 4122 4124 5662 5663 
conceptual 9 4112 4113 4114 4115 4116 4117 4165 4166 4167 
collaborations 2 4043 4044 
security 4 14051 14710 5759 14711 
disease 3 13735 13734 13736 
requirements 8 4019 5396 5397 4218 5551 5552 5553 5554 
zachman 6 3972 3973 3976 6222 6223 6224 
seam 6 4854 4855 4856 5608 5609 5610 
path 12 4057 4278 4279 4124 5363 5364 4169 4170 4230 4231 4232 4436 
grid 1 4184 
innovation 3 3877 4083 4435 
building 3 4010 4121 4122 
reuse 5 4003 5244 5245 16995 18324 
validation 5 3994 3995 4080 4081 4082 
rolled 7 4038 4854 4855 4856 4857 4858 4859 
task 3 4565 4779 4780 
problem 9 3962 3965 6123 6124 4164 6168 19079 19080 6060 
generating 3 4054 4055 4056 
daily 4 3962 3965 6123 6124 
concepts 1 5821 
emarketplaces 1 4040 
database 2 4153 4154 
rendering 6 3905 3906 3907 3908 4124 6153 
implementation 9 3954 5502 5503 5759 5757 5758 5760 5282 18212 
identification 8 4218 5551 5552 5553 5554 4092 5189 5190 
inter-firm 2 4082 4839 
bridging 1 4010 
innovations 3 5150 5149 15495 
curved 3 4054 4055 4056 
technique 5 3969 3970 3971 4054 5807 
residential 5 3895 3896 3897 3898 3899 
re-engineering 4 4002 4003 4004 4005 
equipment 7 4105 4106 4107 4108 4565 4779 4780 
manage 8 3962 3963 3964 3965 3981 3982 3983 3984 
customer 3 4797 17249 17250 
production 12 3949 3950 3951 4058 4218 4219 4220 4221 4222 4223 4173 4176 
pipelines 1 4083 
practices 2 4173 4176 
feedback 2 14052 19438 
concurrent 2 3952 3953 
feature 2 4797 19999 
footprints-based 2 4650 16070 
elements 5 4003 4148 4019 5396 5397 
structured 2 19079 6060 
template 2 14052 17762 
consistency 2 4003 4148 
tooling 4 4037 4038 4039 4366 
structures 2 4782 5681 
models 12 3952 13956 14922 4021 4022 4023 4070 4071 4072 4124 5363 5364 
complex 16 3954 6518 6519 6520 4057 4278 4279 4092 5189 5190 4124 5363 5364 4167 4907 4908 
coordination 6 3982 3983 4348 4351 4349 4350 
plants 4 3890 4896 4897 4898 
use 18 3877 3969 3970 3971 3983 4262 4263 4264 14617 14051 14678 14679 14052 14053 13735 5150 5149 17050 
tissue 2 4037 6254 
applicability 5 4089 4090 4091 4173 4176 
dialectical 3 3930 3931 3932 
meta 4 4101 4102 4465 4270 
criss-cross 3 4120 17824 17825 
cnc 4 4169 4230 4231 4232 
autonomous 4 4133 4134 4135 4136 
relevance 2 14052 19438 
customization 4 4073 4074 4075 4076 
gng 4 4169 4170 4171 4172 
candidates 5 4057 6227 6228 6229 6230 
granulation 3 4106 4797 4798 
trust 3 4101 4102 4270 
learning 8 13735 13843 13844 4144 6469 4165 4166 4167 
material 2 4123 4124 
fitting 2 4124 5693 
rfid 8 4218 5551 5552 5553 5554 4066 6093 6094 
controllers 3 4144 4700 4701 
practice 3 4019 5396 5397 
cognition 3 4144 4145 5354 
stigmergy 6 3982 3983 4348 4351 4349 4350 
e-maintenance 4 3891 3892 3893 3894 
procurement 2 3996 3997 
computer-aided 4 4083 4094 4095 4096 
organisations 3 4165 4166 4167 
drawings 5 4002 4003 4004 4005 6070 
derivative 2 4164 4650 
practical 4 4118 4119 4120 5160 
metal 12 4038 4854 4855 4856 4857 4858 4859 4057 4058 4059 4278 4279 
considering 4 4650 5150 5149 17176 
care 4 14051 14052 14053 13735 
enabled 4 4169 4230 4231 4232 
control 60 3981 3982 3983 3984 4348 4351 4262 4263 4264 4349 4350 4028 4029 4030 4031 4032 4033 4036 4037 4038 4039 4058 4218 4219 4220 4221 4222 4223 4101 4102 4465 4270 4118 4119 4120 5160 4123 4124 5662 5663 4130 5279 5280 5281 5282 4144 4145 4700 4701 5354 6421 6422 6469 4782 5681 4157 4564 4565 4779 4780 
declaration 2 4782 4781 
condition 4 3891 3892 3893 3894 
surfaces 4 4054 4055 4056 5807 
linguistic 1 4132 
extraction 2 14052 17762 
evolving 2 4153 4154 
imaging 9 4037 4038 4854 6254 4855 4856 4857 4858 4859 
shapes 3 4167 4907 4908 
e-licensing 5 13956 13955 13957 13958 13959 
data-driven 2 4144 6469 
stereo 8 4036 4037 4038 4039 4950 4951 4952 4953 
self-determination 4 5396 14616 14617 14618 
case 16 3952 13956 14922 14944 13955 13957 13958 13959 4118 4119 4120 5160 4169 4230 4231 4232 
inbound 3 4157 4564 4565 
innovative 5 4082 4839 4797 17249 17250 
early 1 5821 
mass-customization 3 4080 4081 4082 
engagement 7 4123 4124 6060 6056 6057 6058 6059 
multi-level 3 3902 6361 6362 
www 2 14052 19438 
large-scale 3 4094 4095 4096 
indirect 2 3996 3997 
cad 2 4003 4148 
computer-supported 1 4083 
performance 12 3983 14051 14052 14053 13735 13843 13844 5282 18212 4782 4781 5882 
welds 6 4854 4855 4856 5608 5609 5610 
uncertainty 4 3962 3965 6123 6124 
ontological 1 3877 
bending 5 4000 4001 4057 4058 4059 
defects 4 4037 4038 4039 4366 
reference 4 4100 4101 4102 4465 
examining 3 4018 4019 4020 
learned 3 3987 3988 3989 
authentication 3 4066 6093 6094 
genetic 3 4105 4107 4711 
erp 14 3902 6361 6362 4019 5396 5397 4089 4090 4091 4118 4119 4120 4121 4122 
electronics 1 4109 
automated 5 4037 4038 4039 4366 4109 
surface 4 3903 3904 4037 6254 
tuple 1 4132 
domains 4 4073 4074 4075 4076 
milling 2 4123 4124 
house 1 4132 
hierarchical 3 4070 4071 4072 
avoid 3 4080 4081 4082 
drive 3 4144 4700 4701 
carbon 2 4650 16070 
industry 28 4002 4003 4004 4005 6070 14051 14710 5759 14711 4028 4029 4030 4031 4032 4033 4038 4854 4855 4856 4857 4858 4859 5608 5609 5610 4094 4095 4096 
strategies 7 3891 3892 3893 3894 4218 4220 4223 
platform 14 3951 5933 5934 5935 5936 5937 5938 5939 4076 4602 4167 5316 5317 5318 
continuous 6 3972 3973 3974 3975 3976 3977 
antecedents 6 13956 14001 14002 14003 14004 14005 
measurements 1 4107 
visual 2 16995 18324 
planning 30 3983 4349 4350 4503 4515 4516 4018 4019 4020 4057 4058 4059 4218 4219 4220 4221 4222 4223 4089 4090 4091 4094 4095 4096 4132 5150 5149 16994 16995 16996 
approaches 4 4101 4102 4465 4270 
product-lifecycle 5 4130 5279 5280 5281 5282 
assembly 5 4014 4015 4016 5149 6213 
link 3 3978 3979 3980 
cultural 3 5150 5149 15495 
line 7 4036 4037 4038 4039 4162 4163 4164 
retrieval 6 14052 19438 4100 4101 4102 4465 
techniques 14 4218 5551 5552 5553 5554 4070 4071 4072 4124 5662 5663 4169 5294 5295 
attitude 6 13956 14001 14002 14003 14004 14005 
computers 3 4144 4145 5354 
options 3 5759 14426 16433 
networking 4 5396 14616 14617 14618 
robust 17 4037 4038 4039 4366 4950 4951 4952 4953 4854 4855 4856 5608 5609 5610 4797 4798 4796 
module 3 4565 4779 4780 
applying 5 4797 4798 4796 5149 6213 
automation 4 4000 4001 4173 4176 
intermodal 4 3962 3963 3964 3965 
model-driven 3 3902 6361 6362 
framework 20 5821 3891 3892 3893 3894 3978 3979 3980 4057 4278 4279 4118 4119 4120 4782 4781 4173 4174 4175 4176 
process 30 3909 3910 3911 3996 3997 4002 4003 4004 4005 4028 4029 4030 4031 4032 4033 4040 4041 4042 4057 4058 4059 4100 4106 4797 4798 4144 5354 6421 6422 4184 
chain 9 4781 5882 4157 4564 4565 5150 5149 17050 6213 
databases 2 5282 18212 
fractal 3 4155 4156 4157 
improving 6 4021 4022 4023 5150 5149 15495 
proteus 8 3951 5933 5934 5935 5936 5937 5938 5939 
phone 3 4106 4797 4798 
managers 3 5150 14943 15181 
obstacle 4 4133 4134 4135 4136 
motional 2 16995 18324 
drawing-less 4 4002 4003 4004 4005 
travel 7 14617 14051 14678 14679 4105 4107 4711 
remote 3 3954 5502 5503 
photometric 8 4036 4037 4038 4039 4950 4951 4952 4953 
context-aware 5 3895 3896 3897 3898 3899 
used 1 4109 
heat 2 4000 4001 
transit 4 3962 3965 6123 6124 
skin 2 4037 6254 
attitudes 1 14943 
semiconductor 2 4008 4009 
scheduling 8 3890 4896 4897 4898 4164 6168 19079 19080 
mass 4 4073 4074 4075 4076 
automotive 3 6168 5149 6213 
neuro-fuzzy 3 3949 3950 3951 
model-based 5 4002 4003 4004 4005 6070 
survey 12 3889 3890 4218 5551 5552 5553 5554 4144 4145 5150 14943 15181 
algorithms 3 4105 4107 4711 
telepresence 4 3897 3898 3899 6417 
contradiction 1 3877 
example-based 5 4037 4950 4951 4952 4953 
intellectual 3 5150 14943 15181 
enterprise 37 3972 3973 3974 3975 3976 3977 6222 6223 6224 4018 4019 4020 4043 4044 4058 4218 4219 4220 4221 4222 4223 4082 4839 4089 4090 4091 4101 4102 4465 4270 4121 4122 5150 5149 16994 16995 16996 
co-creation 3 4070 4071 4072 
stable 3 4144 4700 4701 
formal 1 3877 
batch 2 3889 3890 
representation 5 6060 16995 18463 18464 18324 
generic 7 4003 5244 5245 4164 6168 19079 19080 
alignment 6 3972 3973 3974 3975 3976 3977 
connecting 4 4073 4074 4075 4076 
footwear 6 4169 4170 4171 4172 5294 5295 
issue 3 3983 4037 4038 
state 10 3983 4262 4263 4264 4021 4022 4023 4057 4058 4059 
solution 10 5821 4058 4218 4219 4220 4221 4222 4223 4082 4839 
evaluation 13 5821 4043 4044 4218 4220 4223 4101 4102 4270 5282 18212 4650 16070 
ipma 4 3952 13956 14922 14944 
sharing 5 4100 4101 4102 4465 4270 
designs 6 4112 4113 4114 4115 4116 4117 
implications 3 5759 14426 16433 
safer 4 4167 5316 5317 5318 
acceptance 3 3952 13956 14922 
availability 3 4162 4163 4164 
assemblies 3 3909 3910 3911 
definition 6 3877 4002 4003 4004 4005 6070 
abnormal 3 4092 5189 5190 
vision 2 4037 4038 
chains 6 3909 3910 3911 4073 4076 6099 
overcoming 3 4080 4081 4082 
multi-agent 4 3982 3983 4348 4351 
special 3 3983 4037 4038 
reconstruction 6 3903 3904 4169 4170 4171 4172 
benefits 3 4080 4081 4082 
user 13 3935 3936 3937 3938 3939 3940 3952 13956 14922 4050 4051 4052 4053 
formula 3 4019 5396 5397 
lif 3 3969 3970 3971 
visions 1 4107 
predicting 6 3983 4351 4349 4502 4503 4504 
using 65 3903 3904 3952 13956 14922 14944 3978 3979 3980 3982 3983 4348 4351 4003 4148 4037 4950 4951 4952 4953 4054 5807 4057 4278 4279 4218 4220 4223 4080 4081 4082 4084 4085 4086 4105 4106 4107 4108 4797 4798 4796 4112 4113 4114 4115 4116 4117 4124 5662 5663 5693 4144 6469 5150 5149 14943 15181 15495 4169 4170 4436 4173 4174 4175 4176 
communities 4 4118 4119 4120 5160 
continued 4 14051 14052 14053 13735 
ga 4 3890 4896 4897 4898 
search 4 4050 4051 4052 4053 
interfaces 3 4124 5662 5663 
sustainability 1 4010 
propagation 2 4003 4148 
government 5 13956 13955 13957 13958 13959 
d-vision-based 4 4133 4134 4135 4136 
limits 3 3909 3910 3911 
multi-core 3 4169 4170 4436 
monitoring 7 3949 3950 3951 4092 4093 5189 5190 
configurator 6 4073 4076 6099 4080 4081 4082 
moving 5 4037 4038 5791 5792 4854 
multidisciplinary 1 3954 
e-procurement 5 3996 3997 4118 4119 4120 
petri 5 3889 3890 4896 4897 4898 
portfolio 4 4650 5150 5149 17176 
image 13 3905 3906 3907 3908 3969 3970 3971 4028 4029 4030 4031 4032 4033 
optimization 3 3930 3931 3932 
companies 3 4089 4090 4091 
dependability 6 3951 4916 4917 4918 4919 4920 
air-to-fuel 3 3969 3970 3971 
projects 5 5236 5237 4094 4095 4096 
discovery 4 13735 13843 13844 6168 
hospital 4 14051 14422 14423 14424 
review 3 3987 3988 3989 
e-government 5 13956 13955 13957 13958 13959 
assessing 4 14051 14052 14053 13735 
aid 3 4070 4071 4072 
www-enabled 2 5236 5237 
parameterization 2 4054 5807 
execution 3 4565 4779 4780 
multi-channel 5 6060 6056 6057 6058 6059 
feasibility 1 5821 
current 3 4083 4173 4176 
domain 3 4100 4101 6168 
affecting 4 14051 14710 5759 14711 
mas 5 3983 4348 4351 4349 4350 
sheet 10 4057 4058 4059 4278 4279 4125 4126 4127 4128 4129 
polyhedral 3 4124 5363 5364 
adoption 6 4018 4019 4020 5396 5397 14943 
web 7 14052 17762 4034 4035 4118 4119 4120 
condition-based 3 4040 4041 4042 
maintainer 3 4162 4163 4164 
shipbuilding 2 4000 4001 
solving 5 4164 6168 19079 19080 6060 
retailers 3 5150 5149 15495 
prognostics 9 3951 4916 4917 4918 4919 4920 3978 3979 3980 
volume 6 3905 3906 3907 3908 4124 6153 
in-line 6 4854 4855 4856 5608 5609 5610 
successful 3 4019 5396 5397 
construct 3 4080 4081 4082 
configuration 6 4073 4074 4075 4076 4082 4839 
methods 10 5282 18212 4144 4700 4701 4164 6168 19079 19080 6060 
holonic 1 3983 
versus 6 3983 4348 4351 4349 4350 4503 
privacy-preserving 2 4130 4131 
stone 4 4037 4038 4039 4366 
exploring 6 3972 3973 3976 6222 6223 6224 
logic-based 3 4021 4022 4023 
latency 2 4092 4093 
future 9 4083 3972 3973 3976 6222 6223 6224 4173 4176 
capture 5 4037 4950 4951 4952 4953 
competitiveness 5 4650 16070 5150 5149 15495 
financial 4 14051 14710 5759 14711 
freeform 2 3903 3904 
classifiers 3 13735 13734 13736 
enhancing 2 4100 4101 
engines 3 3969 3970 3971 
dimensional 7 4038 4854 4855 4856 4857 4858 4859 
drayage 4 3962 3965 6123 6124 
environments 8 3895 3896 3897 3898 3899 13735 13843 13844 
odm 2 5149 6213 
integrating 6 4101 4102 4465 4270 4782 5681 
ontology 10 3972 3973 3974 3975 3976 3977 4010 4100 4101 6168 
agent 8 3981 3982 3983 3984 4173 4174 4175 4176 
measurement 4 3983 4782 4781 5882 
detection 12 4037 4038 4039 4366 4105 4106 4107 4108 4133 4134 4135 4136 
recursive 4 3903 3904 4054 5807 
polished 4 4037 4038 4039 4366 
educational 3 13735 13843 13844 
internet 11 3952 13956 14922 14944 3954 5502 5503 14051 14710 5759 14711 
amp 7 4650 5150 5149 17176 16994 16995 16996 
dexel-based 2 4124 6153 
subdivision 4 3903 3904 4054 5807 
ict 6 3900 3901 3902 3987 3988 3989 
intentions 4 14617 14051 14678 14679 
routing 7 4157 4564 4565 4173 4174 4175 4176 
tiles 4 4036 4037 4038 4039 
hands 4 4167 5316 5317 5318 
integration 11 3951 5933 5934 5935 5936 5937 5938 5939 4100 5149 6213 
experience 3 4080 4081 4082 
types 3 13735 13734 13736 
prints 5 4125 4126 4127 4128 4129 
agere 6 3983 4348 4351 4349 4350 4503 
functionality 1 4184 
stamp 5 4125 4126 4127 4128 4129 
value-added 3 3902 6361 6362 
speed 3 4144 4700 4701 
communication 3 4144 4145 5354 
purchasers 2 5150 5149 
prediction 5 13735 13734 13736 4144 6469 
methodology 7 4650 5150 5149 17176 4165 4166 4167 
system-on-chip 3 5150 14943 15181 
dimension 3 3909 3910 3911 
sculpting 2 4124 6153 
approach 32 5821 3890 4896 4897 4898 3962 3965 6123 6124 4065 4066 4067 4068 4270 4106 4797 4798 4132 4144 6469 4650 16070 5150 5149 17050 4165 4166 4167 4169 4230 4231 4232 
sustainable 2 4650 16070 
integral 3 4019 5396 5397 
visualization 4 3905 3906 3907 3908 
lifecycle 6 4002 4003 4004 4005 6070 4010 
minimizing 3 4105 4107 4711 
regime 3 3902 6361 6362 
programs 4 3891 3892 3893 3894 
creating 8 3951 5933 5934 5935 5936 5937 5938 5939 
structure 9 4003 5244 5245 4014 4015 4016 5759 14426 16433 
services 13 3935 3936 3937 3938 3939 3940 3987 3988 3989 5150 5149 14943 17050 
predictive 5 4092 4093 4144 4700 4701 
flexible 6 3900 3901 3902 3949 3950 3951 
reality 17 3897 3898 3899 6417 4112 4113 4114 4115 4116 4117 4167 5316 5317 5318 4169 5294 5295 
composite 2 3903 3904 
agent-based 3 3900 3901 3902 
enabling 15 14051 14052 14422 14423 14424 19438 4100 4101 4102 4270 6060 6056 6057 6058 6059 
traffic 4 3962 3963 3964 3965 
endmills 2 4123 4124 
delivery 5 13956 13955 13957 13958 13959 
pi 3 4144 4700 4701 
novel 6 3978 3979 3980 4797 4798 4796 
gap 1 4010 
different 7 3996 3997 13735 13734 13736 4123 4124 
plant 4 4105 4106 4107 4108 
expert 2 4782 5681 
creation 6 4112 4113 4114 4115 4116 4117 
fashion 4 4065 4066 4067 4068 
hardware 4 4169 4230 4231 4232 
development 34 3891 3892 3893 3894 4065 4066 4067 4068 4076 4602 4080 4081 4082 4100 4101 4102 4465 4270 4797 17249 17250 4124 5662 5663 4144 4700 4701 4565 4779 4780 4164 4650 19079 6060 
algorithm 6 4054 4055 4056 4797 4798 4796 
unexpected 6 3983 4351 4349 4502 4503 4504 
solve 4 3962 3965 6123 6124 
perimeters 1 4107 
actionable 6 3935 3936 3937 3938 3939 3940 
configurators 3 4080 4081 4082 
spatial 5 3969 3970 3971 5282 18212 
simultaneous 5 4797 19999 4157 4564 4565 
importance-performance 4 3952 13956 14922 14944 
pages 2 14052 17762 
inwolve 2 3974 6091 
organisation 2 4121 4122 
developments 3 4054 4055 4056 
co-ordination 2 4082 4839 
machines 4 3983 4262 4263 4264 
ontology-based 1 4270 
product 53 3954 6518 6519 6520 4002 4003 4004 4005 6070 5244 5245 4010 4014 4015 4016 4040 4041 4042 4054 5807 4065 4066 4067 4068 4070 4071 4072 4073 4076 6099 4602 4080 4081 4082 4839 4100 4101 4102 4797 17249 17250 4124 5662 5663 6153 4132 4153 4154 4164 4650 5150 5149 17176 
unified 2 4782 4781 
allocation-scheduling 4 3962 3963 3964 3965 
classification 5 4070 4071 4072 4797 19999 
telecommuting 3 5759 14426 16433 
filesystem 1 4184 
design 40 3877 5821 3897 3898 3899 6417 3909 3910 3911 3954 6518 6519 6520 4003 4148 5244 5245 4054 5807 4070 4071 4072 4100 4101 4102 4465 4270 4120 17824 17825 4153 4154 4164 4650 5149 6213 4167 5316 5317 5318 
technology 9 4100 4101 4102 4465 5150 5149 16994 16995 16996 
inventive 5 3877 5821 3930 3931 3932 
integrity 2 4100 4101 
perspectives 4 5396 14616 14617 14618 
study 23 14051 14710 5759 14711 4089 4090 4091 4118 4119 4120 5160 4162 4163 4164 14943 4169 4230 4231 4232 4173 4174 4175 4176 
computing 4 3905 3906 3907 3908 
studies 1 3877 
chinese 4 14617 14051 14678 14679 
level 3 4073 4076 6099 
squeeze 3 4080 4081 4082 
results 3 4089 4090 4091 
developing 7 3954 3969 3970 3971 4101 4102 4270 
train 8 3962 3963 3964 3965 4133 4134 4135 4136 
investigation 7 3969 3970 3971 5759 5757 5758 5760 
combining 6 3972 3973 3974 3975 3976 3977 
objective 2 4782 4781 
topological 3 4167 4907 4908 
malaysia 4 3952 13956 14922 14944 
correlation 6 4028 4029 4030 4031 4032 4033 
machine 7 3983 4262 4263 4264 4037 4038 4107 
matching 6 3996 3997 4050 4051 4052 4053 
emerging 7 4037 4038 5791 5792 4854 4173 4176 
manufacture 3 4057 4278 4279 
incremental 3 4057 4278 4279 
controller 3 4565 4779 4780 
interpolating 2 3903 3904 
mining 3 3974 6091 6168 
improve 4 4065 4066 4067 4068 
customized 2 4076 4602 
network 14 13735 13734 13736 4035 6548 6549 6550 4100 4101 4102 4465 4106 4797 4798 
online 15 13956 14001 14002 14003 14004 14005 3978 3979 3980 3983 4349 4350 4503 4515 4516 
risk 2 4043 4044 
considerations 3 4019 5396 5397 
neural-genetic 3 4797 4798 4796 
banking 4 3952 13956 14922 14944 
mixed 3 4089 4090 4091 
drives 4 5396 14616 14617 14618 
application 24 3949 3950 3951 4028 4029 4030 4031 4032 4033 4092 5189 5190 4094 4095 4096 4100 4101 4102 4465 4125 4126 4127 4128 4129 
configure-to-order 2 4076 4602 
resource 20 4018 4019 4020 4089 4090 4091 4101 4102 4465 4270 4162 4163 4164 4650 5150 5149 17176 4165 4166 4167 
arachne 4 4035 6548 6549 6550 
agency 5 13956 13955 13957 13958 13959 
octopus 2 4130 4131 
customers 5 6060 6056 6057 6058 6059 
rapid 11 4112 4113 4114 4115 4116 4117 4124 5693 4565 4779 4780 
apparel 3 4066 6093 6094 
contraction 3 4124 5363 5364 
organizational 3 4165 4166 4167 
electrical 3 4144 4700 4701 
consumer-perceived 3 4080 4081 4082 
local 5 13956 13955 13957 13958 13959 
smart 7 4118 4119 4120 5160 4130 4131 14943 
intelligent 8 3983 4348 4351 4349 4350 4503 4164 4650 
biarcs 2 4124 5693 
collaborative 26 3897 3898 3899 6417 3954 6518 6519 6520 4003 4148 4014 4015 4016 13844 4100 4101 4102 4124 5662 5663 5149 6213 4173 4174 4175 4176 
non-uniform 2 4124 5693 
fight 2 3952 13977 
characterization 2 4037 6254 
optimal 8 3909 3910 3911 4144 5354 6421 6422 6469 
turning 10 3935 3936 3937 3938 3939 3940 4169 4230 4231 4232 
pakistan 6 13956 14001 14002 14003 14004 14005 
scheme 2 3903 3904 
providers 2 5150 5149 
resistance 6 4854 4855 4856 5608 5609 5610 
constraints 4 4650 5150 5149 17176 
content 8 3935 3936 3937 3938 3939 3940 5150 5149 
floor 4 3979 4565 4779 4780 
intention-to-purchase 6 13956 14001 14002 14003 14004 14005 
trends 1 4083 
face 5 4037 4950 4951 4952 4953 
primitive-based 2 4144 6469 
choice 3 4118 4119 4120 
events 3 4092 5189 5190 
data 21 3954 6518 6519 6520 14052 17762 4092 5189 5190 4130 4131 5279 5280 5281 5282 4153 4154 6168 5150 5149 17050 
essere 6 3983 4348 4351 4349 4350 4503 
digital 18 3952 13977 4028 4029 4030 4031 4032 4033 4058 4218 4219 4220 4221 4222 4223 5150 5149 15495 
critical 3 4018 4019 4020 
feedrate 2 4123 4124 
document 8 4035 5236 5790 5150 5149 16994 16995 16996 
utilization 3 4162 4163 4164 
assess 3 4165 4166 4167 
benchmark-based 2 4164 4650 
concept-based 2 14052 19438 
task-oriented 1 3979 
direct 3 3969 3970 3971 
matrix 4 3952 13956 14922 14944 
discontinuous 1 4107 
interoperability 3 4021 4022 4023 
fault 10 4092 4093 4105 4106 4107 4108 4144 5354 6421 6422 
selection 4 4797 4798 4796 19999 
engineering-to-order 4 4650 5150 5149 17176 
combined 1 4109 
immersive 6 4112 4113 4114 4115 4116 4117 
replace 5 4002 4003 4004 4005 6070 
enterprises 14 3900 3901 3902 4040 4050 4051 4052 4053 4270 6060 6056 6057 6058 6059 
overview 4 4144 5354 6421 6422 
backend 2 4008 4009 
modeling 12 4014 4015 4016 4084 4085 4086 4092 4093 4155 4156 4157 4184 
inventory 3 4157 4564 4565 
smartphone-supported 1 13844 
dof 2 4124 6153 
infrastructure 2 4130 4131 
mts 2 4797 19999 
faces 5 4037 4038 5791 5792 4854 
mto 3 4089 4090 4091 
hub 3 5150 5149 17050 
inspection 12 4038 4854 4855 4856 4857 4858 4859 4125 4126 4127 4128 4129 
finite 4 3983 4262 4263 4264 
haptic 4 4124 5662 5663 6153 
networks 6 3951 4916 4917 4918 4919 4920 
cellular 3 4106 4797 4798 
text 7 3935 3936 3937 3938 3939 3940 6168 
design-by-analogy 5 4057 6227 6228 6229 6230 
federations 5 4130 5279 5280 5281 5282 
association 2 4003 4148 
maintenance 29 3891 3892 3893 3894 3951 5933 5934 5935 5936 5937 5938 5939 4019 5396 5397 4028 4029 4030 4031 4032 4033 4040 4041 4042 4092 4093 4162 4163 4164 
coffee 2 4650 16070 
task-based 4 3983 4262 4263 4264 
xml 3 5150 5149 17050 
workflow 2 3974 6091 
logic 5 4043 4044 4084 4085 4086 
client-server 3 4124 5662 5663 
associated 3 4165 4166 4167 
generated 6 3935 3936 3937 3938 3939 3940 
passive 3 4066 6093 6094 
multi-response 3 4797 4798 4796 
empirical 5 14051 14710 5759 14711 14943 
model 14 3930 3931 3932 4101 4102 4465 4270 4781 5882 4165 4166 4167 4907 4908 
ceramic 4 4036 4037 4038 4039 
engineering 23 3952 3953 3983 4349 4350 4503 4515 4516 4002 4003 4004 4005 6070 4006 4007 5236 5237 4100 4101 4102 4797 4798 4796 
clean-up 3 4124 5363 5364 
competing 3 3952 13956 14922 
complete 1 4184 
real-time 11 3905 3906 3907 3908 3994 3995 4037 4038 5791 5792 4854 
supply 12 4073 4076 6099 4781 5882 4157 4564 4565 5150 5149 17050 6213 
machining 6 4124 5363 5364 4167 4907 4908 
point-cloud 2 4054 5807 
svm 4 4105 4106 4107 4108 
principles 4 5759 5757 5758 5760 
recovery 5 4037 4038 5791 5792 4854 
variety 3 4080 4081 4082 
appliances 2 4130 4131 
supporting 1 3979 
determinates 1 14943 
make-to-order 3 4089 4090 4091 
service 13 13956 13955 13957 13958 13959 4070 4071 4072 4118 4119 4120 4650 16070 
word-of-mouth 10 13956 14001 14002 14003 14004 14005 5396 14616 14617 14618 
operations 4 4169 4230 4231 4232 
success 3 4018 4019 4020 
test 6 3952 13956 14922 4106 4797 4798 
diagnosis 7 4144 5354 6421 6422 6168 4173 4176 
maintaining 2 4003 4148 
agility 4 14051 14422 14423 14424 
sales 3 4080 4081 4082 
evolutionary 3 4054 4055 4056 
page-level 2 14052 17762 
information 12 3979 14051 14052 14053 13735 19438 4021 4022 4023 4106 4797 4798 
problems 3 3930 3931 3932 
gpus 3 4169 4170 4436 
dht 2 4130 4131 
petri-net-based 3 4565 4779 4780 
art 10 4021 4022 4023 4057 4058 4059 4100 4101 4102 4465 
groupware 2 5759 14426 
analytics 6 3935 3936 3937 3938 3939 3940 
strategic 7 4650 5150 5149 17176 16994 16995 16996 
tree-based 2 5282 18212 
tax 3 3902 6361 6362 
computation 6 4169 4170 4230 4231 4232 4436 
language 3 6060 18463 18464 
collaboration 10 5759 14426 4101 4102 4270 6060 6056 6057 6058 6059 
long-term 4 14051 14052 14053 13735 
updating 2 4124 6153 
effective 4 3891 3892 3893 3894 
accurate 7 4057 4278 4279 4133 4134 4135 4136 
interrelated 3 3909 3910 3911 
ubiquitous 10 3895 3896 3897 3898 3899 6060 6056 6057 6058 6059 
augmented 7 3897 3898 3899 6417 4169 5294 5295 
app 4 14617 14051 14678 14679 
multidimensional 2 4037 6254 
access 10 4101 4102 4465 4270 4130 5279 5280 5281 5282 18212 
research 1 4083 
integrated 28 3890 4896 4897 4898 3897 3898 3899 6417 3954 6518 6519 6520 4058 4218 4219 4220 4221 4222 4223 4073 4074 4075 4076 4125 4126 4127 4128 4129 
point 5 4054 5807 4057 4278 4279 
steelmaking 6 4854 4855 4856 5608 5609 5610 
mutual 4 3897 3898 3899 6417 
paradigms 2 4173 4176 
industrial 32 3891 3892 3893 3894 3951 4916 4917 4918 4919 4920 4021 4022 4023 4034 4035 4130 5279 5280 5281 5282 4144 4145 5354 6421 6422 4782 4781 5681 4167 5316 5317 5318 
self-organizing 4 4173 4174 4175 4176 
cloud 4 4118 4119 4120 5160 
offsetting 2 4124 5693 
based 39 3890 4896 4897 4898 3891 3892 3893 3894 3930 3931 3932 3983 4348 4351 4349 4350 4008 4009 4043 4044 4105 4106 4107 4108 4797 4798 4118 4119 4120 5160 4130 4131 6168 4169 4170 4171 4172 4173 4176 
shop 4 3979 4565 4779 4780 
users 4 14051 14052 14053 13735 
foot 4 4169 4170 4171 4172 
anecdotal 3 4080 4081 4082 
functional 4 4100 4101 4102 4465 
compliance 3 3902 6361 6362 
workers 1 3979 
impact 3 4089 4090 4091 
requests 4 4050 4051 4052 4053 
open-air 6 3983 4349 4350 4503 4515 4516 
tools 3 4165 4166 4167 
integrative 3 4118 4119 4120 
power 4 4105 4106 4107 4108 
molding 1 4100 
custom 4 4169 4170 4171 4172 
systems 53 3902 6361 6362 3949 3950 3951 5933 5934 5935 5936 5937 5938 5939 3978 3979 3980 3983 3996 3997 14051 14052 14053 13735 4021 4022 4023 4218 5551 5552 5553 5554 4084 4085 4086 4089 4090 4091 4092 5189 5190 4101 4102 4465 4270 4155 4156 4157 4167 5316 5317 5318 4173 4176 
hash 3 4120 17824 17825 
global 8 4002 4003 4004 4005 6070 5150 5149 15495 
property 3 5150 14943 15181 
modelling 9 3972 3973 3974 3975 3976 3977 4003 5244 5245 
throughput 2 4008 4009 
environment 13 3954 4002 4003 4004 4005 4006 4007 4035 6548 6549 6550 4164 4650 
influencing 4 14617 14051 14678 14679 
management 53 3891 3892 3893 3894 3951 4916 4917 4918 4919 4920 3952 3953 3954 6518 6519 6520 3978 3979 3980 4002 4003 4004 4005 4148 4006 4007 4010 4014 4015 4016 4035 5236 5790 5237 4100 4101 4102 4118 4119 4120 5160 4130 5279 5280 5281 5282 4650 5150 5149 17176 4165 4166 4167 
efficient 7 4037 4038 4039 4366 4169 4170 4436 
intention 4 14051 14052 14053 13735 
behaviour 2 4144 6469 
agents 3 4155 4156 4157 
ecosystems 5 6060 6056 6057 6058 6059 
re-thinking 2 4173 4176 
parameter 5 3952 3953 4797 4798 4796 
descriptive 2 4782 4781 
aerospace 8 4002 4003 4004 4005 6070 5150 5149 17050 
warehouses 3 4105 4107 4711 
environmentally 2 4650 16070 
strategy 4 4035 6548 6549 6550 
in-cylinder 3 3969 3970 3971 
synergy 3 4144 4145 5354 
rules 4 5759 5757 5758 5760 
manual 1 4109 
technologies 2 4034 4035 
multimedia 1 3979 
carbonate 3 4084 4085 4086 
batching 3 4105 4107 4711 
context 9 3891 3892 3893 3894 4118 4119 4120 4781 5882 
industries 4 4650 5150 5149 17176 
demanufacturing 1 4109 
cluster 5 5150 5149 16994 16995 16996 
auditing 4 5759 5757 5758 5760 
