<Keyword> <No of vertices> <vertex1> <vertex2> .... <vertexN> 
alliance 1 16137 
mnes 3 15510 15511 15512 
external 9 15596 15597 17363 17364 15620 15621 15693 15695 17259 
infosys 2 15544 16397 
managing 15 15490 16138 15544 15545 15546 15547 15587 15588 15589 15590 15672 15924 15925 15679 15680 
knowledge-intensive 3 16322 16880 16947 
determinants 2 15655 15656 
academic 2 15497 15955 
materials 2 16265 16264 
advanced 2 16265 16264 
role 31 15485 15486 15487 15490 17264 17265 15497 15955 15611 15661 15662 15663 15664 15679 15680 16932 17129 16931 16322 16323 15693 15695 15712 15713 15717 15718 15805 15806 15827 15828 15829 
generation 3 15627 15628 15629 
intelligence 2 16137 15621 
organisational 24 15522 16577 16578 15534 15535 15536 15596 15597 17363 17364 15600 15601 15627 17021 17022 15672 15673 15674 15686 17411 17412 15709 15872 16573 
wide 1 15862 
washing 4 15463 16371 16372 16373 
evolution 4 15544 16089 15579 15975 
project 4 15472 16765 16766 16767 
european 6 15505 15506 15507 15530 15782 15783 
paradox 1 15498 
fea 3 15612 15613 15614 
quality 8 15627 15628 15629 15746 15735 15736 15737 15738 
components 1 15830 
reconfiguration 5 15680 15734 15693 15695 17259 
dynamic 3 15534 15535 15536 
knowledge 63 16137 15461 15462 16838 15463 15464 15485 15486 15487 15502 15503 15504 15516 15522 16577 16578 15530 15544 16089 15579 15975 15587 15588 15589 15590 15617 15627 15628 15629 15653 15654 15661 15662 15663 15664 15672 15675 15676 16779 16780 15679 15680 15708 15718 16857 15735 15736 16458 15756 15757 15758 15777 15778 15823 15824 15829 17018 15843 15847 15856 15861 15872 16573 
communications 2 15782 15783 
intermediation 2 15657 15658 
secondary 4 15463 16371 16372 16373 
net 1 15630 
training 7 15587 15588 15589 15590 15680 16025 17057 
guidelines 1 15620 
absorptive 2 15463 15464 
trial 1 17095 
sophisticated 2 15802 15803 
ignore 1 15708 
preferences 3 15835 15836 15837 
experts 3 15461 15462 16838 
markets 2 15497 15955 
taiwan 6 15510 15511 15512 15606 15702 15703 
dissemination 4 15522 16577 16578 15862 
electronic 4 15732 15733 15777 15778 
bloggers 3 15844 15845 15846 
standards 3 15480 15481 15482 
compensation 3 15835 15836 15837 
brazil 2 15591 15592 
new 37 15472 16765 16766 16767 15490 16366 16508 16156 15896 16415 15494 15500 15501 15521 15522 15523 15567 15598 15596 17363 17364 15619 16465 16466 16467 15657 15658 15672 15673 15674 15693 15695 16044 15827 15828 15829 17018 
tile 3 15693 15695 16044 
mediation 1 15672 
productively 3 15573 15932 15933 
analyses 2 15839 15840 
public 3 15472 15473 15474 
globalisation 4 15544 16397 15791 16265 
hong 5 15513 15514 15573 16743 16744 
resources 7 15517 15518 15519 15520 15615 15616 15821 
physical 3 15522 16577 16578 
vcs 4 15798 15799 15800 15801 
paradigm 7 15490 16366 16508 16156 15896 16415 15498 
change 14 15498 15627 17021 17022 15672 16880 17347 17348 17357 15686 17411 17412 15871 15872 
tool 3 15693 15695 15714 
spillovers 2 15562 15563 
lead 4 15659 15660 15848 15849 
kong 5 15513 15514 15573 16743 16744 
firms 42 15461 16851 16852 15463 16371 16740 16741 15842 16156 16157 15896 17118 17119 15894 15895 15497 15955 15564 15586 15596 15597 15665 16322 16880 16947 15718 16857 15751 15752 15753 15754 15779 15780 15781 15791 17239 15807 15808 15809 15815 15816 15817 
capital 17 16156 15896 16415 15524 15630 15631 15657 15658 15661 15662 15663 15664 15665 15798 15799 15800 15801 
policies 2 15524 15804 
software 12 15490 16366 16508 15497 15544 17102 15721 15722 15723 15857 15858 15859 
knowledge-networks 2 15823 15824 
personnel 1 15497 
medical 2 15735 15736 
component 2 15769 17023 
technological 20 15896 15894 15895 15497 15955 15559 15560 15561 15600 15601 15602 15603 15618 15725 15825 15848 15849 15863 15864 15865 
perspective 14 15544 16089 15579 15975 15593 16322 17346 17347 17348 15766 15767 15768 15769 15861 
derived 2 15702 15703 
environmetrics 1 15714 
partnership 1 15606 
processes 8 15587 15588 15589 15590 15672 15791 16265 15826 
constructs 2 15627 15746 
far 2 15498 15499 
entrepreneurial 11 16157 17118 17119 15544 16397 15630 17300 15661 15662 15663 15664 
country 9 15718 16857 15782 15783 15810 15811 15812 15813 15814 
technology-oriented 6 15631 16755 16756 15818 15819 15820 
careers 2 15697 15698 
lean 4 15762 15763 15764 15765 
proximity 2 15805 15806 
factors 9 15544 17102 15573 15932 15933 15759 15760 15761 15867 
branchpoint 1 15708 
factory 1 15606 
fast 3 15631 16755 16756 
make 4 15680 16025 16322 16880 
philippines 1 15804 
governance 10 15475 15476 15477 15478 15479 15815 15816 15817 15839 15840 
evidence 16 15896 15894 15895 15559 15560 15561 15650 15651 15652 15693 15695 15718 16857 15839 15840 15847 
landscape 4 15544 15545 15546 15547 
education 1 15498 
analysis 30 15463 16371 16740 16741 15475 15476 15477 15478 15479 15498 15544 15545 15546 15547 15577 15578 15579 15630 15631 17347 17348 17357 15693 15695 15721 15722 15723 15759 15760 15761 
business 12 15491 15492 15493 15496 15544 16397 15725 15785 15786 15857 15858 15859 
response 1 15498 
fdi 2 15497 15955 
chapter 2 15668 15669 
findings 4 15673 15674 15718 16166 
tale 2 15668 15669 
asia 1 15715 
cost-effective 1 15525 
activity 2 15594 15595 
lessons 6 15659 15660 15708 15863 15864 15865 
ventures 5 15631 16755 16756 16265 16264 
reddy 4 15544 15545 15546 15547 
theoretical 1 15498 
transformation 5 15544 16397 15559 15560 15561 
hospitals 2 15848 15849 
expected 1 15564 
advantage 12 15530 15577 15578 15579 15647 15648 15679 15680 16025 17057 15848 15849 
source 3 15857 15858 15859 
nuclear 5 15732 15733 15863 15864 15865 
relations 2 15630 15631 
outsourcing 2 15769 17023 
venture 6 16137 15630 15631 15657 15658 15665 
co-variation 1 15540 
attributes 3 16175 15655 15656 
economies 4 15661 15662 15663 15664 
assessment 9 15472 16765 16766 16767 17347 17348 17357 15714 15804 
phd 1 15516 
programmes 2 15717 15718 
neural 2 15737 15738 
influences 2 15627 15746 
newcomers 3 15693 15695 17259 
sensor 3 15491 15492 15493 
social 6 15524 15661 15662 15663 15664 15873 
oriented 2 15490 16138 
capability 10 15896 15894 15895 15534 15535 15536 15802 15803 15823 15824 
orientation 6 15463 16371 16740 16741 15630 17300 
transfer 9 15497 15679 15680 15724 15777 15778 15826 15839 15840 
consequences 4 15829 17018 15871 15872 
spanish 11 15516 15600 15601 15647 15648 15693 15695 16044 15815 15816 15817 
support 2 15640 15641 
medium-sized 3 15759 15760 15761 
adaptive 5 15659 15660 15726 15727 15788 
jordan 2 16025 16146 
establishing 1 15619 
zones 3 15850 15851 15852 
distribution 3 15461 15462 16838 
inadequacy 1 15540 
western 3 15490 17264 17265 
publicly 1 15497 
virtual 2 15670 15671 
recovering 2 15498 15499 
vehicle 1 15862 
build 2 15686 15687 
acquisition 5 15463 15464 15472 15473 15474 
distance 1 15787 
revisiting 3 15693 15695 16044 
innovators 3 15461 16851 16852 
dimensions 2 15805 15806 
mobility 4 15461 16851 16852 15497 
productivity 4 15498 15650 15651 15652 
theorisation 1 15725 
stay 1 15515 
marketing 7 15619 15620 15621 16465 16466 16467 15709 
responding 1 15725 
green 3 15461 16851 16852 
trajectories 2 15718 16857 
dangerous 2 15791 16998 
buyer-supplier 1 15606 
bio-pharmaceutical 3 15807 15808 15809 
typology 3 15505 15506 15507 
insights 5 15491 15492 15493 15718 16166 
modular 4 15672 15924 15925 15830 
improvement 7 15680 16180 16025 16322 16323 16024 16146 
method 3 15491 15492 15493 
efficiency 4 15461 15462 16838 15856 
capabilities 11 15490 17264 17265 15659 15660 15680 16932 16931 15734 15686 15687 
strengthen 4 15842 16156 16157 15896 
closing 2 15686 15687 
innovating 4 15565 15566 15567 15568 
manufacturing 22 15463 15464 15896 15894 15895 15498 15596 15597 15600 15601 15633 15634 15673 15674 15680 16180 16025 16146 15744 15745 15802 15803 
investors 2 15630 15631 
variation 2 15594 15595 
spain 9 15693 15694 15695 15696 15810 15811 15812 15813 15814 
action 2 15744 15745 
fusion 1 15498 
required 1 16175 
anticipation 1 16366 
flexibility 4 15751 15752 15753 15754 
toshiba 2 15544 16089 
cycle 3 15521 15522 15523 
declarative 2 15829 17018 
linkage 1 15497 
opposition 1 15825 
linkages 3 15693 15695 17259 
sectors 1 15498 
internationalisation 3 15842 16156 17166 
accounting-based 4 15766 15767 15768 15769 
corporate 2 15496 15873 
clusters 8 15505 15506 15507 15579 15975 15693 15695 17259 
involving 4 15680 16025 16322 16880 
holistic 3 15619 15621 15728 
explore 2 15653 15654 
differentiated 3 15480 15481 15482 
security 2 15732 15733 
silicon 1 15665 
investment 3 15562 15563 15611 
paths 2 15791 16265 
effectiveness 6 15679 15680 16932 17129 16931 15743 
path 2 15618 15619 
partnering 5 15472 15473 15474 15602 15603 
hi-tech 3 15850 15851 15852 
innovation 108 15461 15462 15667 16838 15463 15464 16371 16740 16741 16935 16936 15475 15476 15477 15478 15479 15490 15841 15842 16366 16508 16175 17264 17265 16156 16157 15896 16415 15497 15955 15502 15503 15504 15513 15514 15524 15534 15535 15536 15544 15545 15546 15547 16397 15565 15566 15567 15568 15598 15868 16960 16961 15586 15593 15594 15595 15901 15627 15746 15631 16755 16756 15647 15648 15653 15654 15679 15680 16932 17129 16931 15734 16322 16880 16905 17346 17347 17348 15686 15687 15693 15694 15695 15696 16044 17259 15702 15703 15717 15718 16857 15725 15759 15760 15761 15766 15767 15768 15769 15782 16201 15807 15808 15809 15815 15816 15817 15834 
investments 1 15856 
building 6 15896 15894 15895 15534 15535 15536 
customisation 2 15684 15685 
oxfordshire 5 15475 15476 15477 15478 15479 
indian 2 15726 15727 
generating 2 15653 15654 
past 3 15490 15841 15842 
environmental 7 15463 16371 16740 16741 15553 15554 15622 
intermediaries 3 15502 15503 15504 
balanced 2 15675 15676 
anticipating 1 15825 
objectives 2 15627 15746 
implementation 9 17095 15480 15481 15482 15627 15746 15770 15771 15826 
scientific 1 15834 
inter-firm 3 16157 17118 17119 
competitive 23 15515 15530 15544 15545 15546 15547 15577 15578 15579 15647 15648 15679 15680 16025 17057 15693 15695 16044 15721 15722 15723 15848 15849 
alliances 3 15510 15511 15512 
innovations 13 15463 16371 16372 16373 15630 17300 15805 15806 15827 15828 15829 15848 15849 
changes 1 15496 
professionals 2 15697 15698 
limited 2 15544 16397 
handset 2 15595 15901 
cope 2 15568 15868 
equipment 3 15600 15601 15618 
catching-up 1 15618 
manage 5 15489 15490 15522 16577 16578 
customer 10 15490 16138 16366 16508 16815 16175 15500 15501 15653 15654 
countries 7 15842 16156 17166 15602 15603 15826 15847 
brazilian 2 15673 15674 
production 4 15463 16371 16740 16741 
practices 10 15553 15554 15573 15932 15933 15593 15621 16322 16880 16947 
valuation 2 15655 15656 
modularity 6 15521 15522 15523 15672 16789 16790 
convergence 4 15498 15559 15560 15561 
procedural 2 15829 17018 
supplier 5 15464 16935 16936 15769 17023 
responsibility 2 15496 15873 
iso 2 15735 16458 
models 16 15525 15627 15746 15766 15767 15768 15769 15815 15816 15817 15850 15851 15852 15857 15858 15859 
teams 8 15679 15680 16932 17129 16931 15827 15828 15829 
asymmetries 3 15510 15511 15512 
roles 3 15850 15851 15852 
complex 4 15788 15863 15864 15865 
use 5 15525 15638 15639 15823 15824 
states 1 15834 
caribbean 2 15591 15592 
consortium 1 15498 
life 3 15521 15522 15523 
autonomous 1 17095 
converse 2 15791 16265 
best 2 15744 15745 
communicative 2 15630 15631 
diffusion 2 15622 15847 
trust 3 16157 17118 17119 
learning 33 15461 15462 15667 15490 16366 16508 15896 15894 15895 15573 16743 16744 15586 15595 15901 15596 15597 17363 17364 15615 15616 15672 15673 15674 15680 16025 16905 17057 15686 17411 17412 15829 17018 
medium 3 15675 16779 16780 
challenge 2 15785 15786 
practice 7 15868 16960 16961 15693 15695 15744 15745 
sticks 1 15755 
printed 3 15559 15560 15561 
south 2 15702 15703 
carrots 1 15755 
world 1 15862 
information-based 1 15821 
cybernetic 1 15496 
scorecard 2 15675 15676 
emergency 1 15843 
procurement 1 15862 
organisations 8 15472 15473 15474 15573 16743 16744 15630 17300 
science 9 15494 15498 15499 15555 15556 15564 15619 15715 15804 
auditors 1 15709 
architectures 1 15672 
decades 2 15555 15556 
considering 2 15553 15554 
springs 3 15612 15613 15614 
germany 1 15743 
brokering 1 16366 
china 14 15489 15490 15842 16156 17166 15594 15595 15901 15721 15722 15723 15850 15851 15852 
fields 1 15497 
catch-up 3 15594 15602 15603 
control 6 15737 15738 15751 15752 15753 15754 
economy 7 15530 15580 15581 15582 15630 15670 15671 
evolving 3 15571 15572 15573 
extraction 2 15802 15803 
economic 4 15655 15656 15724 15743 
difference 4 15680 16025 16322 16880 
case-based 2 15839 15840 
case 49 15463 16371 16372 16373 15842 16156 17166 15491 15492 15493 15498 15502 15503 15504 15544 16397 15573 16743 16744 15580 15581 15582 15600 15601 15622 15650 15651 15652 15672 16789 16790 15673 15674 16880 15725 15735 16458 15756 15757 15758 15791 15802 15803 15805 15806 15815 15816 15817 15830 
innovative 20 15842 16156 16157 15896 15593 15594 15595 15627 17021 17022 15680 16025 16322 16880 17057 16947 15702 15703 15737 15738 
early 4 15798 15799 15800 15801 
ranbaxy 2 15544 16397 
appropriability 1 15856 
car 3 15672 16789 16790 
australian 9 15573 15680 16025 16880 17057 15751 15752 15753 15754 
era 1 15498 
large-scale 2 15718 16166 
regions 3 15743 15782 15783 
blogs 3 15844 15845 15846 
indirect 4 15517 15518 15519 15520 
performance 36 15475 15476 15477 15478 15479 15842 16156 16157 15896 16415 15497 15955 15540 15564 15596 17363 17364 15606 15675 15676 16779 16780 15680 16180 16025 15702 15703 15709 15772 15773 15774 15807 15808 15809 15872 16573 
exploratory 5 15630 17300 15686 17411 17412 
interactions 3 15521 15522 15523 
uncertainty 3 15672 15924 15925 
formation 3 16157 17118 17119 
microelectronics 2 15526 15527 
strength 1 15856 
community 1 16137 
korean 1 15618 
examining 3 15680 16322 16323 
effect 3 15580 15581 15582 
regional 4 15594 15595 15717 15718 
smes 14 15580 15581 15582 15627 15746 15693 15694 15695 15696 15818 15819 15820 15823 15824 
changing 4 15544 15545 15546 15547 
performances 1 15593 
core 6 15619 15620 15621 16465 16466 16467 
high 4 15675 15676 15791 16265 
universities 2 15834 15847 
electronics 8 17095 15559 15560 15561 15759 15760 15761 15784 
involvement 4 15500 15501 15769 17023 
npd 3 15580 15581 15582 
birth 2 15526 15527 
npi 2 15770 15771 
revolution 1 15791 
corporation 2 15544 16089 
people 1 15515 
privatisation 1 15573 
significance 2 15782 15783 
drive 4 15798 15799 15800 15801 
parks 2 15564 15617 
gathering 3 15461 15462 16838 
frugal 3 15490 17264 17265 
industry 37 15491 15492 15493 15497 15498 15526 15527 15544 15545 15546 15547 15559 15560 15561 15567 15598 15573 17178 15594 15618 15622 15680 16025 17057 15721 15722 15723 15726 15727 15759 15760 15761 15791 15807 15808 15809 15830 
strategies 9 16366 15553 15554 15595 15901 15726 15727 15769 17023 
continuous 9 15679 15680 16180 16025 16322 16323 16905 16024 16146 
outsourced 4 15693 15694 15695 15696 
operational 8 15553 15554 15606 15679 15680 16932 17129 16931 
antecedents 8 15500 15501 15630 17300 15829 17018 15871 15872 
planning 2 15638 15639 
approaches 5 15534 15535 15536 15568 15868 
pharmaceutical 12 15485 15486 15487 16157 17118 17119 15544 15545 15546 15547 15726 15727 
patenting 5 15491 15492 15493 15497 15955 
cinet 2 15693 15695 
broadening 3 15490 15841 15842 
range 1 15861 
link 1 15540 
valley 1 15665 
telecommunications 2 15600 15601 
coopetition 5 15805 15806 15815 15816 15817 
capacity 2 15463 15464 
stimulating 2 15717 15718 
contingencies 3 15701 16929 16930 
evidences 5 15791 17239 15807 15808 15809 
extreme 3 15490 16366 16508 
cases 4 16137 15461 16851 16852 
characteristics 4 15798 15799 15800 15801 
framework 12 15896 15894 15895 15619 15621 15728 15675 15676 15699 15700 15701 15821 
process 18 15521 15522 15523 15565 15566 15567 15568 15591 15592 15621 15673 15674 15686 15687 15737 15738 15770 15771 
chain 13 15680 16932 16931 15734 15693 15695 17259 15769 17023 15772 15773 15774 15784 
italian 3 15650 15651 15652 
structural 2 15871 15872 
patent 9 15591 15592 15702 15703 15810 15811 15812 15813 15814 
travel 3 15844 15845 15846 
sources 4 15596 15597 17363 17364 
function 4 15680 16025 16322 16880 
mass 2 15684 15685 
semiconductor 2 15784 15830 
automotive 5 15769 17023 15772 15773 15774 
survey 7 15594 15595 15901 15693 15695 15718 16857 
fund 4 15798 15799 15800 15801 
commercialisation 4 15573 15620 16265 16264 
intellectual 3 16156 15896 16415 
literature 3 15594 15595 15901 
enterprise 4 15485 15486 15487 15619 
decision-making 2 15735 15736 
definitions 3 15701 16929 16930 
cognitive 4 15818 15819 15820 15861 
toolkits 2 15684 15685 
fertiliser 1 15622 
policy 8 15498 15499 15577 15578 15579 15620 15670 15671 
manpower 2 15498 15499 
alignment 5 15679 15680 16932 17129 16931 
demands 1 15515 
endogeneity 4 15517 15518 15519 15520 
state 6 15490 15841 15842 15807 15808 15809 
achieve 2 15627 15746 
evaluation 8 15524 15525 15540 15591 15592 15699 15700 15701 
complement 1 15724 
sharing 5 16137 15735 15736 15872 16573 
adolescent 2 15630 17300 
implications 7 15498 15499 15596 17363 17364 15872 16573 
southeast 1 15715 
leader 3 15827 15828 15829 
ecology 2 15544 16089 
availability 1 15856 
university 1 15498 
mncs 3 15490 17264 17265 
leadership 6 15544 16397 15615 15616 15744 15745 
tacit 1 15843 
evaluating 5 15627 17021 17022 15718 16166 
chains 2 15680 15734 
century 1 15515 
geographical 2 15782 15783 
gaining 1 15530 
entrepreneurship 4 15661 15662 15663 15664 
labour 2 15782 15783 
maps 5 15810 15811 15812 15813 15814 
user 6 15587 15588 15589 15590 15684 15685 
river 3 15759 15760 15761 
using 11 15573 15932 15933 15587 15588 15589 15590 15591 15592 15702 15703 
controlling 4 15517 15518 15519 15520 
ambidexterity 2 15630 17300 
personality 3 15827 15828 15829 
story 4 15564 15693 15695 17259 
politics 1 15834 
search 3 15573 16743 16744 
structuring 2 15640 15641 
indonesia 1 15611 
sustainability 4 15553 15554 15617 15714 
slow 3 15631 16755 16756 
patterns 6 15842 16156 17166 15779 15780 15781 
achieving 3 15756 15757 15758 
embeddedness 2 15463 15464 
portfolio 1 15784 
companies 15 16157 17118 17119 15600 15601 15619 15647 15648 15673 15674 16025 16146 15686 15687 15821 
effects 11 15490 16815 16175 15606 15630 17300 15762 15763 15764 15765 15784 
eai 3 15756 15757 15758 
projects 9 15461 15462 16838 16366 15659 15660 15744 15745 15825 
cities 4 15505 15506 15507 15617 
explicit 1 15843 
contingency 1 15621 
eat 3 15631 16755 16756 
view 4 15615 15616 15633 15634 
mechanisms 4 15686 17411 17412 15856 
idea 3 15627 15628 15629 
exploitation 6 15464 16935 16936 15621 15679 15680 
founding 1 15630 
oil 2 15638 15639 
measuring 1 15709 
sustained 1 15540 
determinant 2 16175 16984 
cross-national 4 15525 15577 15578 15579 
industrialisation 2 15657 15658 
interplay 2 15679 15680 
division 2 15782 15783 
locations 2 15791 16265 
restructuring 2 15724 15784 
current 4 15490 15841 15842 15621 
investigating 3 15472 15473 15474 
laboratories 4 15544 15545 15546 15547 
relationships 10 15571 15572 15573 15680 16932 16931 15734 15701 16929 16930 
logistics 3 15491 15492 15493 
dr 4 15544 15545 15546 15547 
clustering 1 15787 
look 3 15461 15462 16838 
adoption 2 15848 15849 
firm 25 15463 15464 16175 16984 15497 15955 15544 16397 15615 15616 15619 15620 15621 15650 15651 15652 16025 16024 15693 15695 15782 16201 15818 15819 15820 
multinationals 1 15621 
needs 2 15630 15631 
web 1 15862 
accumulation 2 15600 15601 
reconceptualising 2 15627 15746 
toulouse 6 15475 15476 15477 15478 15479 15791 
stuttgart 5 15475 15476 15477 15478 15479 
methods 3 15621 15718 16166 
mcc 3 15672 16789 16790 
event-driven 2 15697 15698 
long 1 15787 
exploring 3 15502 15503 15504 
future 5 15490 15841 15842 15621 15715 
competitiveness 5 15785 15786 15791 16998 15873 
key 2 15684 15685 
financial 2 15668 15669 
manifestations 2 15670 15671 
german 2 15823 15824 
learn 1 15494 
integrating 2 15571 15755 
inter-organisational 7 16137 16157 17118 17119 15540 15823 15824 
measurement 8 16156 15896 16415 15675 15676 15680 16180 16025 
better 1 15564 
unlearning 1 16880 
ci 6 15680 16025 16322 16880 15693 15695 
makers 2 15595 15901 
diversification 4 15517 15518 15519 15520 
amp 44 16137 17095 15489 15490 15842 16156 16157 17166 17118 17119 15497 15955 15498 15499 15517 15518 15519 15520 15580 15581 15582 15650 15651 15652 15693 15694 15695 15696 15697 15698 15699 15700 15701 15744 15745 15784 15791 17239 15835 15836 15837 15847 15872 16573 
mobile 3 15567 15598 15618 
does 10 15498 15499 15659 15660 15680 16025 16322 16880 15848 15849 
ignored 1 15708 
ict 5 15505 15506 15507 15782 15783 
funded 1 15497 
edi 3 15772 15773 15774 
understanding 2 16175 16984 
enhance 6 15573 15932 15933 15650 15651 15652 
tiles 2 15573 17178 
area 2 15526 15527 
scenario-driven 3 15672 15924 15925 
contributed 2 15735 16458 
style 2 15744 15745 
integration 14 15490 16366 16815 16175 15530 15580 15581 15582 15659 15660 15756 15757 15758 15784 
dispersion 2 16025 16024 
discipline 1 15708 
employed 1 15516 
correspondence 1 15619 
society 1 15496 
communication 2 15777 15778 
complexities 3 15502 15503 15504 
urban 1 15617 
system-on-chip 1 15784 
ai 1 15708 
stand 1 15540 
e-science 1 15498 
cooperative 3 15672 16789 16790 
approach 11 15619 15621 15728 15627 15628 15629 17021 17022 15679 15680 15788 
enablers 3 15675 16779 16780 
start-ups 2 15630 15631 
growth 9 15650 15651 15652 15779 15780 15781 15818 15819 15820 
sustainable 5 15647 15648 16880 15785 15786 
french 4 15787 15791 16998 17239 
exploitative 2 15630 17300 
lifecycle 2 15627 15746 
buyer 1 15606 
occurrence 2 15871 15872 
regime 1 15843 
thoughts 3 15844 15845 15846 
structure 8 15579 15975 15600 15601 15702 15703 15872 16573 
services 1 15821 
reality 1 15619 
turkish 1 15622 
cross-functional 7 15659 15660 15679 15680 16932 17129 16931 
disciplines 3 15571 15572 15573 
records 2 15732 15733 
d-suppliers 3 15835 15836 15837 
gap 2 15686 15687 
different 2 15568 15868 
creation 7 15627 15628 15629 15672 15735 16458 15856 
experiences 6 15573 16743 16744 15618 15732 15733 
development 63 15461 15462 15472 16765 16766 16767 15491 15492 15493 15498 15500 15501 15505 15506 15507 15513 15514 15528 15529 15544 17102 15571 15573 17178 15591 15592 15611 15640 15641 15659 15660 15661 15662 15663 15664 15672 16789 16790 15673 15674 15693 15695 17259 15718 16166 15751 15752 15753 15754 15755 15762 15763 15764 15765 15805 15806 15827 15828 15829 17018 15850 15851 15852 
closer 3 15461 15462 16838 
configuring 2 15640 15641 
obsession 2 15791 16998 
zealand 1 15494 
radical 11 15461 15462 15667 15534 15535 15536 15827 15828 15829 15871 15872 
internal 2 15655 15656 
organisation 3 15863 15864 15865 
subsequent 3 16157 17118 17119 
e-entrepreneurship 1 15630 
client-side 2 15633 15634 
machines 4 15463 16371 16372 16373 
ontology-based 4 15587 15588 15589 15590 
product 45 15461 16851 16852 15463 16371 16372 16373 15472 16765 16766 16767 15480 15481 15482 15490 17264 17265 15500 15501 15521 15522 15523 15528 15529 15571 15573 17178 15640 15641 15647 15648 15659 15660 15672 16789 16790 15673 15674 15680 16905 15755 15827 15828 15829 17018 
design 17 15498 15499 15540 15612 15613 15614 15672 15924 15925 17347 17348 17357 15769 17023 15770 15771 15830 
technology 80 15461 15462 15472 15473 15474 15497 15498 15499 15516 15540 15544 16089 15562 15563 15571 15573 15932 15933 15591 15592 15594 15595 15901 15602 15603 15611 15615 15616 15619 15620 15621 15728 16465 16466 16467 15627 15628 15629 15638 15639 15655 15656 15672 15675 15676 15679 15680 16932 17129 16931 15686 17411 17412 15693 15695 16044 15715 15718 16857 15724 15743 15751 15752 15753 15754 15762 15763 15764 15765 15774 15782 15783 15788 15791 16265 15804 15826 15839 15840 15867 
location 5 15522 16577 16578 15782 16201 
d-marketing 3 15580 15581 15582 
study 25 15544 16397 15573 15600 15601 15627 15746 15647 15648 15686 17411 17412 15693 15694 15695 15696 15725 15735 16458 15756 15757 15758 15787 15805 15806 
haier 4 15463 16371 16372 16373 
studies 3 15673 15674 16880 
chinese 21 15463 16371 16740 16741 15489 15490 15842 16156 16157 15896 15894 15895 15497 15955 15594 15595 15901 15686 15687 17411 17412 
directions 3 15490 15841 15842 
barriers 2 15680 16905 
transiting 1 15498 
results 5 15732 15733 15835 15836 15837 
value 7 15515 15647 15648 15693 15695 17259 15784 
developing 12 15842 16156 17166 15602 15603 15718 16857 15826 15827 15828 15829 15847 
centres 3 15494 15516 15743 
investigation 4 15525 15823 15824 15843 
competence 6 15619 15620 15621 16465 16466 16467 
combining 3 15522 16577 16578 
challenges 6 15621 15657 15658 15670 15671 15725 
spill 2 15638 15639 
comparison 2 15702 15703 
emerging 7 15661 15662 15663 15664 15857 15858 15859 
co-design 3 15701 16929 16930 
overlay 5 15810 15811 15812 15813 15814 
issues 9 15596 17363 17364 15640 15641 15657 15658 15684 15685 
incremental 3 15827 15828 15829 
scope 3 15490 15841 15842 
philips 3 15868 16960 16961 
investor 2 15630 15631 
theory 1 15619 
way 1 15708 
protecting 1 15856 
stage 4 15798 15799 15800 15801 
network 9 15463 15464 16371 16740 16741 16322 17346 17347 17348 
staff 2 15489 15490 
japan 3 16137 15718 16166 
partners 2 15531 15532 
rise 2 15595 15901 
telecom 2 15567 15598 
cooperation 3 15540 15717 15718 
driver 1 16880 
healthcare 7 15587 15588 15589 15590 15756 15757 15758 
ludwig 1 15708 
application 8 15567 15598 15640 15641 15762 15763 15764 15765 
d-based 1 16137 
important 3 16157 17118 17119 
resource 3 15680 16322 16323 
transition 3 15461 16851 16852 
transferee 2 15802 15803 
growing 3 15580 15581 15582 
customers 4 15472 16765 16766 16767 
poles 2 15791 16998 
human 8 15680 16322 16323 15798 15799 15800 15801 15821 
opportunity 2 15595 15901 
absorb 2 15653 15654 
local 8 15463 15464 15475 15476 15477 15478 15479 15847 
center-satellite 1 15606 
smart 3 15672 16789 16790 
nanotechnology 3 15502 15503 15504 
sme 2 15787 15873 
intelligent 3 15491 15492 15493 
metropolitan 2 15526 15527 
relationship-specific 2 15500 15501 
financing 2 15791 17239 
industrialising 1 15530 
place 4 15680 16025 16322 16880 
opportunities 2 15653 15654 
multinational 4 15782 16201 15872 16573 
international 14 15593 15661 15662 15663 15664 15717 15718 15724 15751 15752 15753 15754 15839 15840 
windows 2 15595 15901 
impacts 3 15571 15572 15573 
upgrading 3 15759 15760 15761 
firm-level 3 15896 15894 15895 
survival 1 15494 
beijing 1 15847 
ways 2 15567 15598 
trends 7 15568 15868 15785 15786 15850 15851 15852 
choice 3 16175 16984 15621 
common 3 15791 16265 15821 
front-end 3 15490 16366 16508 
data 4 15591 15592 15702 15703 
competences 4 15680 16932 16931 15734 
critical 5 15544 17102 15627 15746 15867 
dynamics 11 15463 16371 16740 16741 15513 15514 15521 15522 15523 15627 15746 
technology-intensive 4 15619 16465 16466 16467 
direct 3 15562 15563 15611 
uk 3 15502 15503 15504 
reverse 3 15490 17264 17265 
induce 1 15498 
employ 4 15842 16156 16157 15896 
relationship 7 15464 16935 16936 15770 15771 15785 15786 
field 4 15693 15694 15695 15696 
enterprises 12 15619 16465 16466 16467 15670 15671 15675 16779 16780 15759 15760 15761 
norwegian 3 15686 17411 17412 
saturation 1 15498 
documentation 1 15862 
high-tech 10 15615 15616 15743 15779 15780 15781 15798 15799 15800 15801 
infrastructure 1 15540 
actions 4 15661 15662 15663 15664 
brokers 2 15712 15713 
coding 1 15497 
destined 1 15498 
exploration 9 15464 16935 16936 15489 15490 15594 15595 15679 15680 
corporations 7 15633 15634 15686 17411 17412 15782 15783 
metrics 1 15540 
misfit 3 15818 15819 15820 
benchmarking 1 15540 
wittgenstein 1 15708 
timing 3 15631 16755 16756 
networks 18 16175 15491 15492 15493 15587 15588 15589 15590 15665 15699 15700 15701 15712 15713 15737 15738 15872 16573 
cellular 2 15737 15738 
association 2 15555 15556 
japanese 5 17095 15633 15634 15659 15660 
willing 3 15844 15845 15846 
size 2 16025 16024 
openness 2 16175 16984 
assets 3 15600 15601 15672 
pearl 3 15759 15760 15761 
comparative 9 15475 15476 15477 15478 15479 15577 15578 15579 15593 
foreign 5 15489 15490 15562 15563 15611 
empirical 23 15463 16371 16740 16741 15489 15490 15498 15525 15647 15648 15693 15695 15770 15771 15807 15808 15809 15823 15824 15835 15836 15837 15843 
model 16 17095 15496 15567 15598 15594 15701 16929 16930 15732 15733 15735 15736 15823 15824 15829 17018 
ceramic 5 15573 17178 15693 15695 16044 
hrm 8 15680 16025 16322 16880 16947 17346 17347 17348 
supply 9 15680 16932 16931 15734 15769 17023 15772 15773 15774 
implement 6 15463 16371 16372 16373 15686 15687 
functions 1 15709 
defense 2 15791 17239 
track 1 15498 
provider 2 15544 16397 
principles 4 15762 15763 15764 15765 
suppliers 4 15472 16765 16766 16767 
kibs 2 15633 15634 
units 6 15489 15490 15693 15694 15695 15696 
recovery 2 15647 15648 
malaysian 2 15718 16857 
positions 4 15463 16371 16740 16741 
methodological 3 17347 17348 17357 
service 8 15461 16851 16852 15498 15544 16397 15712 15713 
operations 1 15774 
success 18 15544 17102 15573 15932 15933 15580 15581 15582 15631 16755 16756 15759 15760 15761 15827 15828 15829 15867 
avoiding 1 15825 
open 19 15490 15841 15842 16175 16156 16157 15896 16415 15593 15766 15767 15768 15769 15807 15808 15809 15857 15858 15859 
evolutionary 1 15498 
outlooks 1 15498 
information 16 15461 15462 16838 15472 15473 15474 15553 15554 15573 15932 15933 15638 15639 15774 15782 15783 
national 2 15717 15718 
delta 3 15759 15760 15761 
art 3 15807 15808 15809 
interaction 3 15684 15685 15847 
incentives 3 15650 15651 15652 
strategic 18 15510 15511 15512 15544 15545 15546 15547 16397 15602 15603 15630 17300 15679 15680 15693 15695 15871 15872 
exit 1 15498 
fundamentals 1 15630 
non-financial 3 15675 16779 16780 
marseilles 2 15526 15527 
canadian 3 15779 15780 15781 
computation 3 15612 15613 15614 
organising 5 15490 17264 17265 15498 15621 
examination 5 15770 15771 15827 15828 15829 
collaboration 4 16322 17346 17347 17348 
america 2 15591 15592 
long-term 1 15606 
profiting 1 16175 
nber 2 15702 15703 
effective 1 15862 
kind 2 15848 15849 
sensing 1 15496 
private 5 15759 15760 15761 15791 17239 
partnerships 4 16157 17118 17119 15787 
holders 1 15516 
highly 1 17095 
ubiquitous 2 15498 15540 
research 18 15490 15841 15842 16138 15497 15531 15532 15540 15650 15651 15652 15684 15685 15718 16166 15785 15786 15834 
integrated 13 15528 15529 15615 15616 15619 15621 15728 15627 15628 15629 17347 17348 17357 
point 5 15633 15634 17347 17348 17357 
industrial 19 15497 15955 15498 15513 15514 15577 15578 15579 15611 15647 15648 15650 15651 15652 15702 15703 15850 15851 15852 
paradigms 3 15693 15695 16044 
balancing 5 15498 15751 15752 15753 15754 
slovenia 3 15580 15581 15582 
relational 2 15735 15736 
based 3 15686 17411 17412 
sector 12 15461 16851 16852 15693 15695 16044 15732 15733 15756 15757 15758 15787 
users 4 15461 15462 15667 15755 
functional 1 15497 
knowledge-networking 2 15823 15824 
justification 1 15743 
impact 20 16156 15896 16415 15553 15554 15631 16755 16756 15633 15634 15675 16779 16780 16025 16024 15743 15774 15863 15864 15865 
incidents 2 15627 15746 
tools 2 15640 15641 
subsidiaries 3 15510 15511 15512 
power 1 15834 
korea 3 15498 15702 15703 
linked 3 15680 16180 16025 
systems 11 15553 15554 15675 15676 15774 15788 15830 15834 15863 15864 15865 
work 6 15498 15499 15680 16025 16322 16880 
global 13 15463 15464 15544 15545 15546 15547 16397 15573 17178 15693 15695 17259 15862 
pacific 2 15555 15556 
maghreb 1 15834 
philosophies 2 15528 15529 
programme 3 15686 17411 17412 
follow-up 4 15798 15799 15800 15801 
labs 1 15847 
market 18 15461 15462 16838 15463 16371 16372 16373 15498 15627 15628 15629 15672 15924 15925 15751 15752 15753 15754 
environment 2 16265 16264 
program 2 15718 16166 
company 2 17095 15630 
responsibilities 1 15709 
management 50 17095 15461 15462 15464 16935 16936 15485 15486 15487 15544 16089 17102 15568 15868 15594 15595 15901 15615 15616 15619 15621 15728 15672 15675 15676 16779 16780 15680 16322 16323 15708 15732 15733 15756 15757 15758 15769 17023 15774 15784 15785 15786 15788 15791 15821 15861 15863 15864 15865 15867 
longitudinal 4 15627 15746 15805 15806 
behaviour 4 15798 15799 15800 15801 
analytical 3 15896 15894 15895 
routines 2 15744 15745 
push 4 15461 15462 15498 15499 
transferring 1 15516 
biotechnology 9 16157 17118 17119 15564 15751 15752 15753 15754 15787 
share 3 15844 15845 15846 
high-technology 1 15586 
mnc 1 15847 
aerospace 5 15573 15680 16025 17057 15791 
erp-driven 2 15686 15687 
strategy 22 15472 15473 15474 15480 15481 15482 16175 16984 15540 15544 16089 15559 15560 15561 15631 16755 16756 15680 16180 16025 15770 15771 
domestic 4 15463 16371 16372 16373 
technologies 9 15521 15522 15523 15868 16960 16961 15622 15668 15669 
safety 3 15863 15864 15865 
latin 2 15591 15592 
small-team-type 1 17095 
applied 5 15868 16960 16961 15732 15733 
industries 4 15498 15675 15676 15784 
context 2 15718 16857 
cluster 4 15498 15499 15526 15527 
cyclic 2 15567 15598 
negative 3 15490 16815 16175 
basque 5 15810 15811 15812 15813 15814 
