<Keyword> <No of vertices> <vertex1> <vertex2> .... <vertexN> 
lightpath 1 10822 
bright 2 2168 2169 
external 3 7748 7749 7658 
multisite 1 9882 
parts 1 3948 
advances 2 10315 7480 
managing 14 11523 9242 9581 9582 17167 17168 17169 17170 17171 17172 17173 17174 18570 19633 
determinants 1 15607 
alkali 4 2036 2037 2038 2039 
prototyping 1 9882 
minimization 1 18410 
lambda 12 13201 9021 9020 13202 13203 13204 10822 13205 13206 3948 13207 11784 
time 4 11349 11350 11351 9219 
materials 9 7946 7948 2036 2037 2038 2039 2040 2042 2043 
levels 2 6978 9242 
adaptable 1 11523 
exciton 2 2363 2364 
advanced 3 13129 13130 11262 
role 1 13024 
taxonomy 2 17969 17970 
design-while-engineering 1 5097 
generation 3 8860 8861 10964 
video 8 10822 9309 10792 10793 10794 7098 7099 7100 
distinction 6 17977 7172 17979 11196 10766 18388 
handoff 1 9321 
auction-based 4 7804 7805 7806 7807 
answer 1 13024 
wide 2 10111 18405 
partial 1 3948 
beecup 4 9373 9374 9375 9377 
multicores 4 11349 11350 11351 9219 
u-pillbox 1 12864 
initialization 1 1277 
aggregation 4 7480 7478 7481 9083 
project 1 7733 
invertible 1 18014 
quality 5 11405 11407 18598 18599 7100 
big 3 7748 7749 7658 
attacks 1 7843 
robotic 4 9437 9438 9440 9441 
dynamic 17 11784 17420 17421 7732 11349 11350 11351 9219 8907 13589 13590 9882 17841 17842 17844 4181 4182 
empathetic 1 12864 
knowledge 1 19646 
aggregator 3 7480 7478 7481 
communications 1 7480 
coupling 1 3790 
dimension-ordered 2 7275 10165 
evidence-based 1 9508 
rster 2 2019 2021 
prohpc 1 8659 
object-oriented 1 1802 
experiments 2 7445 7446 
paraphrasing 1 1802 
re-encryption 3 7927 7380 7731 
canonical 1 6616 
recomputation 1 9029 
experts 1 17705 
redesign 1 4225 
forecasting 1 10198 
leases 1 18405 
transatlantic 1 7733 
new 1 18630 
red 4 2036 2037 3029 3030 
subgraphs 1 17781 
predict 4 12440 12441 12442 12443 
sequence 4 19165 19286 19164 19952 
tile 1 10232 
guest 1 7113 
testing 1 1070 
public 2 19624 19625 
zone 4 2019 2021 2363 2364 
transactions 2 18598 18599 
resources 15 6970 11405 11407 9080 9081 9082 9083 9084 9085 9086 9087 9088 9089 9090 9882 
physical 2 8584 8586 
gridway 1 12147 
computational 5 11784 6951 10887 10198 10888 
designing 3 9691 3790 4807 
paradigm 1 10232 
consumption 4 10387 6970 10388 7100 
process-view 2 4669 4670 
entity 3 11955 11956 11957 
distributed 25 17554 7395 12147 17420 17421 9083 8295 7843 9219 19165 19164 6950 6951 7390 7391 7392 7079 10198 19350 19351 19352 7172 11196 10766 8760 
firms 1 15607 
metascheduler 2 10285 12147 
architecture 6 9177 9178 12147 8012 2019 2021 
nonadaptive 1 17923 
policies 2 9243 7732 
software 1 9753 
medical 7 7946 6978 9242 11729 11730 13002 13003 
component 1 8760 
red-to-yellow 2 2168 2169 
heuristics 1 6970 
reputation 5 13614 9753 7480 7732 12953 
composition 4 7223 10314 3790 4807 
processing 1 19791 
perspective 5 17977 7172 17979 11196 10766 
verifiability 2 19624 19625 
instinct-based 1 17760 
display 9 13129 13130 2036 2037 2038 2039 2040 2042 2043 
code 1 7172 
cofids 1 17760 
node 1 7658 
factors 1 4202 
items 1 17760 
behavioral 2 8942 7843 
active 2 7950 7951 
streams 5 18014 18469 18470 18471 18472 
fast 6 3948 17554 8170 7748 7749 7658 
spam 3 9723 9725 9726 
heterogeneous 17 7639 7640 7642 7643 7453 6970 9321 11349 11350 11351 9219 6978 9242 7950 7951 19676 9882 
backbone 1 7843 
update 1 7843 
scientists 1 7113 
rar 4 10883 10884 10885 10886 
analysis 12 11407 7275 8667 10165 7843 7079 8907 8874 5272 5273 5274 1802 
business 5 6614 6615 4225 5432 7318 
workforce-efficient 2 9084 9086 
sequential 3 6970 19165 19164 
wireless 16 11523 7480 7478 7481 10359 8295 8170 7804 7805 7806 7807 11522 11524 11525 8874 7100 
quantum 2 2209 2211 
pilot 1 12147 
specification-correct 1 6970 
activity 4 11593 11594 11595 11596 
straggler 1 18014 
in-vigo 11 9080 9081 9082 9083 9084 9085 9086 9087 9088 9089 9090 
generative 6 17977 7172 17979 11196 10766 18388 
lessons 8 17167 17168 17169 17170 17171 17172 17173 17174 
updates 2 19165 19164 
layer 7 2019 2020 2021 2209 2210 2211 2609 
laboratory 1 10285 
semantic 10 18129 18186 18187 18188 18189 9882 9443 11955 11956 11957 
n-cubes 2 7275 10165 
acid 1 8957 
source 1 15607 
kerberos 2 9177 9178 
java 1 8760 
dense 5 18962 18963 18964 18965 18966 
mating 1 17760 
wimax 1 9321 
graphs 4 9508 13030 19327 19328 
generalized 3 19748 19749 17705 
unlabeled 3 7927 19192 19193 
jobs 1 12147 
inference 4 18469 18470 18471 18472 
pre-cache 2 12207 7100 
filtering 7 17760 7480 7223 7224 6413 6414 6416 
formulae 2 1276 1277 
layers 2 3029 3030 
ultra-thin 3 2019 2020 2021 
oxadiazole 4 2168 3201 3202 3203 
sensor 21 7395 9818 9819 9820 11523 7480 7478 7481 8295 8170 7804 7805 7806 7807 11522 11524 11525 8874 18570 19633 7100 
bio-inspired 4 9373 9374 9375 9377 
improved 6 8295 2168 2211 3201 3202 3203 
replication 5 7843 6978 8659 8660 8661 
social 5 8942 7843 9508 13030 7113 
oriented 5 6950 6951 11375 11376 11377 
tolerance 2 13017 13018 
mechanical 1 5097 
transfer 3 8659 2019 2021 
support 5 10227 8170 10229 10230 10231 
adaptive 18 11405 11407 12207 7274 7275 10165 11262 11975 12631 12632 12633 7804 7805 7806 7807 6978 18405 8957 
list-based 1 6970 
privacy 1 7395 
recommendation 9 17969 17970 7480 7732 12953 18871 18872 18873 18874 
cryptography 1 7380 
distribution 2 9691 8667 
redundancy 1 18996 
scaling 2 19676 9882 
session 3 7748 7749 7658 
verification 6 7748 7749 7658 5272 5273 5274 
multi-label 1 17760 
querying 4 17760 19649 19650 19651 
bathocuproine 1 2211 
filters 1 18014 
cathode 2 2209 2211 
virtual 25 10112 9691 10387 6970 10388 12207 9080 9081 9082 9083 9084 9085 9086 9087 9088 9089 9090 11975 9219 9242 9581 9582 7079 7658 7113 
binary 1 7172 
repositories 3 5870 5871 5432 
europe 1 8012 
co-clusterd 2 19165 19164 
multiplayer 1 6970 
road 1 18410 
tods 1 10774 
decision 1 7100 
anonymous 1 7732 
carts 1 17760 
acquisition 1 7079 
distance 1 346 
encoding 3 7098 7099 7100 
probabilistic 5 9882 18871 18872 18873 18874 
mobility 1 9753 
identifying 3 18577 18578 18579 
white-light-emitting 2 2168 2169 
restart 1 1277 
editorial 1 10315 
green 3 9242 9581 9582 
znb 7 2036 2037 2038 2039 2040 2042 2043 
sciences 9 7079 7080 7082 7083 7084 7085 7086 7087 7088 
star 2 7274 7275 
trajectories 1 18410 
frequent 6 17781 19165 19286 19164 19287 19952 
enhancement 3 12207 2036 2037 
anomaly 1 10230 
emissive 2 2019 2021 
reasoning 3 18630 1276 1277 
prefetching 2 19748 19749 
labwo 1 2036 
maximal 1 1628 
modular 1 12147 
method 5 9242 9581 9582 7223 7224 
efficiency 1 9219 
prediction-based 1 6970 
warning 2 4182 4202 
matchmaking 1 9083 
gwpilot 1 12147 
deformable 1 3948 
manufacturing 3 6413 6414 6416 
single 8 17167 17168 17169 17170 17171 17172 17173 17174 
scalability 1 9219 
disk 3 11405 11407 12207 
neighbor 1 17554 
disc 1 9882 
iteration 1 9882 
surveillance 1 7395 
experiment 4 7390 7391 7392 7113 
action 1 5432 
master-worker 1 10232 
self-scheduling 1 7001 
applications 31 8860 8861 10964 10005 9691 6970 7743 7744 7745 8584 8586 11975 8659 8660 8661 10887 10198 10888 2036 2037 2038 2039 2040 2042 2043 7748 7749 7658 6413 6414 6416 
photonic 6 8856 8857 8859 8860 8861 10964 
mesh 1 10359 
asking 1 17705 
cycle 2 7950 7951 
embedded 4 9437 9438 9440 9441 
strong 1 18405 
e-tourism 1 7748 
hybrid 3 7480 6950 6951 
torus 1 8667 
scrambling 1 8874 
scale 3 11955 11956 11957 
time-constrained 1 6951 
humanistic 1 12864 
differentiated 2 7445 7446 
coordinated 3 8659 8660 8661 
resolution 7 13534 10660 10661 10662 10663 10664 4337 
security 11 9177 9178 11405 11407 12207 7732 7927 7380 7731 10465 10464 
enyl 3 2209 2210 2211 
afterglow 2 2036 2037 
rate 2 12030 12031 
paths 6 7639 7640 7642 7643 7453 9508 
time-out 2 7275 10165 
grid 23 7453 9691 6970 10285 12147 7445 7446 7743 7744 7745 13124 13125 13126 11523 9753 10887 10198 10888 9882 7172 11196 10766 9443 
compute 1 10111 
coordinates 1 7658 
innovation 9 17167 17168 17169 17170 17171 17172 17173 17174 15607 
hole-trapping-layer 1 2211 
pattern-matching 1 18410 
executions 3 8659 8660 8661 
answering 2 5097 10774 
building 2 9021 9020 
validation 1 4225 
customisation 2 4181 4182 
geospatial 1 10285 
cluster-group 2 8942 7843 
agreement 5 11523 11522 11524 11525 8874 
bloom 1 18014 
generating 4 10005 9508 13030 346 
ccbke 3 7748 7749 7658 
pervasive 1 9753 
escience 1 7091 
database 5 7001 19649 1276 1277 9882 
anticipating 1 9243 
schedule 1 18410 
commodity 3 9306 9307 9309 
implementation 19 10005 1350 7001 18129 4668 4669 4670 9964 9965 9966 9967 2486 9968 9969 9970 13002 13003 6614 6615 
redundancy-based 1 12207 
identification 9 7480 7478 7481 8907 8874 18014 11955 11956 11957 
cultivate 2 11147 11148 
preemptive 1 7001 
side-effects 1 9029 
scientific 6 9691 6970 9882 7748 7749 7658 
competitive 1 6951 
throwaway 2 17420 17421 
energy 14 10387 6970 10388 12440 12441 12442 12443 11349 11350 11351 9219 2019 2021 7100 
advance 5 7639 7640 7642 7643 7453 
electroluminescent 3 2019 2020 2021 
multicast 2 10315 10316 
cope 1 11975 
flow 3 7001 12030 12031 
manage 2 7950 7951 
production 4 11593 11594 11595 11596 
practices 1 4225 
rigorous 1 7172 
boolean 1 346 
feature 1 8907 
structured 1 7172 
consistency 3 18405 18598 18599 
non-deterministic 1 8907 
models 15 9964 9965 9966 9967 2486 9968 9969 9970 4181 4182 5272 5273 5274 1802 17543 
cawo 2 2036 2037 
stred 2 11405 11407 
anonymity 2 7380 7731 
packet 3 9306 9307 9309 
devices 11 2019 2020 2021 2168 2169 2209 2210 2211 3201 3202 3203 
examples 5 7927 1276 1277 19192 19193 
deadline 2 18570 19633 
spectral 2 2168 2169 
identity-based 9 7732 7927 8295 7380 7731 10465 10464 11826 8874 
teravision 1 13534 
minimum 1 1070 
malicious 3 7480 7478 7481 
coordination 1 6970 
archives 1 10112 
expensive 1 18410 
use 2 10285 12147 
luminescent 7 2036 2037 2038 2039 2040 2042 2043 
virtualized 11 9080 9081 9082 9083 9084 9085 9086 9087 9088 9089 9090 
methodologies 8 17167 17168 17169 17170 17171 17172 17173 17174 
self-adjusting 1 9243 
designed 1 10774 
life 2 7950 7951 
proxy 3 7927 7380 7731 
relevance 3 18577 18578 18579 
best 1 4225 
pfrf 1 6978 
multi-scale 1 7079 
trust 9 11147 11148 9723 9725 9726 13514 13515 9508 13030 
light-emitting 17 2486 2036 2019 2021 2168 2169 2209 2210 2211 2363 2364 2609 3029 3030 3201 3202 3203 
learning 13 7927 9373 9374 9375 9377 19192 19193 17705 17977 7172 17979 11196 10766 
stochastic 5 13124 13125 13126 11523 1277 
tunable 1 2211 
rfid 4 18469 18470 18471 18472 
corpus 4 18186 18187 18188 18189 
presence 3 9306 9307 9309 
decentralized 4 12147 9243 7700 7701 
optiputer 11 9021 9020 7079 7080 7082 7083 7084 7085 7086 7087 7088 
world 1 18405 
intrusion 2 6978 9242 
epc 3 5272 5273 5274 
grids 28 9177 9178 6970 12147 9243 7733 7745 8483 8484 11405 11407 9080 9081 9082 9083 9084 9085 9086 9087 9088 9089 9090 7946 7948 6978 13002 13003 6951 
emission 1 2211 
implicit 2 8942 7843 
rsa 7 7927 8295 7380 7731 10465 10464 11826 
computer-aided 1 5097 
architectures 3 6413 6414 6416 
exploiting 4 12440 12441 12442 12443 
challenge-response-based 1 8874 
metal 4 2036 2037 2038 2039 
definiteness 1 1350 
card 2 11147 11148 
gpu 10 9306 9307 9309 9437 9438 9440 9441 6413 6414 6416 
enabled 1 11784 
control 14 7001 7745 8483 8484 12030 12031 11523 9723 9725 9726 9443 4181 4182 4202 
vessel 8 17167 17168 17169 17170 17171 17172 17173 17174 
ouml 2 2019 2021 
prudent 1 17760 
iot 7 13353 13354 13355 13356 7748 7749 7658 
explanation 1 1277 
identities 1 18014 
cpu 3 9306 9307 9309 
regularization 5 17977 7172 17979 11196 10766 
evolving 4 5097 19327 19328 17543 
dbms 1 9882 
newton 1 18014 
prolog 2 7001 9029 
case 4 17760 17923 18996 9443 
early 2 4182 4202 
car 1 9377 
animations 1 10005 
multi-level 1 12147 
estimation 5 11349 11350 11351 9219 9377 
managerial 2 6614 6615 
large-scale 6 4337 6970 8659 8660 8661 8907 
emotional-based 4 9437 9438 9440 9441 
peer-to-peer 2 9219 19791 
bi-directional 1 8667 
federation 2 10285 12147 
sampling 1 9691 
performance 18 10111 12440 12441 12442 12443 12207 7274 7275 8667 9219 10198 8907 2168 3201 3202 3203 8874 7100 
multiple 11 6970 13448 18186 18187 2211 17977 7172 17979 11196 10766 18388 
interactions 3 17841 17842 17844 
chip 1 9882 
protocol 6 19624 19625 9373 9374 9375 9377 
condensation 1 17554 
circularity 1 1070 
community 4 9818 9819 9820 10285 
erratum 6 17977 7172 17979 11196 10766 18388 
reference 5 4181 4182 5272 5273 5274 
general 7 17554 6970 18871 18872 18873 18874 17543 
multi-gigabit 3 9306 9307 9309 
ddos 3 7843 7223 7224 
amroeba 1 11784 
effect 4 2036 2037 2038 2039 
coverage 1 8295 
ordered 1 7001 
genetic 5 17760 13017 13018 7700 7701 
authentication 7 11523 7732 8170 11522 11524 11525 8874 
trajectory 1 9377 
pro 2 3790 4807 
infrastructures 6 10285 12147 6950 6951 7950 7951 
device 5 9021 9020 13534 2168 2169 
implementing 1 4202 
high 6 13534 10111 7091 12207 8874 7100 
clause 1 7001 
automated 3 17760 3790 4807 
predictable 3 7745 8483 8484 
domains 6 17977 7172 17979 11196 10766 18388 
mechanism 11 7480 7732 12953 7927 8295 7380 7731 10465 10464 11826 18405 
graph-based 2 17969 17970 
control-theoretic 1 18570 
grid-enabling 1 9691 
many-core 1 10232 
hierarchical 2 12147 7172 
tree 1 7172 
trustworthy 3 9723 9725 9726 
interfacing 1 12147 
focus 1 19646 
industry 1 7318 
strategies 2 17554 13448 
games 1 6970 
platform 6 12207 10232 6978 9242 10774 10766 
predicates 1 18410 
continuous 1 19015 
outsourced 3 7748 7749 7658 
anthracene 1 2486 
deriving 1 1802 
highlighting 1 11206 
relaxing 1 8957 
like 2 3790 4807 
infiniband 1 8907 
endpoint 2 12030 12031 
matchtree 1 9083 
sap 3 5272 5273 5274 
probable 1 1277 
visual 4 19402 19403 11523 7658 
covers 1 1070 
star-topology 1 6978 
satisfaction 2 6950 6951 
approaches 1 18570 
ranking 3 19177 19178 19179 
legacy 1 9691 
port 3 10887 10198 10888 
contours 1 12864 
broadening 2 2168 2169 
outliers 1 17554 
range 1 19791 
complexity 1 6970 
assembly 1 7079 
optimizer 1 18129 
power-efficient 3 7098 7099 7100 
secure 21 7395 10883 10884 10885 10886 7480 7478 7481 7732 7927 7380 7731 13353 13354 13355 13356 9882 8874 7748 7749 7658 
retrieval 5 19402 19403 19649 7946 7948 
techniques 1 10230 
biphenyl 4 2168 3201 3202 3203 
words 2 18186 18187 
dependencies 3 1070 1276 1277 
transport 2 10822 8907 
nonuniform 1 9691 
biocollections 2 9084 9086 
end 1 9691 
top-k 1 18410 
egee 2 10285 12147 
uncertain 1 17554 
networking 3 8860 8861 10964 
robust 8 9964 9965 9966 9967 2486 9968 9969 9970 
scalar 1 5097 
cache 1 12207 
betweenness 2 19327 19328 
friendly 5 11523 11522 11524 11525 8874 
chaotic 5 11523 11522 11524 11525 8874 
autra 1 8957 
ens 1 8659 
framework 23 10883 10884 10885 10886 1859 1861 11405 11407 10227 8170 10229 10230 10231 19165 19164 7223 10314 4182 4202 4225 11955 11956 11957 
periodic 5 9691 11349 11350 11351 9219 
process 11 4669 4670 8659 8660 8661 3790 4225 5870 5871 5432 5458 
cross-layer 2 7732 12953 
chain 3 4181 4182 4202 
databases 4 7001 17923 18570 19633 
compiled 1 19646 
top-c 3 10887 10198 10888 
deterministically-routed 1 8667 
improving 4 11206 9219 6978 9242 
swift 4 11975 12631 12632 12633 
commonality 6 17977 7172 17979 11196 10766 18388 
skyline 3 19350 19351 19352 
transaction 5 19165 19286 19164 19287 8957 
remote 6 19624 19625 7927 7380 10465 10464 
sources 12 18186 18187 19676 9882 17841 17842 17844 17977 7172 17979 11196 10766 
mass 2 4181 4182 
scheduling 17 6970 12147 13448 9243 12030 12031 12207 13124 13125 13126 11523 6950 6951 9882 7748 7749 7658 
co-doping 4 2036 2037 2038 2039 
model-based 1 7748 
survey 4 10230 7390 7391 7392 
algorithms 5 17969 17970 17760 8874 17923 
ultraviolet 1 2036 
process-oriented 3 4668 4669 4670 
rubrene 4 2209 2211 3029 3030 
shifts 2 2168 2169 
checkpointing 3 8659 8660 8661 
gridice 1 7453 
picture 3 7748 7749 7658 
path-based 2 10315 10316 
resonance 2 2019 2021 
formal 3 11147 11148 18630 
energy-conserving 3 11405 11407 12207 
representation 1 6616 
energy-aware 3 12441 12443 13366 
floating 1 9377 
cross-domain 5 17977 7172 17979 11196 10766 
refactoring 3 5870 5871 5432 
phosphor 4 2036 2037 2038 2039 
issue 1 10315 
attribute 2 1070 10766 
co-allocation 7 7946 6978 9242 11729 11730 13002 13003 
co-development 8 17167 17168 17169 17170 17171 17172 17173 17174 
solution 1 17760 
bandwidth 1 12207 
evaluation 13 13514 13515 9508 13030 2036 2037 2038 2039 2040 2042 2043 9882 7748 
h-pyran 3 2209 2210 2211 
sharing 6 9691 9243 7927 7380 7731 7113 
designs 1 3790 
traded 1 9882 
implications 2 6614 6615 
toolkit 1 10766 
bubba 1 9882 
discriminant 1 8874 
evaluating 1 3790 
potential 7 2036 2037 2038 2039 2040 2042 2043 
tasks 10 12147 9243 13124 13125 13126 11523 11349 11350 11351 9219 
geographical 4 18871 18872 18873 18874 
signcryption 1 8874 
addition 2 2036 2037 
lbsns 2 17969 17970 
searches 1 11523 
wide-area 21 13201 9021 9020 13202 13203 13204 10822 13205 13206 3948 13207 8857 10111 10112 10113 10114 10115 10116 10117 10118 9083 
maps 5 11523 11522 11524 11525 8874 
target 4 7804 7805 7806 7807 
special 7 9691 7743 7744 7745 10315 7481 8907 
round-trip 1 18014 
group 1 11523 
user 5 11523 11522 11524 11525 8874 
miss 2 18570 19633 
storage 18 10111 11405 11407 7732 7927 7380 7731 10465 10464 11975 12631 12632 12633 13353 13354 13355 13356 10774 
predicting 2 17760 12207 
reliable 3 12207 7732 12953 
using 49 8856 8857 8859 8860 8861 10111 7091 11147 11148 11593 11594 11595 11596 6970 19646 13024 18186 18187 11523 7927 8942 7843 6978 9242 7079 10887 10198 10888 5097 10774 11522 11524 11525 8874 19192 19193 17977 7172 17979 11196 10766 18388 3790 5272 5273 5274 1802 7700 7701 
self-adaptive 1 7732 
workflows 2 9882 7113 
gd 7 2036 2037 2038 2039 2040 2042 2043 
missing 1 17760 
seamless 1 9321 
role-and-risk 4 10883 10884 10885 10886 
search 1 1277 
transmissions 4 9309 10792 10793 10794 
disco 2 19676 9882 
features 7 18577 18578 18579 11523 7927 19603 19604 
patterns 6 18962 18963 18964 18965 18966 5432 
monitoring 1 7453 
engine 1 6970 
ciphertext-policy 3 7927 7380 7731 
recombination 4 2019 2021 2363 2364 
image 9 11523 7946 6978 9242 11729 11730 13002 13003 8874 
optimization 2 11975 18410 
effects 2 2019 2021 
hd 5 10822 9309 10792 10793 10794 
lyon 1 8659 
provenance 4 11593 11594 11595 11596 
ratio 2 18570 19633 
voltage 2 2363 2364 
explicit 3 7745 8483 8484 
reservation 5 7639 7640 7642 7643 7453 
hole-electron 1 2211 
view 4 18037 18038 18039 15607 
mechanisms 3 7732 7927 7731 
discovery 4 9083 19177 19178 19179 
introduction 1 7113 
web-log 1 19585 
low-time 1 6970 
sage 6 10660 10661 10662 10663 10664 4337 
optimum 1 1070 
dy 1 2036 
wam-plus 1 7001 
adaptively 1 8874 
handling 1 9029 
theoretic 1 6970 
execution 10 7001 11349 11350 11351 9219 8907 13589 13590 7700 7701 
measuring 2 18186 18187 
programming 7 10005 1350 13024 7950 7951 13017 13018 
end-to-end 1 7079 
domain 5 18577 18578 18579 10230 17705 
current 1 8907 
subspace 3 19350 19351 19352 
checking 9 19624 19625 7927 8295 7380 7731 10465 10464 11826 
metacomputing 1 10198 
caching 1 19585 
clustering 13 11523 7927 8295 9373 9374 9375 9377 19603 19604 18037 18038 18039 15607 
clouds 5 10111 10285 12147 13448 9882 
streaming 1 13534 
workload 4 11975 12631 12632 12633 
linear 1 8874 
eu 4 2036 2037 2038 2039 
multi-objective 2 6970 9882 
transfers 6 10387 6970 10388 7745 8483 8484 
abductive 1 19646 
virtualization 3 4181 4182 4202 
extrinsic 3 18577 18578 18579 
scorm-compliant 2 7946 7948 
constrained 5 6970 13124 13125 13126 11523 
web 15 9177 9178 19748 19749 10285 4669 4670 7927 7843 19603 19604 18405 19585 7700 7701 
blocks 1 1628 
unfoldability 1 1350 
attribute-based 3 7927 7380 7731 
independent 2 12147 9243 
possession 4 7927 7380 10465 10464 
linkable 2 7380 7731 
multi-trusted 1 9508 
categorization 1 17760 
methods 2 11147 11148 
body 4 7395 9818 9819 9820 
pre-ws 1 12147 
privacy-preserving 6 19624 19625 7732 12953 13514 13515 
high-speed 1 7733 
aware 1 9753 
splitting 4 19165 19286 19164 19287 
tetramethyljulolidyl 3 2209 2210 2211 
ultrathin 2 3029 3030 
transparency 1 1350 
balance 1 2211 
bo 4 2036 2037 2038 2039 
phenomena 1 5097 
bayesian 1 1277 
future 1 10112 
coselection 3 7927 19603 19604 
trusms 3 9723 9725 9726 
opinion 3 18577 18578 18579 
low-latency 9 11120 11121 11122 11125 11126 9309 10792 10793 10794 
bi 7 2036 2037 2038 2039 2040 2042 2043 
light 3 2209 2210 2211 
key 9 11523 10359 11522 11524 11525 8874 7748 7749 7658 
diamine 1 2211 
financial 1 10230 
classifiers 1 17760 
enhancing 1 18570 
establishment 1 10359 
dimensional 1 3948 
decomposing 1 1628 
environments 9 13534 7001 13129 13130 9753 9219 7172 11196 10766 
burst 1 11975 
vault 1 7395 
agent 1 10766 
switching 1 11784 
detection 9 10227 8170 10229 10230 10231 7843 6978 9242 18996 
near 1 2036 
general-purpose 3 7390 7391 7392 
redundancies 2 6978 9242 
recursive 1 12147 
similarity 4 18186 18187 18188 18189 
educational 1 10005 
queries 9 5097 10774 19350 19351 19352 9882 19015 17705 18410 
diode 2 3029 3030 
internet 2 4337 7481 
provisioning 3 6970 10285 12147 
mobile 20 10315 13614 9753 7480 7732 12953 8942 7843 9437 9438 9440 9441 9373 9374 9375 9377 7100 19177 19178 19179 
trusted 4 8942 7843 9508 13030 
ict 2 4181 4182 
datasets 1 7658 
mu-expressions 1 346 
set 2 13024 1070 
consensus 11 9084 9086 17977 7172 17979 11196 10766 18037 18038 18039 15607 
correction 3 9306 9307 9309 
routing 6 7274 7275 10165 19350 19351 19352 
hdfs 5 7946 6978 9242 11729 11730 
statistics 4 18186 18187 18188 18189 
organization 2 7946 7948 
semistructured 1 18996 
area 1 10111 
topic-sensitive 3 7927 19192 19193 
integration 4 7395 11955 11956 11957 
butylphenyl 4 2168 3201 3202 3203 
cray 1 8907 
grammars 2 1070 1802 
parallel 16 7001 9029 18624 17781 11405 11407 12207 8012 8659 8660 8661 10887 10198 10888 9882 7658 
subclassifiers 1 17760 
pruned 1 17760 
saas 3 9818 9819 9820 
speed 1 7091 
communication 7 11120 11121 11122 11125 11126 10315 10316 
prediction 1 9377 
game-theoretic 3 7098 7099 7100 
game 1 6970 
readiness 2 4181 4182 
realisation 1 7113 
urban 1 9377 
topics 1 11262 
propositional 2 1276 1277 
multi-dimensional 1 9508 
cooperative 1 6970 
e-science 1 10822 
approach 17 9818 9819 9820 9691 6970 17760 18186 18187 4669 4670 11262 7658 19015 7098 7099 7100 8957 
ad 4 6616 13614 9753 7480 
dicyanomethylene 3 2209 2210 2211 
dst-based 1 17760 
multi-user 2 13129 13130 
nn 1 17760 
editors 1 7113 
visualization 20 13201 9021 9020 13202 13203 13204 10822 13205 13206 3948 13207 7079 7080 7082 7083 7084 7085 7086 7087 7088 
operation 1 7001 
transforming 1 6616 
dxt 4 9309 10792 10793 10794 
activities 2 3790 4807 
federated 2 12147 9243 
resource-limited 3 7098 7099 7100 
synthesis 7 2036 2037 2038 2039 2040 2042 2043 
programs 1 7001 
ring 2 7380 7731 
services 17 9177 9178 8856 8857 8859 8860 8861 12147 7445 7446 7733 4669 4670 10774 9882 7700 7701 
structure 7 17420 17421 12207 2036 2037 2038 2039 
gene 1 8907 
predictive 1 19585 
channels 1 9219 
data-centric 1 9882 
flexible 5 10883 10884 10885 10886 9083 
collaboratory 11 13201 9021 9020 13202 13203 13204 10822 13205 13206 3948 13207 
composite 2 7700 7701 
centrality 2 19327 19328 
enabling 8 8860 8861 10964 9306 9307 9309 9691 12147 
compiler-based 1 7001 
traffic 6 8667 10315 10316 11975 7843 9377 
operating 2 11147 11148 
confident 1 17760 
e-infrastructure 4 11593 11594 11595 11596 
negotiation 4 6951 7748 7749 7658 
measures 1 346 
novel 12 12207 13614 9753 7480 2486 3029 3030 7658 7100 11955 11956 11957 
optimisation 3 8907 13589 13590 
malware 5 10227 8170 10229 10230 10231 
astronomical 1 10112 
accessing 7 7946 6978 9242 11729 11730 13002 13003 
hardware 3 9306 9307 9309 
development 6 4669 4670 10766 11375 11376 11377 
pairwise 1 10359 
biometric 1 8874 
doped 7 2036 2037 2038 2039 2040 2042 2043 
algorithm 18 19748 19749 17781 13124 13125 13126 11523 9753 8295 7804 7805 7806 7807 6978 7748 7172 7700 7701 
mapreduce 1 10232 
state-space 3 5272 5273 5274 
spire 4 18469 18470 18471 18472 
mg 1 2036 
coarse-grained 1 9691 
geriatric 1 12864 
characterizing 6 11593 11594 11595 11596 13017 13018 
cuts 1 9029 
discriminative 5 18962 18963 18964 18965 18966 
schemes 6 9309 10792 10793 10794 13514 13515 
spatial 4 1859 1861 17420 17421 
dvc 1 7079 
middleware 9 8857 10111 10112 10113 10114 10115 10116 10117 10118 
sequences 1 9691 
k-means-based 4 18037 18038 18039 15607 
carbazole 1 2486 
machines 3 10005 1350 12207 
ontology-based 5 7946 7948 11375 11376 11377 
unified 4 18037 18038 18039 15607 
product 6 6616 4668 4669 4670 5097 7748 
quadtree 1 1628 
energy-efficient 9 6970 7480 7478 7481 8295 9373 9374 9375 9377 
vrml 1 10005 
gpu-accelerated 4 9309 10792 10793 10794 
teaching 2 7946 7948 
classification 8 17554 17760 17977 7172 17979 11196 10766 18388 
lambda-grids 1 7079 
earth 9 7079 7080 7082 7083 7084 7085 7086 7087 7088 
design 8 7395 19649 18129 11407 4668 4669 4670 7113 
technology 3 4337 8659 5097 
multicore 4 9437 9438 9440 9441 
selective 1 9029 
save 4 11349 11350 11351 9219 
individual 1 12864 
location 2 17420 17421 
recognition 1 8874 
integrity 12 19624 19625 7927 8295 7380 7731 10465 10464 11826 7748 7749 7658 
reliability 2 6978 9242 
study 2 17760 9443 
computing 33 7395 9691 6970 10315 7480 7481 7732 12953 11262 9080 9081 9082 9083 9084 9085 9086 9087 9088 9089 9090 7380 7731 8942 7843 6950 6951 1277 7748 7749 7658 7172 11196 10766 
fraud 3 19177 19178 19179 
studies 6 8856 8857 8859 8860 8861 17923 
or-forest-based 1 7001 
chinese 1 15607 
buffer 3 2209 2210 2609 
partitioning 3 9753 7700 7701 
high-definition 5 11120 11121 11122 11125 11126 
results 1 11523 
developing 1 8760 
sets 2 17554 346 
sla 1 6951 
combining 5 7001 7745 8483 8484 17760 
challenges 1 7318 
crowdsourcing 2 1859 1861 
chloride 3 2019 2020 2021 
workflow-based 4 11593 11594 11595 11596 
machine 11 10387 6970 10388 10227 8170 10229 10230 10231 9242 9581 9582 
comparison 1 8907 
retelab 1 10285 
targeted 4 17760 19649 19650 19651 
li 1 2036 
telehealth 1 12207 
issues 1 10766 
customer-supplier 8 17167 17168 17169 17170 17171 17172 17173 17174 
mining 36 8857 10111 10112 10113 10114 10115 10116 10117 10118 17554 19748 19749 18577 18578 18579 18624 17781 18962 18963 18964 18965 18966 13024 19165 19286 19164 19287 19952 19585 17977 7172 17979 11196 10766 18388 5458 
equivalent 2 7445 7446 
concept 8 9964 9965 9966 9967 2486 9968 9969 9970 
loss 3 9306 9307 9309 
theory 3 7100 10766 17543 
grid-based 2 6978 9242 
estimating 1 18570 
improve 5 12440 12441 12442 12443 17705 
cyber 2 8584 8586 
enhanced 7 7927 7380 10465 10464 2019 2020 2021 
network 15 7639 7640 7642 7643 7453 9309 10792 10793 10794 10387 6970 10388 10315 10316 10198 
online 5 6970 9508 13030 19327 19328 
matrix-based 1 10359 
warehousing 1 4337 
wormhole 2 7275 10165 
scalable 20 10660 10661 10662 10663 10664 4337 6970 18624 17781 11523 9083 13353 13354 13355 13356 10774 19327 19328 8760 18410 
ultra-high-definition 11 13201 9021 9020 13202 13203 13204 10822 13205 13206 3948 13207 
ultra 2 2209 2211 
tuning 1 17760 
healthcare 1 12864 
agenda 1 5458 
abstract 2 10005 1350 
application 8 4337 9691 8584 8586 8907 13589 13590 17543 
resource 13 6970 10285 12147 9243 9753 11262 9083 11975 12631 12632 12633 7079 10198 
ii 2 8584 8586 
sms 3 9723 9725 9726 
bodycloud 3 9818 9819 9820 
section 6 9691 7743 7744 7745 7481 8907 
human 1 12864 
blue 2 2486 8907 
hidden 2 12207 7748 
local 1 1277 
smart 2 11147 11148 
lyonsite 1 2036 
intelligent 8 8860 8861 10964 4668 4669 4670 7223 10314 
guide 1 19646 
collaborative 17 7091 13129 13130 17760 4668 4669 4670 7480 7079 7080 7082 7083 7084 7085 7086 7087 7088 
non-uniform 1 8667 
datatag 1 7733 
visualizing 2 10005 5097 
overlays 1 19015 
optimal 2 9691 13448 
ampic 3 10887 10198 10888 
ions 4 2036 2037 2038 2039 
counters 4 12440 12441 12442 12443 
sub-directional 1 8874 
schema 2 12207 7100 
scheme 6 11523 9321 11522 11524 11525 8874 
admission 3 7745 8483 8484 
builtins 1 7001 
forward 3 9306 9307 9309 
co-clustering 2 19165 19164 
opportunities 1 7318 
brain 1 7079 
signature 2 7380 7731 
xe 1 8907 
coquos 1 19015 
gridnetworks 2 12030 12031 
moo 2 2036 2037 
wo 1 2036 
international 11 13201 9021 9020 13202 13203 13204 10822 13205 13206 3948 13207 
constraints 2 18630 9753 
high-performance 12 8857 10111 10112 10113 10114 10115 10116 10117 10118 9306 9307 9309 
ws 1 12147 
hpc 5 12440 12441 12442 12443 8907 
content 2 7946 7948 
floor 2 6614 6615 
oceanographic 1 10285 
metric 1 17554 
load 1 11407 
invariants 3 5272 5273 5274 
face 1 8874 
time-dependent 1 9219 
choice 1 15607 
data 93 8856 8857 8859 8860 8861 10111 10112 10113 10114 10115 10116 10117 10118 6616 11593 11594 11595 11596 17554 19748 19749 7745 8483 8484 19624 19625 18624 17781 18962 18963 18964 18965 18966 17420 17421 11405 11407 7480 7478 7481 7732 7927 8295 7380 7731 10465 10464 11826 9377 13353 13354 13355 13356 19165 19164 7946 7948 6978 13002 13003 7950 7951 7079 7080 7082 7083 7084 7085 7086 7087 7088 19350 19351 19352 19676 9882 7748 7749 7658 18014 7113 18469 18470 18471 18472 18570 19633 7172 11196 10766 11955 11956 11957 
aligning 3 11375 11376 11377 
sentence 4 18186 18187 18188 18189 
digital 2 6614 6615 
running 4 11349 11350 11351 9219 
hoc 4 6616 13614 9753 7480 
critical 1 4202 
loops 1 7001 
personal 1 8874 
document 3 7927 19603 19604 
dynamics 2 19624 19625 
belief-theoretic 1 17760 
intrinsic 3 18577 18578 18579 
multi-criteria 3 6970 6950 6951 
appliance 1 9691 
terastream 3 8860 8861 10964 
itemset 8 17760 19649 19650 19651 19165 19286 19164 19287 
t-butyl 3 2209 2210 2211 
differentially 5 19165 19286 19164 19287 19952 
factor 4 18871 18872 18873 18874 
interoperability 1 9691 
fault 2 13017 13018 
selection 1 9219 
ttn 1 8659 
biometrics 1 8874 
top-down 1 5097 
combined 2 4669 4670 
relationship 6 1070 2363 2364 11955 11956 11957 
pattern 2 5097 10774 
saturation 1 9243 
modeling 3 11784 8907 5097 
string 1 17923 
freshness 2 18570 19633 
annotations 1 11523 
infrastructure 1 7091 
optical 3 8860 8861 10964 
astrophysics 1 11784 
faces 2 19402 19403 
jpeg 4 9309 10792 10793 10794 
polarization-induced 2 2168 2169 
congestion 4 7745 8483 8484 9377 
application-layer 1 7843 
inspection 1 3948 
metrics 1 3790 
benchmarking 2 4337 9882 
ordering 1 7843 
networks 53 8857 10111 10112 10113 10114 10115 10116 10117 10118 7091 7395 9818 9819 9820 7733 7743 7744 7745 11523 13614 9753 7480 9321 7478 7481 10359 8295 8170 7804 7805 7806 7807 8942 7843 9508 13030 1277 11522 11524 11525 8874 17167 17168 17169 17170 17171 17172 17173 17174 7100 18410 4182 4202 
text 10 17760 17977 7172 17979 11196 10766 18388 11955 11956 11957 
index 3 17420 17421 7100 
sm 1 2036 
association 6 18624 17781 17760 19649 19650 19651 
white 3 2209 2210 2211 
unstructured 1 19015 
workflow 6 9691 6970 7223 10314 3790 4807 
multilayer 2 2209 2211 
logic 4 7001 13614 9753 7480 
hybrids 6 2486 10227 8170 10229 10230 10231 
osg 2 10285 12147 
sa 1 7732 
comparative 1 8907 
e-markets 1 9882 
shopping 1 17760 
natural 2 13129 13130 
sub 11 2036 2037 2038 2039 2040 2042 2043 2209 2210 2609 7113 
model 36 7001 6970 12147 9243 7274 7275 10165 13614 9753 7480 11349 11350 11351 9219 12864 10232 7950 7951 8907 7748 17977 7172 17979 11196 10766 18388 18871 18872 18873 18874 4181 4182 4202 5870 5871 5432 
aromatic 1 2211 
android 2 12207 7100 
testbed 1 7733 
sum 1 9882 
unconditional 2 7380 7731 
massively 1 6970 
multiparty 5 11120 11121 11122 11125 11126 
nets 4 18186 18187 18188 18189 
instrumentation 2 9177 9178 
sup 8 7732 2036 2037 2038 2039 2040 2042 2043 
referential 2 1350 18630 
weighted 1 8874 
facility 11 13201 9021 9020 13202 13203 13204 10822 13205 13206 3948 13207 
stacking 1 17760 
servers 1 12207 
allocation 3 12441 12443 13366 
real-time 8 11206 6970 12207 7079 18598 18599 18570 19633 
supply 3 4181 4182 4202 
defense 3 7843 7223 7224 
functions 1 9219 
confidence-based 2 7223 7224 
trace 1 8907 
d-toss 2 17420 17421 
web-based 5 17841 17842 17844 6614 6615 
principles 2 10005 1350 
markov 2 12207 7748 
dataflow 1 7001 
discovering 1 17781 
organic 17 2486 2019 2020 2021 2168 2169 2209 2210 2211 2363 2364 2609 3029 3030 3201 3202 3203 
tracking 4 7804 7805 7806 7807 
supporting 5 9691 17841 17842 17844 18410 
views 3 3948 5097 10774 
temporal 2 18598 18599 
service 17 7453 9691 13448 12441 12443 10198 13366 7223 10314 6614 6615 18598 18599 18570 11375 11376 11377 
server 1 8760 
operations 2 4337 7001 
success 1 4202 
aggregate 4 13353 13354 13355 13356 
indexing 2 17554 18410 
bases 1 18996 
diagnosis 1 19646 
wrapper 5 10227 8170 10229 10230 10231 
file 8 7946 6978 9242 11729 11730 13002 13003 9443 
weather 1 10198 
deployment 2 9691 13448 
high-dimensional 5 18962 18963 18964 18965 18966 
igrid 6 8856 8857 8859 8860 8861 10964 
processor 9 7001 17167 17168 17169 17170 17171 17172 17173 17174 
compression 8 9309 10792 10793 10794 18469 18470 18471 18472 
cohesion 1 3790 
gloriad 1 10822 
information 15 19402 19403 19649 18186 18187 9084 9086 9882 17841 17842 17844 4181 4182 4202 1802 
k-ary 2 7275 10165 
experimental 5 8856 8857 8859 8860 8861 
interaction 2 13129 13130 
analytics 1 7658 
low-support 5 18962 18963 18964 18965 18966 
wi-fi 1 9321 
armco 1 11262 
flows 3 9306 9307 9309 
trees 4 17760 19649 19650 19651 
computation 4 13614 9753 7480 346 
language 3 10005 1350 8012 
fault-tolerant 2 12207 9083 
budget-deadline 1 6970 
google 1 6970 
collaboration 13 10822 13534 10660 10661 10662 10663 10664 4337 11206 10883 10884 10885 10886 
query 2 18129 19791 
observatory 1 10112 
ensuring 1 9219 
probe 1 18410 
private 5 19165 19286 19164 19287 19952 
particle 4 8907 6413 6414 6416 
accurate 2 7274 7275 
highly 4 19350 19351 19352 9882 
ubiquitous 3 10315 7480 11262 
mastermind 1 17923 
app 1 6970 
migration 3 10387 6970 10388 
delays 1 18570 
mathematical 2 7274 7275 
uclp-enabled 1 10822 
teragrid 2 10285 12147 
access 4 11523 19676 9882 9443 
research 4 7091 10285 7113 5458 
meta-scheduling 1 12147 
point 5 346 18871 18872 18873 18874 
integrated 3 7001 19649 7079 
mutual 5 11523 11522 11524 11525 8874 
balancing 8 11407 10315 10316 11975 12631 12632 12633 7100 
cloud 29 7395 12207 7732 12953 11262 7927 8295 7380 7731 10465 10464 11826 11975 12631 12632 12633 7946 6978 9242 9581 9582 11729 11730 7223 7224 7748 7749 7658 7318 
attack 2 7223 7224 
based 32 9177 9178 18186 18187 18188 18189 10883 10884 10885 10886 13614 9753 7480 7732 12953 9723 9725 9726 10227 8170 10229 10230 10231 8942 7843 9377 12864 6978 2168 2169 7100 7172 
cyber-physical 10 8584 8586 9964 9965 9966 9967 2486 9968 9969 9970 
shop 2 6614 6615 
users 1 9691 
functional 1 1070 
mpixel 2 9021 9020 
impact 3 8659 8660 8661 
diodes 10 2486 2036 2019 2021 2209 2210 2211 2363 2364 2609 
tools 3 7390 7391 7392 
power 3 9242 9581 9582 
reduction 3 5272 5273 5274 
amplified 1 13534 
positive 3 7927 19192 19193 
user-defined 1 8957 
linked 1 7113 
transcription 2 9084 9086 
systems 43 7453 11147 11148 17969 17970 12440 12441 12442 12443 11405 11407 12207 8584 8586 9964 9965 9966 9967 2486 9968 9969 9970 7843 7950 7951 7390 7391 7392 19791 8907 13589 13590 8874 7098 7099 7100 10766 9443 4182 4202 11375 11376 11377 
spaces 1 17554 
implication 1 18630 
portal 6 10660 10661 10662 10663 10664 4337 
global 11 13201 9021 9020 13202 13203 13204 10822 13205 13206 3948 13207 
data-intensive 1 7733 
class 1 9691 
properties 8 2036 2037 2038 2039 2019 2020 2021 8957 
modelling 3 10387 6970 10388 
rough 1 7100 
environment 3 7223 7224 7113 
window 1 1628 
food 2 4182 4202 
apps 3 19177 19178 19179 
crowdsourced 2 9084 9086 
subjective 3 13614 9753 7480 
emitting 3 2209 2210 2211 
management 24 12147 19402 19403 19649 4669 4670 11262 9723 9725 9726 11975 12631 12632 12633 9508 7390 7391 7392 7079 6614 6615 4181 4182 4202 
efficient 19 17781 2486 7927 7380 7731 19791 19350 19351 19352 9882 2168 2169 2209 2210 2609 18469 18470 18471 18472 
filter 5 10227 8170 10229 10230 10231 
specific 1 7318 
precedence 4 13124 13125 13126 11523 
agents 5 9437 9438 9440 9441 7100 
object 4 10774 4181 4182 4202 
analytical 2 7275 10165 
recent 1 10315 
displays 6 10660 10661 10662 10663 10664 4337 
graph 4 7274 7275 8942 7843 
cesium 3 2019 2020 2021 
interactive 10 10822 10005 11120 11121 11122 11125 11126 19402 19403 7658 
fluorescence 2 2036 2037 
vector 6 10227 8170 10229 10230 10231 17923 
two-dimensional 1 8874 
zn 4 2036 2037 2038 2039 
graphics 3 9021 9020 13534 
representations 1 7001 
activation 4 7804 7805 7806 7807 
proactive 2 4182 4202 
dcjtb 5 2209 2210 2211 3029 3030 
multitype 3 7927 19603 19604 
error 3 9306 9307 9309 
strategy 4 11405 11407 12207 6951 
relaxation 1 8957 
processors 4 9437 9438 9440 9441 
nearest 1 17554 
rules 2 18624 17781 
neighbor-based 1 17554 
technologies 2 8584 8586 
multimedia 6 11120 11121 11122 11125 11126 7395 
applied 3 17760 2363 2364 
server-assigned 2 1859 1861 
context 2 7445 7446 
guarantee 2 18598 18599 
cluster 6 9242 9581 9582 10774 7100 9443 
auditing 8 7732 7927 8295 7380 7731 10465 10464 11826 
plsa 3 7927 19192 19193 
