<Keyword> <No of vertices> <vertex1> <vertex2> .... <vertexN> 
synchronic 2 657 658 
analyzing 1 556 
nested 3 576 871 872 
managing 2 16183 3650 
truncated 5 813 815 844 845 846 
relays 5 813 815 844 845 846 
time 8 641 642 694 695 737 955 956 957 
semantics 2 830 975 
role 1 675 
linearly 1 649 
systematic 3 772 773 774 
generation 3 626 1057 730 
right 1 797 
objects 1 898 
paging 2 668 669 
organisational 3 3650 16916 16917 
timed 7 739 740 741 885 886 991 992 
queueing 2 887 888 
multistage 2 8037 8038 
pascal 1 974 
partial 2 626 765 
and-or 2 661 11546 
evolution 4 767 14432 14433 14434 
conditions 2 710 711 
aggregation 1 884 
european 3 14763 16183 3650 
prefix 2 751 752 
codes 1 759 
dynamic 9 557 870 681 712 767 803 890 891 1441 
einbettungssatz 2 653 654 
knowledge 5 14763 16183 3650 16916 16917 
parameterized 4 725 728 1458 1459 
behavior 2 557 870 
secondary 1 557 
gauntlet 1 905 
auml 2 653 654 
synthesizing 11 598 599 600 601 602 603 604 605 1385 1386 1387 
parse 2 685 686 
trial 4 642 1065 1066 1067 
classes 4 899 900 901 902 
corrigenda 1 936 
partitions 2 872 1405 
rpern 1 649 
electronic 3 9502 14707 14708 
specifications 2 810 811 
automaton 1 984 
register 1 730 
new 9 642 1065 1066 1067 1173 1172 3650 3648 3649 
strongest 3 772 773 774 
sequence 3 679 680 824 
base 1 854 
nondeterminism 4 775 928 929 975 
multiprocessor 2 955 956 
public 6 9502 13894 13895 14374 14375 14376 
circuits 7 597 1196 899 1018 1020 1601 1602 
greed 2 956 1156 
resources 2 16183 3650 
computational 4 627 1493 651 737 
basis 3 882 881 883 
root 3 762 763 990 
distributed 12 712 717 718 780 781 810 811 825 826 827 911 912 
parsers 7 580 797 828 1348 1328 890 891 
architecture 2 3650 990 
policies 4 9502 14348 14349 14350 
fooling 1 984 
retrprov 2 960 961 
software 8 9502 13894 13895 14374 14375 14376 926 990 
height 3 626 765 1268 
pessimistic 2 956 19401 
terminal 2 597 1196 
description 1 766 
heuristics 3 772 773 904 
embedding 1 847 
processes 11 597 618 693 717 718 740 1130 3650 16916 16917 905 
stabilization 3 754 1173 1511 
higman 2 653 654 
sequin 4 9502 9503 9504 9505 
flow-time 2 788 789 
automatic 4 882 881 883 910 
seventh 3 14763 16183 3650 
code 1 730 
bounds 3 626 1057 737 
node 1 999 
parsable 4 899 900 901 902 
speech 3 794 795 796 
factors 2 627 1493 
golomb 4 798 799 800 801 
fast 4 655 656 786 787 
update 1 613 
van 1 809 
programmierbare 1 715 
remarks 1 975 
nouns 1 910 
analysis 34 576 626 765 721 722 730 772 773 774 781 12597 12598 12599 813 814 815 844 845 846 837 838 839 840 841 871 872 18543 1405 887 888 892 910 955 956 
business 8 9502 14357 14359 14447 14448 3650 16916 16917 
proofs 5 617 627 824 916 917 
sequential 8 695 1826 803 860 861 903 905 933 
wireless 8 813 814 815 837 838 839 840 841 
quantum 5 719 933 1117 1786 1787 
membrane 2 694 695 
statements 3 772 773 774 
rational 3 696 997 998 
universal 1 642 
uniquely 4 899 900 901 902 
homomorphisms 4 725 726 727 728 
co-operative 6 9502 14721 8037 14708 14722 14723 
constant 2 627 1493 
attributed 1 720 
semantic 10 690 18242 14763 16183 3650 3648 3649 890 891 975 
iterative 6 693 899 1018 1019 1020 970 
index-sequential 1 903 
compilation 1 785 
theoretical 2 875 1824 
transformation 4 720 794 13510 13511 
hospitals 2 16183 3650 
main 1 771 
subrekursive 2 653 654 
source 6 9502 13894 13895 14374 14375 14376 
relations 3 871 872 990 
outsourcing 4 767 14432 14433 14434 
hierarchical-tree 2 876 877 
upsequence 3 864 865 866 
graphs 12 597 1196 606 607 626 1820 1821 739 740 741 847 999 
generalized 4 555 626 1347 767 
satisfiability 3 576 876 1093 
inference 3 978 979 983 
lower 3 641 642 847 
expressibility 2 570 571 
filtering 4 9502 14348 14349 14350 
verify 2 911 912 
bi-ideals 1 713 
substitution 2 875 1824 
roth 2 871 872 
sufficient 2 710 711 
languages 11 1189 1689 1690 627 1493 679 680 906 936 997 998 
errors 2 655 656 
given 1 731 
on-way 1 984 
realisierbarkeit 1 649 
report 2 944 945 
mechanical 1 675 
erkennbaren 2 879 880 
constructing 6 622 623 624 625 626 797 
final 2 695 1826 
element 3 627 1705 1706 
support 3 9502 14707 14708 
searching 3 1354 762 763 
adaptive 2 754 1358 
descriptively 1 803 
health 3 14763 16183 3650 
verification 3 882 881 883 
combinator-based 1 785 
entscheidbare 2 653 654 
querying 2 679 680 
csp 2 928 929 
iaas 4 781 12597 12598 12599 
binary 12 557 576 584 597 1196 626 765 1268 1347 681 703 704 
scattered 2 851 1542 
aspects 4 9502 9503 9504 9505 
easily 1 973 
proof 13 740 1130 1328 1327 882 1632 1633 1634 883 1110 830 861 1457 
tape 1 936 
semigroups 1 649 
semigroup 1 731 
decision 1 614 
short 2 617 824 
distance 8 14434 9502 14721 8037 14357 14762 14763 14359 
eacute 1 854 
vernetzungsstruktur 1 715 
gries 1 905 
hierarchy 7 584 855 856 899 900 901 902 
slicings 5 622 623 624 625 626 
probabilistic 7 603 1385 1386 1387 933 991 992 
beautiful 1 905 
life-critical 4 781 1273 1274 1275 
self-stabilizing 5 754 755 1366 1367 1498 
multiclass 2 668 669 
reasoning 2 719 933 
formulas 4 617 824 876 1093 
maximal 5 622 623 624 625 626 
improvement 1 580 
komplexit 2 653 654 
method 3 803 874 875 
efficiency 4 642 813 814 815 
speedup 4 899 1018 1019 1020 
pei 2 560 13161 
single 3 730 788 789 
disk 2 926 927 
perlis 1 974 
type 3 551 993 994 
algebraic 7 1328 1327 852 853 898 916 917 
related 6 614 737 740 1672 872 1405 
iteration 1 720 
foundations 2 875 1824 
family 5 597 1196 751 752 884 
exact 2 971 972 
applications 5 614 615 7345 7346 7347 
variable-length 2 871 18543 
argument 2 905 1447 
m-automata 2 695 1826 
bei 2 653 654 
restriction 3 905 1447 984 
ber 2 649 715 
efficiently 2 685 686 
tradeoff 1 627 
axioms 2 960 961 
depth 1 851 
non-repetitive 2 703 736 
non-stationnaires 1 930 
generalizing 2 597 1196 
hybrid 3 739 740 741 
scale 4 781 12597 12598 12599 
security 2 690 17449 
resolution 3 782 824 915 
requirements 3 754 1173 1511 
considered 1 805 
optimal-time 1 973 
path 1 597 
functionally 2 955 956 
quantitative 3 599 1188 1189 
sb-tree 1 903 
building 2 685 686 
task 5 567 568 569 780 781 
prams 5 899 1018 1020 1601 1602 
problem 18 626 1820 1821 641 642 694 695 713 1172 847 864 865 866 871 872 906 936 937 
generating 5 626 765 1268 872 1405 
algorithmic 1 960 
provision 4 767 14432 14433 14434 
concepts 2 874 875 
database 3 566 874 875 
grammar 5 684 899 900 901 902 
balanced 2 626 765 
refinements 2 885 886 
objectives 3 599 1188 1189 
dures 1 854 
implementation 9 579 580 661 11546 786 787 882 881 883 
linearen 2 879 880 
energy 3 813 814 815 
technique 3 579 580 985 
limited 1 775 
rulers 4 798 799 800 801 
ambiguity 2 766 915 
multicast 3 813 814 815 
flow 2 906 999 
topologies 2 751 752 
pipelines 4 567 568 569 990 
deleting 1 990 
concurrent 5 556 618 762 763 931 
hypergraph 4 798 799 800 801 
two-way 2 936 984 
comprehensive 2 874 875 
boolean 1 651 
convergence 1 790 
structured 1 584 
elements 2 822 823 
relatively 2 993 994 
endlichen 1 649 
constructibility 2 872 1477 
consistency 2 956 19401 
structures 4 659 660 661 766 
endlicher 1 649 
models 7 597 737 790 804 871 18543 898 
instability 3 1173 1366 1367 
permutation 3 670 671 672 
vertex-surjective 4 725 726 727 728 
specify 2 911 912 
devices 1 683 
use 3 772 773 774 
lengths 1 816 
run 2 561 562 
strassen 2 786 787 
wijngaarden 1 809 
designed 1 975 
revisited 4 588 825 826 827 
best 2 606 607 
correctness 2 916 917 
learning 15 642 1065 1066 1067 14434 9502 14721 8037 14357 14762 14763 14359 3650 16916 16917 
continuity 2 905 1447 
arguments 1 905 
quad 2 626 765 
trajectory-based 1 759 
gestion 1 854 
frontier 1 983 
ultralinear 1 696 
exploiting 7 670 671 672 798 799 800 801 
values 3 816 871 872 
quadratic 4 899 1018 1019 1020 
space-bounded 4 642 1065 1066 1067 
morphems 1 910 
demand 2 668 669 
control 4 804 956 19401 970 
morphisms 1 684 
ouml 1 649 
explanation 2 1173 1172 
distinctness 3 627 1705 1706 
infinitary 3 790 928 929 
formalisms 2 710 711 
modified 3 864 865 866 
prolog 4 661 11546 806 12134 
urn 1 597 
syntax 2 576 766 
scheduled 2 788 789 
navigation 2 871 18543 
sound 2 993 994 
charting 1 983 
case 4 9502 14348 14349 14350 
lattice 2 971 972 
insertion-only 2 579 580 
multi-level 3 890 891 1441 
automat 1 715 
completeness 1 983 
performance 10 557 1354 8037 8038 781 12597 12598 12599 955 956 
berechnung 1 821 
multiple 17 555 655 656 9502 9503 9504 9505 813 815 844 845 846 837 838 839 840 841 
geometrical 3 558 559 560 
endliche 3 715 977 1803 
tricky 2 617 824 
one-letter 1 936 
regular 11 558 559 560 685 686 740 1130 797 810 811 889 
sorted 1 771 
primitives 1 830 
extended 2 890 891 
erratum 1 597 
general 2 738 830 
one-pass 1 720 
multiplikations 1 693 
ordered 1 898 
usage 6 9502 13894 13895 14374 14375 14376 
weak 4 694 695 883 1110 
transformations 1 720 
reducing 1 693 
domains 4 9502 9503 9504 9505 
automaten 5 649 879 880 977 1803 
semi-synchronous 1 949 
ccs 2 740 1130 
distances 3 597 952 953 
hierarchical 1 905 
labelled 2 666 667 
unifying 2 560 13161 
invariant 3 772 773 774 
equivalences 1 790 
tree 7 685 686 751 752 767 991 992 
partage 1 869 
log-structured 4 903 1072 1073 1074 
tableau-based 1 716 
sprouts 1 597 
predicates 3 659 660 661 
continuous 4 794 795 796 898 
contextfree 2 810 811 
equals 2 570 571 
random 6 597 952 953 1196 641 642 
und 4 640 821 977 1803 
recurrence 5 558 559 560 1354 1771 
logical 3 882 881 883 
covers 3 967 968 969 
sat 3 967 968 969 
enriching 2 690 17449 
vertex 5 936 937 967 968 969 
closure 3 790 828 829 
range 2 643 644 
complexity 14 556 627 1493 679 680 717 718 725 728 1458 1459 847 936 977 
secure 2 690 18242 
co-nested 2 876 1093 
outline 2 666 667 
computers 1 642 
words 5 794 795 796 885 886 
dependencies 4 613 871 872 983 
capacity 2 626 1497 
proc 1 854 
options 2 971 972 
robust 11 598 599 600 601 602 603 604 605 619 673 674 
applying 3 3650 3648 3649 
les 1 854 
egrave 1 854 
nurture 1 3650 
framework 6 690 18242 14763 16183 3650 892 
order-sensitive 3 659 660 661 
process 2 803 981 
degree 4 725 728 1458 1459 
chain 2 871 18543 
databases 6 613 679 680 871 872 1477 
broadband 5 9502 14357 14359 14447 14448 
^n 1 847 
realizable 1 649 
zeno 2 885 886 
alan 1 974 
transaction 1 566 
euclid 6 1328 1327 882 1632 1633 1634 
skip 2 643 644 
function 2 916 917 
heap 1 990 
scheduling 6 788 789 955 956 957 1156 
parties 1 854 
valent 1 847 
algorithms 12 561 562 626 1057 737 762 763 864 865 866 872 1405 
effectively 1 731 
status 5 3650 3648 3649 12453 12454 
decision-making 3 9502 14707 14708 
mark 2 871 872 
definitions 2 916 917 
formal 2 874 875 
representation 2 944 945 
policy 6 9502 13894 13895 14374 14375 14376 
output 2 570 571 
decide 3 670 671 672 
state 5 721 722 14763 16183 3650 
attribute 1 720 
bounded-iteration 1 690 
solution 4 627 1705 1706 1172 
evaluation 8 1354 720 9502 8037 14357 14359 14358 8038 
transformational 1 936 
sharing 1 555 
implications 1 3650 
noisy 1 933 
finding 8 725 726 727 728 798 799 800 801 
losslessness 2 872 1477 
computations 2 751 752 
reversal 1 984 
definition 1 830 
retrial 3 573 574 575 
chains 1 737 
greece 8 9502 14357 14359 14348 14349 14350 14447 14448 
evaluating 2 871 18543 
dependence 2 657 658 
addition 2 997 998 
dlogtime-uniform 5 899 1018 1020 1601 1602 
searches 2 626 765 
decidable 1 851 
equational 1 551 
municipal 5 9502 14357 14359 14447 14448 
controllable 2 740 1130 
group 2 754 755 
user 2 871 18543 
average 2 557 597 
pope 2 806 12134 
total 1 649 
using 12 694 695 771 905 911 912 934 935 967 968 969 975 
predicate 1 830 
higher 2 993 994 
unbounded 2 928 929 
insertion 1 931 
free 6 9502 13894 13895 14374 14375 14376 
search 15 557 576 597 952 953 1196 626 765 643 644 681 890 891 1441 931 
laws 2 597 1196 
sorting 4 597 1354 1838 1839 
government 7 9502 14721 8037 14707 14708 14722 14723 
nondeterministic 7 659 660 661 933 1786 1787 984 
multivalued 1 983 
fp 3 14763 16183 3650 
wsns 5 813 815 844 845 846 
patterns 4 703 704 926 927 
monitoring 2 875 1824 
engine 2 806 12134 
petri 12 657 658 670 671 672 1366 1367 1498 898 1091 934 935 
e-procurement 3 3650 3648 3649 
observational 1 826 
universality 2 710 711 
unnecessary 1 805 
number 2 693 984 
effects 1 738 
causal 2 911 912 
universe 1 906 
blocking 2 887 888 
hoare-logic 2 993 994 
automata 10 594 595 596 615 7345 7346 7347 649 775 984 
letters 2 703 736 
d-charts 2 658 1365 
introduction 1 551 
one-counter 1 936 
dual-hop 5 813 815 844 845 846 
optimum 2 576 614 
knowledge-based 2 16183 3650 
handling 2 875 1824 
theoretic 4 573 574 575 640 
execution 3 567 568 569 
measuring 2 16183 3650 
naive 1 737 
faster 3 626 1820 1821 
programming 20 627 1493 710 711 734 735 766 770 794 13510 13511 1328 1327 882 1632 1633 1634 842 843 974 
locations 1 805 
loop 2 933 1117 
write 2 561 562 
map 3 558 559 560 
domain 5 14763 16183 3650 911 912 
current 5 3650 3648 3649 12453 12454 
checking 5 561 562 716 991 992 
clustering 2 876 877 
clouds 4 781 12597 12598 12599 
linear 1 889 
jumps 1 738 
integer 2 872 1405 
web 5 14763 16183 3650 871 18543 
silberschatz 2 871 872 
accepting 2 885 886 
well-structured 3 1189 1689 1690 
solving 5 694 695 967 968 969 
independent 1 618 
formula-trees 1 782 
additivity 2 871 872 
one-tape 3 627 1705 1706 
construct 1 690 
es 1 854 
comments 1 974 
bound 3 641 642 847 
methods 2 936 975 
expression 2 685 686 
communicating 4 717 718 721 722 
versus 2 851 1542 
thrifty 3 567 568 569 
asian 2 971 972 
deal 2 740 1672 
future 5 3650 3648 3649 12453 12454 
rewriting 4 551 790 851 1542 
german 1 910 
environments 4 603 1385 1386 1387 
equations 3 558 559 560 
abelian 2 703 704 
mergesort 2 1354 1771 
detection 3 794 795 796 
recursive 7 724 785 851 916 917 978 979 
receptive 1 981 
containing 2 955 956 
educational 4 9502 14348 14349 14350 
phase 2 555 737 
internet 1 597 
mobile 2 694 695 
enforcement 1 566 
acceptable 2 734 735 
non-determinancy 1 683 
set 4 658 1365 934 935 
consensus 3 825 826 827 
correction 4 655 656 871 872 
mellin 2 1354 1771 
fixpoint 2 905 1447 
ranking-function 1 627 
analytic 4 597 1354 1838 1839 
ramsey 2 936 937 
style 3 794 13510 13511 
multiplication 2 786 787 
mes 1 854 
integration 2 874 875 
project-join 2 872 1477 
types 4 619 1328 1327 898 
voting 3 9502 14707 14708 
grammars 6 684 696 797 809 890 891 
termination 8 627 679 680 883 1110 933 1786 1787 
parallel 18 560 13161 615 7345 7346 7347 642 659 660 661 11546 696 724 751 752 794 13510 13511 
schemas 1 851 
internet-intranet 6 9502 14721 8037 14708 14722 14723 
communication 2 754 755 
trie 1 1354 
memory 5 557 754 1173 1511 771 
methodology 3 9502 13894 13895 
propositional 2 716 803 
tennent 1 975 
approximation 5 626 1820 1821 936 937 
multi-dimensional 3 599 1188 1189 
acceptors 4 899 900 901 902 
cooperative 7 712 813 814 815 844 845 846 
huffman 2 783 784 
approach 16 580 642 1065 1066 1067 738 9502 14721 8037 9503 9504 9505 14708 14722 14723 772 
arrays 8 558 559 560 899 1018 1019 1020 970 
turing 4 627 1705 1706 977 
multiset 3 794 13510 13511 
valuedness 1 816 
np 2 876 877 
ches 1 869 
processeurs 1 869 
oacute 1 597 
concurrency 2 956 19401 
worte 2 879 880 
approximate 2 887 888 
synthesis 5 599 1188 1189 810 811 
central 1 970 
fan-out 2 597 1196 
limit 2 597 1196 
programs 17 556 560 13161 618 719 724 772 773 904 883 1110 911 912 933 1117 1786 1787 
structure 6 556 673 674 852 853 903 
services 9 14434 9502 14721 8037 14357 14762 14763 14359 14358 
suitable 5 9502 14357 14359 14447 14448 
theorem 6 614 675 899 1018 1019 1020 
optimitic 2 956 19401 
programm 1 821 
channels 6 837 838 839 840 841 933 
donn 1 854 
geometry 5 622 623 624 625 626 
interactaive 3 806 807 808 
priorities 2 8037 8038 
polytime 2 991 992 
bounded 6 626 765 1268 1366 1367 1498 
alphabet 1 936 
reporting 2 16183 3650 
parametres 1 930 
measures 3 557 657 658 
delay 3 813 814 815 
region 2 626 765 
different 1 785 
series 1 696 
hardware 2 944 945 
b-tree 1 557 
development 4 615 7345 7346 7347 
lr 8 580 797 828 1348 1328 890 891 946 
merge 2 926 927 
constraint 2 626 1497 
fairness 2 740 1672 
backtracking 3 890 891 1441 
algorithm 16 615 616 626 1820 1821 655 656 658 1365 786 787 809 936 937 971 972 
hashing 1 1354 
equivalence 3 651 978 979 
internal 1 597 
null 2 871 872 
lya 1 597 
files 1 930 
sessions 2 871 18543 
spatial 2 673 674 
heaps 2 615 616 
sequences 2 934 935 
developments 1 926 
expressive 2 690 17449 
machines 9 627 1705 1706 641 642 721 722 860 861 
inflectional 1 910 
nodes 2 597 1196 
hoare 1 618 
design 8 560 13161 3650 770 772 773 904 975 
polynomial 2 694 695 
integrity 3 566 875 1824 
reliability 4 781 1273 1274 1275 
slr 1 985 
study 4 767 14432 14433 14434 
computing 9 658 1365 683 767 14432 14433 14434 828 829 
reprise 1 854 
self-stabilization 5 754 1358 1173 1366 1367 
procedures 5 830 978 979 993 994 
variations 4 597 1354 1838 1839 
knapsack 2 641 642 
program-substitution 1 960 
looks 2 960 961 
partition 2 934 935 
level 1 766 
korth 2 871 872 
homogenes 1 869 
syst 1 854 
faulty 1 719 
sets 3 875 1824 889 
transducers 3 679 680 816 
sla 4 9502 9503 9504 9505 
parallelism 3 928 929 975 
dijkstra 3 864 865 866 
challenges 7 14763 16183 3650 3648 3649 12453 12454 
spelling 2 655 656 
exponential 2 887 888 
subexponential-time 2 971 972 
rearrangement 3 890 891 1441 
machine 7 730 788 789 794 13510 13511 977 
expressions 5 594 595 596 658 1365 
le 1 930 
gruppen 2 653 654 
incremental 1 946 
parers 1 946 
context-sensitive 2 851 1542 
alpha-beta 2 626 1497 
uuml 4 649 653 654 715 
theory 6 826 842 843 874 875 981 
way 2 885 886 
strictness 2 916 917 
network 6 555 794 795 796 847 977 
queuing 1 640 
networt 2 668 669 
lineare 1 649 
read 2 561 562 
colored 3 670 671 672 
abstract 2 1328 1327 
eigenschaften 2 879 880 
application 6 767 14432 14433 14434 847 936 
standard 2 944 945 
ii 4 649 653 654 821 
synchronization 3 556 618 830 
resource 3 3650 956 1156 
transition 6 666 667 740 1672 934 935 
list 3 643 644 767 
randomization 2 754 1358 
ip 4 9502 14357 14359 14358 
human 1 3650 
worse 1 985 
contraction 6 725 728 1458 1459 751 752 
transductions 1 949 
administrators 6 9502 13894 13895 14374 14375 14376 
lsm-tree 4 903 1072 1073 1074 
merging 5 615 616 771 822 823 
necessary 2 710 711 
local 7 9502 14721 8037 14707 14708 14722 14723 
cps-calculus 1 826 
intelligent 3 806 807 808 
qos 7 9502 9503 9504 9505 3648 12453 12454 
refinement 2 852 853 
characterization 2 696 720 
minimal 2 783 784 
time-sharing 3 806 807 808 
optimal 9 614 626 1497 661 11546 822 823 926 927 
passes 1 720 
phenomenon 2 1173 1172 
schema 2 874 875 
reachability 2 717 718 
slack 3 955 956 957 
transducer 1 816 
mod 2 703 736 
induction 1 905 
constraints 5 566 725 728 1458 1459 
high-performance 1 903 
available 2 658 1365 
content 4 9502 14348 14349 14350 
glitch 2 1173 1172 
counterexamples 1 566 
metric 1 588 
steiner 3 626 1820 1821 
load 1 712 
split 2 626 1347 
recommendations 6 9502 13894 13895 14374 14375 14376 
silent 3 754 1173 1511 
trends 3 3650 3648 3649 
common 1 767 
simple 7 560 13161 606 607 683 905 1447 
bucket 4 597 1354 1838 1839 
data 12 619 659 660 661 673 674 766 1328 1327 852 853 884 
vs 2 956 19401 
digital 3 597 952 953 
axiomatic 2 738 830 
critical 1 974 
numbers 3 584 936 937 
loop-free 2 872 1405 
gotos 2 861 1457 
admissibility 4 670 671 672 960 
hard 2 876 877 
avoidable 2 703 704 
direct 1 970 
compiling 3 719 916 917 
exponentielles 1 930 
semantic-based 3 3648 12453 12454 
selection 9 597 1354 1838 1839 813 815 844 845 846 
top-down 1 576 
modeling 4 781 12597 12598 12599 
string 2 626 1057 
zufallsfolgen 2 977 1803 
runs 1 771 
multihead 1 984 
variable 1 614 
optical 5 9502 14357 14359 14447 14448 
queue 3 573 574 575 
replaceability 1 651 
portable 1 770 
yo-yo 1 809 
lemmas 5 899 1018 1020 1601 1602 
selecting 3 9502 13894 13895 
finite 7 649 721 722 775 816 977 984 
k-dimensional 2 643 644 
t_ 1 847 
assertions 1 724 
conservative 1 999 
tms 5 899 1018 1020 1601 1602 
ordering 1 905 
deductive 1 613 
cellular 4 615 7345 7346 7347 
networks 21 754 755 9502 8037 14357 14359 14348 14349 14350 14358 14447 14448 8038 813 814 815 837 838 839 840 841 
index 2 997 998 
hitting 1 737 
maintenance 2 788 789 
labels 2 690 17449 
transitive 4 606 607 828 829 
relation 4 828 829 860 861 
alternative 2 579 580 
logic 14 588 618 666 667 740 1130 1672 803 883 1110 933 960 991 992 
size 1 597 
input 2 570 571 
generated 1 713 
service-oriented 4 767 14432 14433 14434 
attente 1 930 
result 1 847 
model 27 557 870 560 13161 655 656 668 669 690 18242 716 9502 8037 14357 14359 14447 14448 8038 3650 16916 16917 798 799 800 801 991 992 
acirc 1 869 
parallel-operating 2 806 12134 
interconnection 4 751 752 8037 8038 
nets 12 657 658 670 671 672 1366 1367 1498 898 1091 934 935 
longest 3 864 865 866 
denotational 1 975 
incomplete 2 871 872 
weighted 1 681 
complete 6 627 1705 1706 803 993 994 
allocation 2 780 781 
modes 1 785 
b-trees 2 557 870 
ancestor 1 767 
affine 3 558 559 560 
functions 6 651 772 773 774 785 977 
behaviours 2 695 1826 
web-based 8 14434 9502 14721 8037 14357 14762 14763 14359 
principles 1 975 
dans 2 854 930 
vorgeschriebener 2 653 654 
markov 3 737 871 18543 
recovery 2 579 580 
multi-tilde-bar 3 594 595 596 
infinite 1 898 
temporal 7 588 740 1672 875 1824 956 19401 
directed 2 754 755 
service 8 555 767 14432 14433 14434 9502 14707 14708 
operations 4 561 562 584 613 
relay 5 813 815 844 845 846 
mu-calculus 1 716 
np-complete 3 694 695 884 
temps 1 930 
maintaining 3 767 956 19401 
open 13 14434 9502 14721 8037 14357 14762 14763 14359 13894 13895 14374 14375 14376 
cover 2 936 937 
approximations 6 573 574 575 606 607 640 
behaviors 2 934 935 
initial 1 731 
processor 1 555 
testable 1 973 
information 6 573 574 575 640 916 917 
problems 8 725 728 1458 1459 876 877 884 936 
arq 6 813 814 815 844 845 846 
exclusion 1 1172 
pi-calculus 1 933 
art 3 14763 16183 3650 
monotone 2 651 847 
ary 1 597 
strategic 1 3650 
flows 1 999 
trees 18 557 576 584 597 952 953 1196 614 626 765 1268 1347 1497 681 720 783 784 931 
computation 2 991 992 
david 1 905 
language 12 766 770 1328 1327 882 1632 1633 1634 974 975 993 994 
fault-tolerant 2 780 781 
der 5 653 654 715 879 880 
des 1 930 
asymptotics 3 1354 1771 737 
jumping 2 860 861 
query 2 679 680 
merge-tree 4 903 1072 1073 1074 
identity 1 713 
vlsi-multiplier 1 973 
union 3 14763 16183 3650 
length 1 597 
modal 2 898 1091 
deterministic 12 643 644 684 772 773 904 899 900 901 902 936 984 
specialization 2 855 856 
algebra 2 898 1091 
edge 4 725 728 1458 1459 
multidimensional 2 626 765 
monadic 1 851 
shared-memory 1 975 
mathematical 1 905 
translational 5 899 1018 1020 1601 1602 
restricted 2 597 1196 
mit 2 653 654 
atomicity 2 561 562 
access 3 641 642 903 
research 1 926 
transforms 2 1354 1771 
mutual 3 694 695 1172 
industrial 1 926 
balancing 1 712 
proprietary 3 9502 13894 13895 
relational 10 566 690 18242 766 772 773 904 871 872 1477 
cloud 3 3648 12453 12454 
based 3 874 875 975 
fine-grained 2 1172 892 
users 5 837 838 839 840 841 
functional 5 613 734 735 871 872 
finitely 1 713 
tools 3 558 559 560 
dedicated 2 955 956 
lba-problem 1 936 
integrative 3 3650 16916 16917 
power 3 690 17449 696 
transformer 1 830 
data-flow 1 892 
unification 1 675 
repair 1 566 
linked 1 767 
alternating 5 899 1018 1020 1601 1602 
systems 43 558 559 560 598 599 600 601 602 603 604 605 1385 1386 1387 640 659 660 661 694 695 734 735 739 740 741 1672 3650 3648 12453 12454 780 781 1273 1274 1275 804 887 888 955 956 983 997 998 
maschinen 1 715 
algol 3 944 945 975 
thrown 1 905 
class 7 721 722 8037 8038 809 855 856 
symbolic 1 804 
modelling 1 990 
properties 4 584 740 1672 851 
meta-theory 1 790 
throughput 5 837 838 839 840 841 
programme 3 14763 16183 3650 
environment 9 9502 14721 8037 14708 14722 14723 806 807 808 
program 4 720 882 881 883 
word 2 703 736 
management 10 9502 14763 9503 9504 9505 16183 3650 3648 12453 12454 
passing 1 785 
efficient 20 561 562 603 1385 1386 1387 673 674 737 14434 9502 14721 8037 14357 14762 14763 14359 828 1348 1328 
precedence 2 766 985 
teleteaching 4 9502 14357 14359 14358 
analytical 2 8037 8038 
multilevel 2 690 18242 
routines 2 890 891 
atm 4 9502 14357 14359 14358 
graph 5 725 726 727 728 847 
parameter 2 785 851 
von 5 653 654 715 879 880 
order 1 767 
interactive 2 842 843 
ayant 1 930 
vector 2 997 998 
atp 3 739 740 741 
rule 1 830 
die 1 715 
parsing 4 809 890 891 915 
entre 1 869 
operators 1 790 
graphics 3 806 807 808 
unrestricted 1 906 
extendible 1 1354 
worst-case 2 626 765 
terminals 3 806 807 808 
error 4 642 1065 1066 1067 
matter 2 627 1493 
proving 3 675 978 979 
strategy 3 599 1188 1189 
processors 2 955 956 
nearest 1 767 
rules 11 1328 1327 882 1632 1633 1634 861 1457 960 978 979 
technologies 3 3650 3648 3649 
specification 5 740 1130 1328 1327 898 
