<Keyword> <No of vertices> <vertex1> <vertex2> .... <vertexN> 
total 1 5892 
tomography 6 5843 5844 5845 5846 5847 5848 
auction 5 5536 5537 5538 5539 5754 
alliance 2 5398 5399 
robots 3 5296 5297 5298 
using 40 5300 5301 5302 5303 5306 5307 6425 6426 5350 5351 5352 5391 5395 5420 5480 5481 5482 5569 5570 5582 5583 5584 5585 5665 5666 5667 5668 5669 5670 5697 5698 5849 5850 6203 5872 5873 5874 5877 5878 5879 
communities 4 5544 6857 15689 16674 
dispatching 3 5665 5666 5667 
store 3 5627 5628 5629 
workflows 1 5789 
parts 3 5849 5850 6203 
managing 7 5309 5310 5365 5366 5367 5763 6447 
sectts 4 5587 5588 5589 5590 
warehouse 5 5536 5537 5538 5539 5540 
cscwd 1 5414 
seamless 3 5445 5446 5447 
networked 7 5445 5446 5447 5591 5592 5593 5675 
time 4 5412 6286 6287 6288 
semantics 3 5605 5606 5607 
principal 2 5269 18277 
search 6 5830 5831 5832 5889 5890 5891 
e-commerce 4 5623 5624 5625 5626 
features 7 5723 5724 5725 5726 5849 5850 6203 
role 2 5672 5763 
sorting 4 5300 5301 5302 5303 
sustainability 3 5800 5801 5802 
information-theoretical 2 5666 11348 
government 1 5391 
product-service 4 5541 5542 5543 5544 
encapsulations 6 5843 5844 5845 5846 5847 5848 
instant 3 15689 15688 15690 
objects 1 5269 
generation 2 5511 5512 
clamping 1 5395 
quantifying 4 5400 5401 5402 5403 
microfluidic 6 5843 5844 5845 5846 5847 5848 
organisational 2 5613 17340 
entrepreneurs 3 15689 15688 15690 
monitoring 8 5265 5266 5267 5311 5312 5313 5361 5362 
moving 3 5877 5878 5879 
creative 3 5545 5547 6195 
engine 7 5305 5306 5307 5308 5889 5890 5891 
optimization 8 5395 5536 5537 5538 5539 5540 5727 5728 
effects 7 5330 14503 14504 5544 6857 15689 16674 
gis 4 5441 5442 5443 5444 
customisable 2 5497 5498 
projects 2 5414 5415 
salient 1 5269 
quality 12 5313 6201 6202 5400 5401 5402 5403 5678 5679 5680 5875 5876 
lines 4 5697 5698 5727 5728 
big 2 5742 13543 
artificial 3 5627 5628 5629 
robotic 2 5849 5850 
discovery 3 5448 5449 5450 
acquisitions 1 16057 
qfd-based 3 5705 5706 5707 
dynamic 6 5269 5664 5697 5698 5831 5991 
mold 3 5764 5765 5766 
knowledge 15 5414 5415 5482 15234 15235 5541 5542 5543 5544 15689 5606 15704 15705 15706 15707 
semiconductor-related 3 5678 5679 5680 
knowledge-based 4 5434 5435 5436 5437 
incorporating 4 5723 5724 5725 5726 
agent-supported 5 5414 5415 5591 5592 5593 
bmi 2 5456 5457 
petroleum 4 5434 5435 5436 5437 
geometric 6 5843 5844 5845 5846 5847 5848 
handling 3 5368 5369 5370 
jxml 3 5877 5878 5879 
aesthetic 4 5723 5724 5725 5726 
programming 3 5296 5297 5298 
object-oriented 4 5682 5683 5834 5835 
recognize 3 5849 5850 6203 
computed 6 5843 5844 5845 5846 5847 5848 
domain 5 5313 6201 6202 5767 5768 
amhs 3 5665 5666 5667 
cpu-gpu 5 6859 9827 9828 9829 9830 
logistics 4 5699 5700 5701 5702 
checking 3 5477 5478 5479 
ahp 3 5627 5628 5629 
adoption 3 15689 15688 15690 
firm 6 5328 5329 5330 5482 15234 15509 
organizations 6 5448 5449 5450 5877 5878 5879 
taiwan 7 15234 15822 6244 16057 5678 5679 5680 
choices 2 5684 5685 
company-driven 3 5328 5329 5330 
web 4 5668 5669 5670 5892 
electronic 5 5265 5266 5267 15234 16057 
solving 4 5306 5307 6425 6426 
independent 3 5445 5446 5447 
new 6 5411 5412 5413 5545 5546 5547 
multiple-generation 2 5697 5698 
demand-driven 4 5672 15421 15422 15423 
informal 5 5386 7970 7971 7972 7973 
successful 5 5262 5263 5264 17070 17071 
public 6 5386 5387 5388 5389 5390 5391 
omas 1 5414 
configuration 2 5456 5457 
methods 7 5736 5737 5738 5739 5740 5763 6447 
resources 2 5398 5399 
body 7 5456 5457 5865 5866 5867 5868 5869 
machined 3 5849 5850 6203 
holonic 2 5654 5655 
data-collection 1 5708 
designing 2 5372 5373 
change 3 5717 5718 5719 
tool 10 5426 5427 5428 5511 5512 5745 5746 5747 5748 5749 
distributed 8 5309 5310 5620 5621 5622 5717 5718 5719 
architecture 1 5568 
exploring 7 5544 6857 15689 16674 5545 5546 5547 
software 8 5309 5310 5568 5767 5768 5800 5801 5802 
component 3 5568 5684 5685 
client-oriented 4 5441 5442 5443 5444 
algorithms-based 2 5684 5685 
heuristics 4 5306 5307 6425 6426 
technological 4 5482 15234 15509 16057 
composition 2 5654 5655 
competitiveness 5 5536 5537 5538 5539 5754 
bank 1 5420 
perspective 4 5482 15234 15235 15689 
cement 2 5314 5315 
ant 3 5830 5831 5832 
compositions 3 5591 5592 5593 
motion 2 5269 5664 
iec 2 5796 5797 
dc 2 5525 5526 
processes 21 5392 5393 5394 5422 5423 5424 5425 5441 5442 5443 5444 5497 5498 5580 5581 5630 5631 5632 5633 5654 5655 
location-based 3 5330 14503 14504 
editing 2 5497 5498 
wheels 2 5569 5570 
automatic 5 5406 5407 5408 5409 5410 
environments 17 5309 5310 5426 5427 5428 5516 5517 5518 5736 5737 5738 5739 5740 5831 5991 5859 5860 
ontology 8 5623 5624 5625 5626 5699 5700 5701 5702 
measurement 3 5480 5481 5482 
lean 10 5262 17070 17071 5416 5417 5418 5419 5613 16485 5763 
sign 4 5463 5464 5465 5466 
factors 6 5262 5263 5264 5620 5621 5622 
better 2 5783 5784 
determining 1 5278 
active 10 5451 5452 5453 5454 5558 5559 5861 5862 5863 5864 
factory 2 5549 5550 
day 5 5536 5537 5538 5539 5754 
fast 3 5872 5873 5874 
internet 2 5849 5850 
diagnostics 3 5311 5312 5313 
amp 7 5414 5415 15689 5587 5588 5589 5590 
heterogeneous 5 5605 5606 5607 5887 5888 
mobile 6 6857 6858 6859 5546 14085 5708 
raw 1 5556 
indicator 1 5391 
barge 3 5411 5413 6399 
oem 2 5491 5492 
connect 2 5613 17340 
choreography 3 5605 5606 5607 
evidence 5 5328 5329 5330 5613 16485 
gdp 1 5391 
understanding 7 6244 6243 6245 6246 6857 6858 6859 
intangible 2 5763 6447 
frequency 2 5558 5559 
analysis 38 5253 5254 5255 5256 5269 18277 5287 5288 5406 5407 5408 5409 5410 5412 6286 6287 6288 5482 15234 15509 5516 5517 5518 5536 5537 5538 5539 5540 5545 5546 5547 5736 5737 5738 5739 5740 5834 5835 
simulation 28 5253 5254 5255 5256 5334 5335 5336 5337 5338 5339 5340 5341 5342 5343 5344 5477 5478 5479 5486 5487 5488 5489 5490 5536 5537 5538 5539 5754 
business 13 5278 5322 5323 5544 6857 15689 16674 5605 5606 5607 5767 5768 5892 
quality-management 4 5769 5770 5771 5772 
negation 4 5306 5307 6425 6426 
triz 4 5306 5307 6425 6426 
sequential 2 5569 5570 
findings 3 5262 5263 5264 
integration 15 5300 5301 5302 5303 5441 5442 5443 5444 5605 5606 5607 5627 5628 5629 5892 
fuzzy 8 5398 5399 5482 15234 15509 5627 5628 5629 
actor-network 1 15689 
activity 6 5328 5329 5330 5374 5375 5376 
grai 3 5374 5375 5376 
requirement 4 5630 5631 5632 5633 
lessons 2 5414 5415 
communication 3 6857 6858 6859 
ahead 5 5536 5537 5538 5539 5754 
injection 3 5764 5765 5766 
semantic 10 5386 5387 5388 5389 5390 5767 5768 5877 5878 5879 
laboratory 2 5525 5526 
ar 3 5426 5427 5428 
interacting 3 5849 5850 6203 
transformation 3 5374 5375 5376 
stages 3 5426 5427 5428 
methodology 3 5511 5715 5716 
mission 5 5386 5387 5388 5389 5390 
outsourcing 1 5535 
approximation 2 5569 5570 
arrival 2 5875 5876 
approach 44 5269 18277 5365 5366 5367 5372 5373 5480 5481 5482 6244 6243 6245 6246 5516 5517 5518 5536 5537 5538 5539 5540 5630 5631 5632 5633 5682 5683 5684 5685 5727 5728 5767 5768 5769 5770 5771 5772 5793 5794 5795 5849 5850 6203 
lifespans 2 5652 5653 
assessment 3 5872 5873 5874 
decoupling 1 5672 
pan-tilt-zoom 2 5269 5664 
nonlinear 1 5420 
verify 3 5575 5576 5577 
system-in-use 3 5350 5351 5352 
neural 6 5420 5569 5570 5627 5628 5629 
nash 5 5536 5537 5538 5539 5754 
reentrant 2 5727 5728 
belgian 4 5412 6286 6287 6288 
sensor 2 5546 14085 
layered 3 5516 5517 5518 
operation 5 5340 5341 5342 5343 5344 
bilinear 2 5666 11348 
transforming 3 5374 5375 5376 
convenience 3 5627 5628 5629 
social 4 5544 6857 15689 16674 
portals 2 5414 5415 
report 4 5723 5724 5725 5726 
oriented 8 5630 5631 5632 5633 5777 5778 5779 5780 
minimizing 2 5314 5315 
mechanical 3 5545 5546 5547 
activities 6 5652 5653 5699 5700 5701 5702 
synthesis 2 5887 5888 
aided 3 5764 5765 5766 
capability 3 5482 15234 15509 
element 2 5262 17203 
creating 1 5511 
services 1 5892 
transfer 5 5262 17203 5482 15234 15235 
support 31 5334 5335 5336 5337 5338 5339 5361 5362 5411 5412 5413 5627 5628 5629 5660 5661 5705 5706 5707 5741 5742 5743 5777 5778 5779 5780 5800 5801 5802 5859 5860 
medium-sized 2 5361 5362 
predictive 2 5727 5728 
privacy 2 5322 5323 
lathes 5 5745 5746 5747 5748 5749 
establishing 3 5392 5393 5394 
board 2 5834 5835 
flexible 5 5368 5369 5370 5414 5511 
reality 8 5334 5335 5336 5337 5338 5339 5549 5550 
equilibrium 5 5536 5537 5538 5539 5754 
composite 5 5269 18277 5665 5666 5667 
traffic 4 5463 5464 5465 5466 
verification 12 5368 5369 5370 5477 5478 5479 5843 5844 5845 5846 5847 5848 
routes 3 5411 5413 6399 
colony 3 5830 5831 5832 
auto 1 16057 
evaluations 5 5736 5737 5738 5739 5740 
converge 3 5262 17070 17071 
filters 3 5889 5890 5891 
novel 3 5477 5478 5479 
virtual 25 5278 5334 5335 5336 5337 5338 5339 5340 5341 5342 5343 5344 5448 5449 5450 5511 5736 5737 5738 5739 5740 5763 6447 5831 5991 
evaluate 3 15234 16057 16058 
maturity 3 5392 5393 5394 
development 22 5305 5306 5307 5308 5309 5310 5361 5362 16057 5525 5526 5580 5581 5741 5742 5743 5764 5765 5766 5840 5841 5842 
constraint 3 5275 5276 5277 
rail-road 4 5861 5862 5863 5864 
space 2 5666 11348 
addressing 3 5605 5606 5607 
decision 12 5411 5412 5413 5627 5628 5629 5660 5661 5697 5698 5752 5753 
statistical 5 5865 5866 5867 5868 5869 
algorithm 3 5786 5787 5788 
acquisition 1 5556 
repositioning 3 5411 5413 6399 
batches 2 5875 5876 
multi-sensor 2 5715 5716 
clinical 5 5606 15704 15705 15706 15707 
products 4 5392 5393 5394 5556 
construction 8 5441 5442 5443 5444 5541 5542 5543 5544 
identifying 2 5761 5762 
diagrams 6 5374 5375 5376 5575 5576 5577 
agents-based 4 5422 5423 5424 5425 
defining 4 5699 5700 5701 5702 
immune 2 5684 5685 
editorial 3 5612 5613 5614 
cannibalization 2 5697 5698 
robot 3 5265 5266 5267 
ontology-based 5 5606 15704 15705 15706 15707 
unified 4 5729 5730 5731 5732 
product 23 5372 5373 5456 5457 5613 16485 5697 5698 5699 5700 5701 5702 5723 5724 5725 5726 5830 5831 5832 5840 5841 5842 5892 
reasoning 3 5545 5547 6195 
classification 3 5889 5890 5891 
proposal 3 5445 5446 5447 
downstream 4 5434 5435 5436 5437 
method 8 5545 5546 5547 5569 5570 5705 5706 5707 
design 50 5275 5276 5277 5350 5351 5352 5365 5366 5367 5392 5393 5394 5422 5423 5424 5425 5426 5427 5428 5456 5457 5541 5542 5543 5544 5545 5546 5547 6195 5613 17340 5620 5621 5622 5717 5718 5719 5723 5724 5725 5726 5783 5784 5843 5844 5845 5846 5847 5848 5892 
plc 3 5575 5576 5577 
truly 2 5287 5288 
manufacturing 36 5265 5266 5267 5334 5335 5336 5337 5338 5339 5361 5362 5368 5369 5370 5448 5449 5450 5511 5535 5613 16485 17340 5654 5655 5675 5717 5718 5719 5727 5728 5763 5786 5787 5788 5831 5991 
technology 10 5262 17203 5482 15234 15235 16057 5558 5559 5763 5892 
scalability 4 5451 5452 5453 5454 
selective 3 5830 5831 5832 
second 4 5300 5301 5302 5303 
parametric 5 5865 5866 5867 5868 5869 
location 7 5412 6286 6287 6288 5627 5628 5629 
initiatives 3 5445 5446 5447 
recognition 9 5386 7970 7971 7972 7973 5463 5464 5465 5466 
integrity 3 5275 5276 5277 
inventive 4 5306 5307 6425 6426 
reliability 2 5684 5685 
ecosystem 5 5386 7970 7971 7972 7973 
study 32 5262 17070 17071 5313 6201 6202 5480 5481 5482 15234 15822 6244 16057 5536 5537 5538 5539 5540 6857 6858 6859 5613 16485 5678 5679 5680 5715 5716 5769 5770 5771 5772 
studies 3 5262 5263 5264 
fatigue 2 5569 5570 
customer-oriented 2 5456 5457 
disc 2 5569 5570 
prismatic 3 5849 5850 6203 
shipping 3 5411 5413 6399 
prototyped 6 5843 5844 5845 5846 5847 5848 
ind 2 5652 5653 
family 2 5372 5373 
exact 1 5789 
experiment 2 5525 5526 
facebook 3 5328 5329 5330 
plm 8 5253 5254 5255 5256 5777 5778 5779 5780 
value 7 5328 5329 5330 5412 6286 6287 6288 
fusion 2 5715 5716 
official 1 5391 
applications 8 5596 5597 5598 5666 11348 5741 5742 5743 
flexibility 4 5451 5452 5453 5454 
competence 4 5729 5730 5731 5732 
combining 3 5545 5546 5547 
cycle 2 5491 5492 
challenges 2 5613 17340 
frameworks 3 5605 5606 5607 
air-modelling 3 5426 5427 5428 
team 4 5630 5631 5632 5633 
machine 7 5313 6201 6202 5623 5624 5625 5626 
comparison 10 5374 5375 5376 6857 6858 6859 5769 5770 5771 5772 
depth 5 5406 5407 5408 5409 5410 
r-driven 4 5253 5254 5255 5256 
actigrams 3 5374 5375 5376 
manufacture 6 5843 5844 5845 5846 5847 5848 
co-design 3 5705 5706 5707 
emerging 4 5544 6857 15689 16674 
issues 7 5606 15704 15705 15706 15707 5761 5762 
disassembly 3 5830 5831 5832 
rfid-enabled 4 5587 5588 5589 5590 
problem-solution 3 5545 5546 5547 
hybrid 13 6859 9827 9828 9829 9830 5545 5546 5547 5715 5716 5849 5850 6203 
locating 1 5395 
conceptual 9 5350 5351 5352 5365 5366 5367 5678 5679 5680 
webrobot 2 5849 5850 
free-form 4 5723 5724 5725 5726 
mining 4 5668 5669 5670 5789 
kavido 2 5580 5581 
fixture 1 5395 
ease 3 5330 14503 14504 
requirements 3 5793 5794 5795 
network 7 5546 14085 5569 5570 5627 5628 5629 
investment 4 6244 6243 6245 6246 
online 3 5668 5669 5670 
sns 3 5328 5329 5330 
risk 4 5400 5401 5402 5403 
real 5 5340 5341 5342 5343 5344 
selected 3 5800 5801 5802 
partners 2 5660 5661 
layout 3 5786 5787 5788 
path 7 5511 5512 5745 5746 5747 5748 5749 
generator 3 5665 5666 5667 
messaging 3 15689 15688 15690 
partnering 2 5398 5399 
workloads 5 6859 9827 9828 9829 9830 
quantitative 8 5480 5481 5482 5736 5737 5738 5739 5740 
innovation 13 5305 5306 5307 5308 5482 15234 15235 15509 15822 6244 16057 5783 5784 
agenda 3 5411 5412 5413 
application 22 5296 5297 5298 5374 5375 5376 5416 5417 5418 5419 5545 5547 6195 5741 5742 5743 5745 5746 5747 5748 5749 5763 
building 8 5441 5442 5443 5444 5630 5631 5632 5633 
reuse 4 5541 5542 5543 5544 
validation 3 5368 5369 5370 
fabrication 2 5834 5835 
resource 8 5365 5366 5367 5480 5481 5482 5761 5762 
list 2 5796 5797 
problem 8 5306 5307 6425 6426 5861 5862 5863 5864 
rapid 9 5764 5765 5766 5843 5844 5845 5846 5847 5848 
concepts 6 5613 17340 5699 5700 5701 5702 
entertainment 3 6857 6858 6859 
human 5 5865 5866 5867 5868 5869 
balanced 7 5451 5452 5453 5454 5480 5481 5482 
organizational 4 6244 6243 6245 6246 
electrical 3 5516 5517 5518 
identification 2 5558 5559 
implementation 21 5262 5263 5264 17070 17071 5416 5417 5418 5419 5596 5597 5598 5678 5679 5680 5761 5762 5777 5778 5779 5780 
ericsson 4 5672 15421 15422 15423 
alliances 1 16057 
innovations 3 15234 16057 16058 
smart 2 5752 5753 
energy 6 5314 5315 5582 5583 5584 5585 
utilizing 2 5309 5310 
technique 3 5849 5850 6203 
limited 2 5398 5399 
collaborative 25 5322 5323 5434 5435 5436 5437 5445 5446 5447 5477 5478 5479 5491 5492 5497 5498 5580 5581 5654 5655 5675 5717 5718 5719 5720 
flow 4 5253 5254 5255 5256 
optimal 3 5411 5413 6399 
remote-access 2 5525 5526 
customer 1 5672 
production 19 5314 5315 5416 5417 5418 5419 5613 16485 5672 15421 15422 15423 5708 5840 5841 5842 5872 5873 5874 
b-rep 3 5849 5850 6203 
scheme 3 5477 5478 5479 
concurrent 11 5253 5254 5255 5256 5416 5417 5418 5419 5682 5683 5789 
aluminum 2 5569 5570 
feature 6 5269 18277 5463 5464 5465 5466 
wool 4 5300 5301 5302 5303 
supplier 1 5892 
ergonomic 5 5736 5737 5738 5739 5740 
selling 4 5582 5583 5584 5585 
personalised 3 5668 5669 5670 
constraints 2 5569 5570 
contaminant 4 5300 5301 5302 5303 
tooling 3 5764 5765 5766 
mop 4 5623 5624 5625 5626 
impacts 4 5672 15421 15422 15423 
structures 2 5666 11348 
eto 3 5392 5393 5394 
models 16 5451 5452 5453 5454 5575 5576 5577 5652 5653 5697 5698 5789 5849 5850 6203 5892 
mergers 1 16057 
corruption 5 5386 5387 5388 5389 5390 
owl 3 5877 5878 5879 
correlative 3 5545 5546 5547 
face 2 5456 5457 
machinery 10 5541 5542 5543 5544 5613 16485 5623 5624 5625 5626 
complex 2 5414 5415 
image-based 2 5875 5876 
coordination 2 5660 5661 
data 16 5322 5323 5350 5351 5352 5391 5668 5669 5670 5715 5716 5742 13543 5872 5873 5874 
plants 3 5311 5312 5313 
aligning 3 5793 5794 5795 
use 3 5330 14503 14504 
platforms 2 5613 16485 
vs 5 5328 5329 5330 14503 14504 
component-based 2 5372 5373 
dialectical 4 5306 5307 6425 6426 
digital 9 5406 5407 5408 5409 5410 5549 5550 5887 5888 
meta 3 5840 5841 5842 
consortium 3 15689 5660 5661 
critical 6 5262 5263 5264 17203 5761 5762 
upstream 4 5434 5435 5436 5437 
life 4 5491 5492 5613 16485 
sigma 3 5262 17070 17071 
dynamics 4 6244 6243 6245 6246 
syntactic 3 5877 5878 5879 
cnc 5 5745 5746 5747 5748 5749 
motor 2 5525 5526 
assess 2 5875 5876 
best 7 5482 15234 15235 5582 5583 5584 5585 
customization 3 5720 5859 5860 
makespan 3 5872 5873 5874 
compiling 2 5796 5797 
facilitate 4 5623 5624 5625 5626 
non-cloud 2 5742 13543 
learning 8 5313 6201 6202 5386 7970 7971 7972 7973 
interoperability 6 5445 5446 5447 5591 5592 5593 
fault 8 5311 5312 5313 5420 5422 5423 5424 5425 
young 3 15689 15688 15690 
medium 4 5582 5583 5584 5585 
material 4 5253 5254 5255 5256 
selection 10 5398 5399 5463 5464 5465 5466 5764 5765 5766 5892 
fitting 2 5783 5784 
adaptation 3 5545 5546 5547 
enterprises 8 5361 5362 5591 5592 5593 5800 5801 5802 
picking 5 5486 5487 5488 5489 5490 
uecml 4 5729 5730 5731 5732 
genetic-programming-based 3 5665 5666 5667 
facial 2 5456 5457 
modeling 18 5253 5254 5255 5256 5269 5664 5287 5288 5456 5457 5591 5592 5593 5865 5866 5867 5868 5869 
practice 3 5482 15234 15235 
printed 2 5834 5835 
high-tech 3 5482 15234 15235 
variable 5 5697 5698 5786 5787 5788 
domain-specific 3 5889 5890 5891 
crankshaft 4 5305 5306 5307 5308 
x-machine 3 5575 5576 5577 
pss 3 5350 5351 5352 
multi-layer 3 5830 5831 5832 
scorecard 3 5480 5481 5482 
selecting 3 5627 5628 5629 
ssm 3 5368 5369 5370 
procurement 6 5386 5387 5388 5389 5390 5391 
inspection 4 5265 5266 5267 5556 
computer-aided 4 5305 5306 5307 5308 
organisations 2 5497 5498 
adaptative 3 5545 5546 5547 
removal 4 5300 5301 5302 5303 
values 3 5545 5546 5547 
sales-delivery 3 5392 5393 5394 
association-based 4 5451 5452 5453 5454 
benchmarking 3 5705 5706 5707 
comply 2 5796 5797 
electricity 5 5536 5537 5538 5539 5754 
instance 4 5463 5464 5465 5466 
demand 3 5786 5787 5788 
china 5 5262 17203 15689 15688 15690 
cellular 3 5786 5787 5788 
networks 7 5434 5435 5436 5437 5445 5446 5447 
enabled 2 5831 5991 
control 8 5451 5452 5453 5454 5525 5526 5727 5728 
text 3 5889 5890 5891 
vessel 3 5411 5413 6399 
localization 2 5558 5559 
hydropower 3 5311 5312 5313 
condition 3 5311 5312 5313 
intrafirm 3 5482 15234 15235 
maintenance 3 5741 5742 5743 
mock-up 2 5887 5888 
alternative 1 5391 
verifiable 2 5666 11348 
xml 3 5596 5597 5598 
youth 4 5544 6857 15689 16674 
preliminary 2 5875 5876 
storing 4 5582 5583 5584 5585 
extraction 1 5269 
workflow 2 5652 5653 
shapes 5 5865 5866 5867 5868 5869 
size 3 5411 5413 6399 
assets 2 5763 6447 
inform 3 5350 5351 5352 
product-related 4 5699 5700 5701 5702 
case-based 3 5545 5547 6195 
comparative 7 5328 5329 5330 14503 14504 5715 5716 
shopping 4 5544 6857 15689 16674 
case 21 5262 5263 5264 17070 17071 5445 5446 5447 5536 5537 5538 5539 5540 5613 16485 5697 5698 5769 5770 5771 5772 
empirical 7 15234 15822 6244 16057 5678 5679 5680 
early 3 5426 5427 5428 
simulated 3 5786 5787 5788 
model 51 5368 5369 5370 5374 5375 5376 5392 5393 5394 5400 5401 5402 5403 5412 6286 6287 6288 5477 5478 5479 5486 5487 5488 5489 5490 5511 5512 5536 5537 5538 5539 5754 5544 6857 15689 16674 5596 5597 5598 5717 5718 5719 5727 5728 5742 13543 5834 5835 5840 5841 5842 
weight 2 5569 5570 
estimation 1 5391 
engineering 16 5275 5276 5277 5434 5435 5436 5437 5545 5547 6195 5682 5683 5723 5724 5725 5726 
peer-to-peer 3 5448 5449 5450 
setting 1 5720 
journal 1 5391 
cad 5 5849 5850 6203 5887 5888 
weighted 3 5545 5546 5547 
acquiring 2 5414 5415 
facility 3 5786 5787 5788 
exploratory 3 5262 5263 5264 
performance 9 5480 5481 5482 6244 6243 6245 6246 5558 5559 
allocation 4 5861 5862 5863 5864 
real-time 7 5727 5728 5736 5737 5738 5739 5740 
ecosystem-inspired 1 5675 
supply 13 5398 5399 5568 5587 5588 5589 5590 5660 5661 5672 15421 15422 15423 
instruction 2 5796 5797 
introducing 8 5575 5576 5577 5736 5737 5738 5739 5740 
machining 6 5395 5745 5746 5747 5748 5749 
multiple 4 5613 16485 5684 5685 
interactions 3 5591 5592 5593 
ladder 5 5575 5576 5577 5796 5797 
cbr 3 5545 5546 5547 
trace 4 5587 5588 5589 5590 
camera 2 5269 5664 
gesture-based 3 5426 5427 5428 
track 4 5587 5588 5589 5590 
extended 3 5374 5375 5376 
erratum 2 5652 5653 
web-based 4 5580 5581 5831 5991 
suppliers 2 5491 5492 
defects 2 5511 5512 
piloted 4 5769 5770 5771 5772 
units 4 5672 15421 15422 15423 
discovering 2 5652 5653 
effect 3 5328 5329 5330 
supporting 3 5497 5498 5720 
genetic 4 5296 5297 5298 5395 
learned 2 5414 5415 
smes 4 5705 5706 5707 5708 
service 15 5448 5449 5450 15234 16057 16058 6857 6858 6859 5591 5592 5593 5678 5679 5680 
circuit 2 5834 5835 
usage 6 6857 6858 6859 5668 5669 5670 
harvest 2 5875 5876 
operations 3 5717 5718 5719 
high 3 5545 5547 6195 
erp 18 5262 5263 5264 5416 5417 5418 5419 5480 5481 5482 5678 5679 5680 5761 5762 5793 5794 5795 
wearable 2 5456 5457 
electronics 2 5682 5683 
cycles 2 5613 16485 
personalized 2 5456 5457 
aggregate 3 5872 5873 5874 
automated 4 5269 5516 5517 5518 
surface 5 5269 5664 5511 5512 5556 
risks 2 5309 5310 
test 2 5309 5310 
diagnosis 1 5420 
calibration 3 5296 5297 5298 
technical 3 5872 5873 5874 
uml 3 5374 5375 5376 
privatisation 2 5262 17203 
open 1 5391 
anatomy 1 5278 
interbay 3 5665 5666 5667 
sales 3 5668 5669 5670 
multiple-objective 3 5665 5666 5667 
evolutionary 8 5306 5307 6425 6426 5463 5464 5465 5466 
industry 23 5262 5434 5435 5436 5437 5445 5446 5447 5482 15234 15235 16057 16058 5541 5542 5543 5544 5582 5583 5584 5585 5752 5753 
groups 2 5666 11348 
corrigendum 1 5262 
strategies 2 5309 5310 
platform 2 5613 16485 
preventing 5 5386 5387 5388 5389 5390 
information 10 5400 5401 5402 5403 15234 16057 5708 5763 5834 5835 
continuous 5 5736 5737 5738 5739 5740 
problems 5 5684 5685 5786 5787 5788 
compare 2 5742 13543 
interaction 2 5859 5860 
operational 1 5535 
strategic 5 5398 5399 5535 5697 5698 
manufacturability 5 5764 5765 5766 5834 5835 
solid 3 5426 5427 5428 
biometry 5 5406 5407 5408 5409 5410 
planning 20 5340 5341 5342 5343 5344 5480 5481 5482 5699 5700 5701 5702 5761 5762 5830 5831 5832 5991 5849 5850 
container 3 5411 5413 6399 
computation 5 5745 5746 5747 5748 5749 
language 4 5729 5730 5731 5732 
approaches 8 5769 5770 5771 5772 5861 5862 5863 5864 
estimators 1 5420 
position 1 5395 
collaboration 3 5591 5592 5593 
ship 3 5313 6201 6202 
assembly 10 5269 5340 5341 5342 5343 5344 5849 5850 5887 5888 
secure 6 5587 5588 5589 5590 5666 11348 
advertised 1 5391 
mapping 5 5340 5341 5342 5343 5344 
effective 3 5545 5546 5547 
costs 5 5314 5315 5741 5742 5743 
mode 8 5368 5369 5370 6859 9827 9828 9829 9830 
computers 1 5262 
multiattribute 3 5482 15234 15509 
telecommunications 1 15689 
customer-company 2 5859 5860 
transport 7 5411 5412 5413 6399 6286 6287 6288 
augmented 6 5334 5335 5336 5337 5338 5339 
options 3 15234 16057 16058 
algebra 5 5486 5487 5488 5489 5490 
observation 2 5546 14085 
applying 3 15234 16057 16058 
automation 3 5392 5393 5394 
characteristics 4 5544 6857 15689 16674 
renewable 4 5582 5583 5584 5585 
intermodal 7 5411 5412 5413 6399 6286 6287 6288 
kernel 2 5269 18277 
access 6 5451 5452 5453 5454 5666 11348 
framework 42 5275 5276 5277 5305 5306 5307 5308 5350 5351 5352 5398 5399 5445 5446 5447 5448 5449 5450 5535 5541 5542 5543 5544 6859 9827 9828 9829 9830 5675 5767 5768 5777 5778 5779 5780 5859 5860 5865 5866 5867 5868 5869 
research 8 5411 5412 5413 5545 5547 6195 5580 5581 
mix 4 5582 5583 5584 5585 
process 33 5262 17203 5340 5341 5342 5343 5344 5416 5417 5418 5419 15234 16057 5486 5487 5488 5489 5490 5596 5597 5598 5623 5624 5625 5626 5764 5765 5766 5777 5778 5779 5780 5892 
industry-specific 3 5445 5446 5447 
point 1 5672 
integrated 10 5287 5288 5536 5537 5538 5539 5540 5830 5831 5832 
discrete 6 5334 5335 5336 5337 5338 5339 
industrial 18 5269 5296 5297 5298 5422 5423 5424 5425 5613 16485 5623 5624 5625 5626 5630 5631 5632 5633 
erp-based 4 5416 5417 5418 5419 
chain 11 5398 5399 5412 6286 6287 6288 5568 5672 15421 15422 15423 
relational 3 5545 5546 5547 
radio 2 5558 5559 
cloud 7 5386 7970 7971 7972 7973 5742 13543 
fpga-based 5 5745 5746 5747 5748 5749 
based 39 5265 5266 5267 5306 5307 6425 6426 5400 5401 5402 5403 5406 5407 5408 5409 5410 5456 5457 5486 5487 5488 5489 5490 5536 5537 5538 5539 5754 5558 5559 5793 5794 5795 5849 5850 6203 5889 5890 5891 
annealing 3 5786 5787 5788 
italian 3 5800 5801 5802 
structural 2 5372 5373 
remote 2 5361 5362 
on-line 3 5265 5266 5267 
shoe-last 2 5783 5784 
impact 6 5400 5401 5402 5403 5613 16485 
mass 2 5859 5860 
scheduling 8 6859 9827 9828 9829 9830 5665 5666 5667 
automotive 6 15234 16057 16058 5516 5517 5518 
tools 8 5374 5375 5376 5705 5706 5707 5763 6447 
dedicated 3 5368 5369 5370 
data-dependent 2 5269 18277 
reduction 2 5569 5570 
repair 3 5313 6201 6202 
algorithms 5 5306 5307 6425 6426 5395 
reactive 4 5861 5862 5863 5864 
shoe 7 5745 5746 5747 5748 5749 5783 5784 
winery 2 5875 5876 
systems 36 5278 5309 5310 5368 5369 5370 5420 5422 5423 5424 5425 5441 5442 5443 5444 5541 5542 5543 5544 5606 15704 15705 15706 15707 5613 16485 5654 5655 5660 5661 5675 5767 5768 5786 5787 5788 
work 2 5497 5498 
example-based 5 5865 5866 5867 5868 5869 
global 1 16057 
enterprise 23 5278 5287 5288 5309 5310 5480 5481 5482 5596 5597 5598 5675 5729 5730 5731 5732 5761 5762 5763 6447 5793 5794 5795 
modelling 8 5426 5427 5428 5675 5729 5730 5731 5732 
properties 3 5477 5478 5479 
consumer-driven 3 5328 5329 5330 
producing 4 5582 5583 5584 5585 
cognitive 7 5546 14085 5620 5621 5622 5752 5753 
environment 11 5287 5288 5414 5445 5446 5447 5546 14085 5717 5718 5719 
market 9 6244 6243 6245 6246 5536 5537 5538 5539 5754 
importance 4 5412 6286 6287 6288 
representation 8 5606 15704 15705 15706 15707 5830 5831 5832 
company 3 5262 17070 17071 
comput 2 5652 5653 
diagram 2 5796 5797 
management 33 5275 5276 5277 5313 6201 6202 5414 5415 5422 5423 5424 5425 5482 15234 15235 16057 5491 5492 5541 5542 5543 5544 15689 5568 5606 15704 15705 15706 15707 5672 5800 5801 5802 
pi-hub 4 5861 5862 5863 5864 
cyber-control 2 5322 5323 
footwear 3 5445 5446 5447 
redundant 2 5684 5685 
state 5 5697 5698 5840 5841 5842 
object 2 5558 5559 
vpeers 3 5448 5449 5450 
pipe 4 5434 5435 5436 5437 
multiobjective-optimization 4 5769 5770 5771 5772 
evaluation 15 5398 5399 5536 5537 5538 5539 5754 5558 5559 5741 5742 5743 5764 5765 5766 
upper 2 5456 5457 
graph 3 5849 5850 6203 
sharing 4 5414 5415 5666 11348 
order 6 5486 5487 5488 5489 5490 5672 
grape 2 5875 5876 
vector 2 5666 11348 
implications 4 5535 15689 15688 15690 
rule 3 5849 5850 6203 
mean 3 5545 5546 5547 
making 4 5697 5698 5752 5753 
aerospace 3 5262 17070 17071 
object-process 3 5793 5794 5795 
assemblies 2 5682 5683 
erp-driven 3 15234 15822 6244 
terminals 4 5412 6286 6287 6288 
website 4 5544 6857 15689 16674 
vision 5 5265 5266 5267 5549 5550 
chains 4 5587 5588 5589 5590 
evaluating 7 5482 15234 15509 5708 5717 5718 5719 
strategy 4 6244 6243 6245 6246 
tasks 2 5831 5991 
steel 1 5556 
rules 3 5665 5666 5667 
entrepreneurship 4 5544 6857 15689 16674 
hypermedia 3 5741 5742 5743 
technologies 5 5386 5387 5388 5389 5390 
multi-agent 4 5314 5315 5414 5415 
safety 3 5516 5517 5518 
personalization 4 5330 14503 14504 5720 
state-of-the-art 4 5723 5724 5725 5726 
maps 5 5406 5407 5408 5409 5410 
miniload-workstation 5 5486 5487 5488 5489 5490 
applied 3 5313 6201 6202 
industries 3 5678 5679 5680 
context 3 5426 5427 5428 
secret 2 5666 11348 
benefits 3 5741 5742 5743 
reconstruction 3 5269 5664 5556 
user 5 6859 9827 9828 9829 9830 
storage 2 5742 13543 
