<Keyword> <No of vertices> <vertex1> <vertex2> .... <vertexN> 
holding 4 1999 2170 2171 2172 
intra-visual 3 2318 2319 2320 
external 3 2028 3014 3015 
desktop 4 2284 2405 2406 2407 
knowledge-intensive 4 2013 16423 16424 16425 
colour 19 2057 2058 2059 2060 2103 2827 2828 2230 2389 2270 2271 2272 2273 2274 2294 2295 2296 2297 2298 
time 3 2212 2213 2214 
materials 13 2152 2154 2155 2394 2390 2391 2392 2393 2473 2230 2231 2232 2389 
leds 6 2045 2522 2523 2524 2525 2526 
levels 5 2275 2276 2277 2278 2279 
movement 5 2270 2271 2272 2273 2274 
role 2 13820 14512 
steganographic 4 2131 2292 3125 2293 
generation 9 2079 12455 12456 12457 12458 2138 2139 2140 2141 
signifying 5 2312 2313 3263 3317 3318 
video 19 1993 1994 1995 2022 2161 2067 2068 2069 2070 2076 2092 2080 2434 17990 18131 2315 2316 3135 2339 
essential 3 2028 2807 2808 
multipurpose 2 2233 2234 
wide 8 2067 2068 2069 2070 2961 2309 2310 2311 
evolution 6 13820 13918 13947 14325 2233 2234 
sick 3 2028 2807 2808 
viewing 18 2028 2807 2808 2045 2523 2524 2526 3063 2067 2068 2069 2070 2961 2080 2077 2078 2079 2339 
array 10 2204 2205 2206 2207 2208 2224 2225 2226 2227 2228 
steady 4 2044 2045 2046 2047 
dynamic 17 2079 12455 12456 12457 12458 2129 2130 2131 3204 19971 14552 2193 2194 2413 2200 2201 2202 
disabilities 8 2201 2829 2830 2831 2832 2833 2834 2835 
polycrystalline 4 2218 2219 2220 2221 
comparing 4 2262 2263 2264 2265 
dimethoxyacetophenone 4 2157 2158 2159 2160 
preferences 3 2200 2201 2202 
define 4 2080 2077 2078 2079 
cyberspaces 2 14552 14551 
simulator 3 2319 3027 3028 
choices 3 13820 13818 13819 
electronic 4 2044 2045 2046 2047 
standards 2 13820 13946 
compensation 2 2175 2176 
screening 4 2076 2092 2080 3119 
new 20 2057 2058 2059 2060 2080 2077 2078 2079 2245 2246 2247 2248 2249 2250 2251 2252 2253 2278 10071 10072 
red 4 2057 2058 2059 2060 
comfort 11 1994 1995 3127 3128 2028 2845 2846 2076 2092 2080 2434 
tile 1 2145 
profiles 4 2241 2242 2243 2244 
public 9 2080 2336 2337 2338 13820 13818 13819 2233 2234 
tamper 3 2162 2163 2164 
fluorides 9 2245 2246 2247 2248 2249 2250 2251 2252 2253 
linearity 1 2022 
leakage 3 2177 2178 2179 
tool 4 2076 2092 2080 3119 
broadcast 2 17990 18510 
pdp 18 2011 2012 2408 2409 2410 2411 2412 2083 2084 2085 2086 2087 2088 2089 2193 2194 2195 2413 
distributed 2 17990 18906 
lcd 15 2011 2012 2884 2204 2888 2081 2082 2103 2104 2105 2106 2904 2905 2203 3174 
capital 2 14262 14282 
usability 2 2203 3174 
retrospective 1 2317 
compact 3 2045 2525 2809 
medical 6 2284 2285 2286 2287 2288 2289 
description 3 2023 2024 2025 
technological 3 2013 2014 2015 
pda 4 2200 2201 2202 2203 
processing 2 17990 18131 
motion 37 2028 2807 2808 2856 2857 2029 2030 2031 2032 2033 2034 2035 2067 2069 2961 2884 2204 2888 2110 2111 2112 2113 2115 2116 2312 3263 3264 3265 2318 2319 2320 2701 2702 2703 3027 3028 2339 
edge-lit 2 2138 2139 
processes 4 2262 2263 2264 2265 
vital 3 2000 2001 2002 
monitor 3 2212 2213 2214 
dichromatic 5 2294 2295 2296 2297 2298 
display 62 2000 2001 2002 2013 2014 2015 2022 2028 2845 2846 2048 2049 2050 2051 2052 2080 2336 2337 2338 2110 2111 2112 2113 2138 2139 2145 2156 2165 2473 3076 3077 3078 3079 3080 2474 2189 2190 2191 2192 2224 2225 2226 2227 2228 2465 2466 2467 2468 2469 2794 2230 2231 2232 2282 2283 2284 2405 2406 2407 2304 2305 2317 
label 3 3204 19971 14552 
double 4 2218 2219 2221 2558 
submicron-sized 7 2083 2084 2085 2086 2087 2088 2089 
imprecise 3 17990 19744 19745 
factors 6 2030 13820 13918 13919 2203 3174 
determining 3 17990 19589 19590 
hydroxy 4 2157 2158 2159 2160 
pulse 5 2048 2049 2050 2051 2052 
perceived 5 2053 2054 2055 2056 13947 
analysis 5 2013 2014 2015 13820 13946 
complaints 5 2076 2092 2080 3119 2317 
stimuli 5 2028 2807 2808 2230 2389 
simulation 9 2044 2045 2046 2047 2124 2125 2126 2127 2128 
brightness 4 2022 2319 3027 3028 
quantum 6 2326 2327 2328 2329 2330 2331 
non-gaussian 3 2176 19558 19559 
stereoscopic 20 1993 1994 1995 3127 3128 2045 2523 2524 2526 3063 2076 2092 2080 3119 2224 2226 2794 2312 2313 2314 
noticeable 5 2080 2882 2883 2884 2204 
cable 4 13820 13818 13819 14512 
injection 5 2299 2300 2301 2302 2303 
layer 21 2149 2150 2151 2152 2153 2154 2155 2688 2394 2689 2690 2177 2178 2179 2299 2300 2301 2302 2303 2304 2305 
gray 4 2110 2111 2112 2113 
moved 3 2028 2807 2808 
expected 3 17990 19589 19590 
source 4 2138 2139 2140 2141 
viologen 2 2230 2232 
icons 2 2203 3174 
attributes 3 2074 2075 2076 
assessment 9 2013 16423 16424 16425 2076 2092 2080 2235 2236 
calcium 3 2146 2147 2148 
inference 3 2176 19558 19559 
thermal 6 2012 2408 2409 2410 2411 2412 
filtering 2 2307 2308 
multiple-secret 5 2162 2163 3192 3193 2844 
substitution 5 2294 2295 2296 2297 2298 
calculation 7 2230 2389 2275 2276 2277 2278 2279 
substrates 6 2165 2166 2218 2219 2220 2221 
improved 8 2150 2151 2152 2155 2688 2394 2689 2690 
provoked 1 2339 
social 2 14262 14282 
visually 8 2028 2856 2857 2318 2319 2320 3027 3028 
graphical 3 2200 2201 2202 
constructing 3 3204 19971 14552 
orientation 4 2200 2201 2202 2203 
transfer 3 2309 2310 2311 
consequences 6 2284 2285 2286 2287 2288 2289 
support 4 13820 13818 13819 14685 
adaptive 9 2884 2204 2888 17990 18510 2193 2194 3120 3121 
searching 5 2270 2271 2272 2273 2274 
equilibrium 4 2067 2068 2069 2070 
distribution 5 2294 2295 2296 2297 2298 
horizontal 1 2156 
disclosure 2 14262 14282 
virtual 4 2284 2405 2406 2407 
television 7 13820 13818 13819 13918 13947 14325 2156 
space 3 2307 19759 19760 
decision 3 3204 19971 14552 
findability 2 2235 2236 
perceptions 2 2081 2082 
cablevision 3 13820 13818 13819 
reassessing 3 13820 13818 13819 
poly-si 5 2124 2125 2126 2127 2128 
products 3 17990 19589 19590 
probabilistic 2 2280 2281 
hole 5 2299 2300 2301 2302 2303 
disparity-based 3 1993 1994 1995 
biosignals 4 2312 3263 3264 3265 
editorial 2 2284 2306 
green 15 2083 2084 2085 2086 2087 2088 2089 2150 2151 2152 2155 2688 2394 2689 2690 
luminance 2 2230 2389 
movie 1 2339 
mura 2 2081 2082 
enhancement 7 1994 1995 3127 3128 2193 2194 2413 
bch 3 2162 2163 2164 
lanthanide 10 2245 2246 2247 2248 2249 2250 2251 2252 2253 3266 
zns 4 2057 2058 2059 2060 
tapered 3 2045 2525 2809 
improvement 9 2048 2049 2050 2051 2052 2266 2267 2268 2269 
bend-testing 6 2165 3204 3205 3206 3207 3208 
method 27 2080 2077 2078 2079 2083 2084 2085 2086 2087 2088 2089 17990 18510 2138 2139 2140 2141 2146 2147 2148 2177 2178 2179 2266 2267 2268 2269 
efficiency 8 2150 2151 2152 2155 2688 2394 2689 2690 
square 4 2189 2190 2191 2192 
telephone 4 13820 13817 13818 13819 
electrodes 15 2003 2004 2005 2006 2007 2008 2009 2010 2165 2473 3076 3077 3078 3079 3080 
single 4 2218 2219 2221 2558 
high-brightness 3 2224 2226 2794 
variation 6 2012 2408 2409 2410 2411 2412 
summarisation 2 2316 3135 
helmet-mounted 1 2317 
scanned 4 2218 2219 2221 2558 
electrically 3 1999 2222 2223 
on-demand 1 13947 
applications 16 2023 2024 2025 2045 2525 2809 2165 2473 3076 3077 3078 3079 3080 2230 2231 2232 
eye 16 2045 2522 2523 2524 2525 2526 2270 2271 2272 2273 2274 2312 2313 3263 3317 3318 
adaptive-hierarchical 2 2307 2308 
peripheral 2 2081 2082 
printing 5 2321 2322 2323 2324 2325 
depth 12 1993 1994 1995 2053 2054 2055 2056 2312 2313 3263 3317 3318 
graphite 8 2003 2004 2005 2006 2007 2008 2009 2010 
exfoliated 8 2003 2004 2005 2006 2007 2008 2009 2010 
hybrid 6 2176 19558 19559 2177 2178 2179 
mounted 4 2284 2405 2406 2407 
panel 11 2048 2049 2050 2051 2052 2110 2111 2112 2113 2304 2305 
passively-flown 3 2319 3027 3028 
n-channel 2 2026 2027 
meaningful 4 2292 2293 2290 2291 
silicon 10 2045 2522 2523 2524 2525 2526 2218 2219 2221 2558 
nickel-sputtered 4 2218 2219 2220 2221 
ferroelectric 4 1996 1997 1998 1999 
rate 7 2029 2030 2031 2032 2033 2034 2035 
grid 3 2212 2213 12257 
quantitative 9 2011 2012 2029 2030 2031 2032 2033 2034 2035 
vacuum 5 2275 2276 2277 2278 2279 
innovation 4 2013 16423 16424 16425 
coordinates 2 2230 2389 
dysprosium 3 2146 2147 2148 
political 6 13820 13918 13945 13946 13947 14325 
added 4 2080 2336 2337 2338 
vocabulary 4 2200 2201 2202 2203 
vcr-like 2 2315 2316 
distortion-free 3 2129 2130 2131 
doctoral 3 13820 13819 14685 
bottle 2 2235 2236 
optimizing 2 17990 18906 
remedy 3 2162 2163 2164 
implementation 1 2145 
weighting 1 19559 
vrise 4 2284 2405 2406 2407 
locality 3 2278 10071 10072 
characteristic 3 2193 2194 2195 
fabricated 9 2218 2219 2220 2221 2321 2322 2323 2324 2325 
energy 7 2193 2194 3120 3121 2278 10071 10072 
hmd 4 2284 2405 2406 2407 
electroluminescent 12 2057 2058 2059 2060 2152 2154 2155 2394 2390 2391 2392 2393 
d-list 2 17990 18131 
technique 6 2165 3204 3205 3206 3207 3208 
limited 3 17990 18254 18255 
discussion 5 13820 13918 13945 13946 13947 
mixed-signals 5 2124 2125 2126 2127 2128 
countries 5 2080 2882 2883 2884 2204 
feedback 2 2165 2166 
colorimetric 2 2230 2232 
oleds 16 2124 2125 2126 2127 2128 2321 2322 2323 2324 2325 2326 2327 2328 2329 2330 2331 
movements 5 2312 2313 3263 3317 3318 
year 1 2317 
feature 3 2176 19558 19559 
microlens 5 2204 2205 2206 2207 2208 
four-factors 3 2079 12455 12458 
decorrelated 3 2307 19759 19760 
quantification 2 2230 2389 
worms 3 2079 12455 12458 
blood 7 2029 2030 2031 2032 2033 2034 2035 
stereo-anomaly 4 2053 2054 2055 2056 
inkjet 4 2241 2242 2243 2244 
vergence 5 2312 2313 3263 3317 3318 
phenylanthracene-substituted 8 2152 2154 2155 2394 2390 2391 2392 2393 
low 7 2026 2027 2299 2300 2301 2302 2303 
devices 12 2142 2143 2144 2473 2474 2266 2267 2268 2269 2309 2310 2311 
visual-quality 3 2215 2216 2217 
predictors 3 13820 13819 14685 
advertising 4 2080 2336 2337 2338 
use 5 13820 13918 13945 13946 13947 
derivatives 8 2152 2154 2155 2394 2390 2391 2392 2393 
luminescent 6 2157 2158 2159 2160 2253 3266 
gamma 9 2103 2104 2105 2106 2904 2905 2193 2194 2413 
electron 7 2149 2150 2151 2152 2153 2154 2155 
sensitive 3 17990 18254 18255 
site 2 14262 14282 
nanocrystalline 3 2309 2310 2311 
lifetime 8 2150 2151 2152 2155 2688 2394 2689 2690 
trust 5 13820 13918 13945 13946 13947 
light-emitting 18 2142 2143 2144 2149 2150 2151 2152 2153 2154 2155 2688 2394 2689 2690 2390 2391 2392 2393 
learning 4 2200 2201 2202 2203 
nuancing 1 2028 
stochastic 1 19559 
young 4 2200 2201 2202 2203 
polymeric 3 2230 2231 2232 
cephalometric 3 2212 2213 2214 
situ 3 2230 2232 2389 
oxide 6 2165 3204 3205 3206 3207 3208 
presence 8 2067 2068 2069 2961 2319 2701 2702 2703 
south 3 13820 13918 13919 
printed 4 2241 2242 2243 2244 
equally 3 2028 2807 2808 
progress 1 2473 
metal-mirror 3 2142 2143 2144 
vertical 1 2156 
grids 5 2162 2163 3192 3193 2844 
complexes 4 2157 2158 2159 2160 
faded 3 13820 13818 13819 
architectures 6 2045 2522 2523 2524 2525 2526 
removal 2 2307 2308 
values 2 2081 2082 
graphene 8 2003 2004 2005 2006 2007 2008 2009 2010 
preserved 5 2294 2295 2296 2297 2298 
china 8 12458 14262 13820 13918 13945 13946 13947 14325 
fields 3 2028 3014 3015 
control 15 2022 2150 2151 2152 2155 2688 2394 2689 2690 2165 2166 2241 2242 2243 2244 
extraction 3 2176 19558 19559 
imaging 5 2204 2205 2206 2207 2208 
emulsion 7 2083 2084 2085 2086 2087 2088 2089 
economic 4 13820 13918 13947 14325 
vectors 4 2312 3263 3264 3265 
difference 5 2080 2882 2883 2884 2204 
shares 4 2292 2293 2290 2291 
navigation 2 2315 2316 
case 5 14552 14551 2212 2213 12257 
innovative 1 2473 
english 3 2200 2201 2202 
particles 4 1996 1997 1998 1999 
estimation 4 13820 13817 13818 13819 
profiling 5 2130 19290 19291 19292 17990 
stability 1 2028 
children 11 2200 2201 2202 2203 2829 2830 2831 2832 2833 2834 2835 
performance 11 2026 2027 2076 2092 2080 3119 2270 2271 2272 2273 2274 
europium 4 2157 2158 2159 2160 
illumination 17 2045 2523 2524 2525 2526 3292 3293 3294 2138 2139 2140 2141 2294 2295 2296 2297 2298 
transparent 17 2003 2004 2005 2006 2007 2008 2009 2010 2165 2473 3076 3077 3078 3079 3080 2304 2305 
multiple 3 2163 2844 2843 
plasma 11 2048 2049 2050 2051 2052 2110 2111 2112 2113 2304 2305 
e-ink 4 2262 2263 2264 2265 
differentiation 2 2235 2236 
extended 5 2045 2523 2524 2526 3063 
general 5 2162 2163 3192 3193 2844 
inks 7 2083 2084 2085 2086 2087 2088 2089 
charge 11 2150 2151 2152 2155 2688 2394 2689 2690 2309 2310 2311 
effect 19 1993 1994 1995 12458 14262 13820 2149 2150 2151 2152 2153 2154 2155 2326 2327 2328 2329 2330 2331 
landmarks 3 2212 2213 2214 
authentication 3 2162 2163 2164 
device 6 2284 2285 2286 2287 2288 2289 
increase 3 2028 2807 2808 
high 11 2026 2027 2129 2130 2131 2299 2300 2301 2302 2303 2339 
person 3 12458 14262 13820 
automated 5 2079 12455 12456 12457 12458 
surface 2 2235 2236 
reducing 4 2193 2194 3120 3121 
graph-based 2 17990 17989 
arrives 3 13820 13818 13819 
pwm 1 2022 
sustain 5 2048 2049 2050 2051 2052 
polarized 11 2045 2523 2524 2526 3063 2224 2465 2466 2467 2468 2469 
di-silicate 3 2146 2147 2148 
colorimetry 2 2230 2389 
focus 3 1993 1994 1995 
industry 4 2013 16423 16424 16425 
low-cost 8 2003 2004 2005 2006 2007 2008 2009 2010 
continuous 3 3204 19971 14552 
power-efficiency 5 2299 2300 2301 2302 2303 
random 10 2138 2139 2140 2141 2162 2163 3192 3193 2844 2843 
solid 7 2146 2147 2148 2218 2219 2221 2558 
tfts 4 2218 2219 2220 2221 
visual 41 1994 1995 3127 3128 2011 2012 2023 2024 2025 2028 2845 2846 2030 2076 2092 2080 2434 3119 2103 2104 2105 2106 2904 2905 2115 2116 2292 2293 2290 2291 2162 2163 3192 3193 2844 2175 2176 2312 2313 2314 2317 
displayed 2 2175 2176 
dither 4 2110 2111 2112 2113 
indices 4 2067 2068 2069 2961 
drivers 2 2282 2283 
cells 7 1999 2170 2171 2172 2193 2194 2195 
range 7 2080 2077 2078 2079 2129 2130 2131 
pixel 2 2026 2027 
onscreen 5 2270 2271 2272 2273 2274 
assembly 5 2204 2205 2206 2207 2208 
complexity 1 19559 
techniques 4 13820 13817 13818 13819 
self 5 2204 2205 2206 2207 2208 
mapping 4 1994 1995 3127 3128 
fluidity 1 13947 
optimized 4 2200 2201 2202 2203 
transport 7 2149 2150 2151 2152 2153 2154 2155 
luminous 5 2048 2049 2050 2051 2052 
just 5 2080 2882 2883 2884 2204 
observation 5 2275 2276 2277 2278 2279 
characteristics 24 2012 2408 2409 2410 2411 2412 2076 2092 2080 2434 2218 2219 2220 2221 2266 2267 2268 2269 2326 2327 2328 2329 2330 2331 
framework 9 2013 16423 16424 16425 2130 19290 19291 19292 17990 
user-device 6 2284 2285 2286 2287 2288 2289 
airsickness 3 2028 2845 2846 
process 7 2083 2084 2085 2086 2087 2088 2089 
really 3 2028 2807 2808 
flexible-characteristics 2 2165 2166 
led 17 2022 2161 2045 2522 2523 2524 2525 2526 2809 3292 3293 3294 2138 2139 2140 2141 2145 
discrete 1 19559 
physiological 10 2029 2030 2031 2033 2034 2035 2636 2637 2316 3135 
broadband 3 13820 13918 13919 
visually-induced 10 2029 2030 2031 2032 2033 2034 2035 2067 2069 2961 
reversible 6 2131 2292 3125 2293 2280 2281 
fixed-base 3 2319 3027 3028 
discomfort 3 2076 2092 2080 
reading 9 2076 2092 2080 3119 2156 2262 2263 2264 2265 
arched 2 2235 2236 
structural 3 2146 2147 2148 
patent 3 2013 2014 2015 
used 3 2200 2201 2202 
function 4 2189 2190 2191 2192 
dependency 4 2067 2068 2069 2961 
contrast 6 2193 2194 2413 2319 3027 3028 
scheduling 3 2278 10071 10072 
multi-view 4 2189 2190 2191 2192 
contributing 3 13820 13918 13919 
co-doping 4 2266 2267 2268 2269 
model-based 1 19559 
survey 5 13820 13817 13818 13819 2339 
anaglyphs 4 2053 2054 2055 2056 
algorithms 3 2212 2213 12257 
head 4 2284 2405 2406 2407 
directivity 2 2022 2161 
pornography 3 12458 14262 13820 
genre-dependent 4 2319 2701 2702 2703 
symmetric 5 2224 2225 2226 2227 2228 
cie 2 2230 2389 
junior 1 2339 
dna-xor 2 2280 2281 
pdps 4 2193 2194 3120 3121 
hiding 8 2129 2130 2131 17990 18254 18255 2280 2281 
presentation 2 2282 2283 
sickness 23 2028 2807 2808 2856 2857 2029 2030 2031 2032 2033 2034 2035 2067 2069 2961 2318 2319 2320 2701 2702 2703 3027 3028 
policy 2 13820 13946 
output 7 2045 2522 2523 2524 2525 2526 2809 
media 6 13820 13818 13819 13947 14512 14685 
facile 2 2253 3266 
cnt-fed 5 2275 2276 2277 2278 2279 
phosphor 14 2057 2058 2059 2060 2083 2084 2085 2086 2087 2088 2089 2146 2147 2148 
tactile 3 2000 2001 2002 
paper 4 2044 2045 2046 2047 
movies 5 2312 2313 3263 3317 3318 
resistive 3 1999 2222 2223 
issue 2 2284 2306 
state 12 2044 2045 2046 2047 2079 12455 12456 12457 12458 2146 2147 2148 
evaluation 20 2029 2030 2031 2032 2033 2034 2035 2636 2637 2067 2068 2069 2961 2081 2082 2115 2116 2215 2216 2217 
sharing 11 2292 2293 2290 2291 2162 2163 3192 3193 2844 2280 2281 
vanadates 2 2253 3266 
increases 4 2053 2054 2055 2056 
glass 4 2218 2219 2220 2221 
detect 3 2212 2213 2214 
pressure 7 2029 2030 2031 2032 2033 2034 2035 
vision 2 2081 2082 
leadership 3 13820 13918 13919 
degraded 3 1999 2222 2223 
demanding 3 17990 19589 19590 
evaluating 3 17990 19744 19745 
potential 1 13947 
dependence 6 2012 2408 2409 2410 2411 2412 
tasks 5 2270 2271 2272 2273 2274 
pipes 3 2045 2525 2809 
noise 2 2307 2308 
sheets 8 2003 2004 2005 2006 2007 2008 2009 2010 
address 4 2193 2194 3120 3121 
uses 2 13820 14512 
special 2 2284 2306 
user 7 2130 19290 19291 19292 17990 2316 3135 
nematic 4 1996 1997 1998 1999 
average 8 2029 2030 2031 2033 2034 2035 2636 2637 
total 3 17990 19589 19590 
fingerprinting 3 2307 19759 19760 
using 47 1993 1994 1995 3127 3128 2029 2030 2031 2033 2034 2035 2636 2637 2045 2522 2523 2524 2525 2526 2124 2125 2126 2127 2128 2292 2293 2290 2291 2138 2139 2140 2141 2150 2151 2152 2155 2688 2394 2689 2690 2165 2166 19559 2189 2190 2191 2192 
purity 4 2266 2267 2268 2269 
search 3 2312 2313 2314 
interfaces 3 2200 2201 2202 
propagation 3 2079 12455 12458 
discharge 3 2193 2194 2195 
black 5 2080 2882 2883 2884 2204 
discrimination 2 2081 2082 
engine 8 2045 2523 2524 2525 2526 3292 3293 3294 
optimization 5 2048 2049 2050 2051 2052 
image 34 2012 2408 2409 2410 2411 2412 2028 2067 2068 2069 2961 2131 2292 3125 2293 2145 2162 2163 2164 2165 2166 2175 2176 2189 2190 2191 2192 2193 2194 2413 2312 3263 3264 3265 
effects 31 2029 2030 2031 2032 2033 2034 2035 2067 2068 2069 2070 14262 14282 17990 18254 18255 2212 2213 2214 2218 2219 2221 2558 2284 2405 2406 2407 2319 2701 2702 2703 
number 8 17990 19589 19590 2275 2276 2277 2278 2279 
causal 7 2029 2030 2031 2032 2033 2034 2035 
molecular 4 2138 2139 2140 2141 
voltage 6 1999 2170 2171 2172 2026 2027 
ratio 7 1999 2170 2171 2172 2193 2194 2413 
electrochromism 2 2230 2232 
view 3 2028 3014 3015 
review 4 2312 2313 2314 2317 
introduction 3 2023 2024 2025 
assessing 6 2030 13820 13918 13945 13946 13947 
diffractive 3 2224 2226 2794 
execution 5 2079 12455 12456 12457 12458 
pivot 4 2189 2190 2191 2192 
interplay 4 13820 13918 13947 14325 
programming 5 2026 2027 2278 10071 10072 
feasibility 2 2138 2139 
electromagnetic 3 2000 2001 2002 
current 4 2044 2045 2046 2047 
map 1 19559 
relationships 2 2282 2283 
clustering 6 2176 19558 19559 2212 2213 12257 
adoption 5 13820 13918 13919 13947 14512 
temperature-dependent 4 1996 1997 1998 1999 
eu 4 2157 2158 2159 2160 
multi-objective 3 2278 10071 10072 
compounds 3 2309 2310 2311 
chromaticity 2 2230 2389 
films 7 2473 2474 2218 2219 2220 2221 2558 
el 4 2057 2058 2059 2060 
background 5 2270 2271 2272 2273 2274 
volume 1 2306 
configuration 2 2138 2139 
methods 3 2076 2092 2080 
functionalized 3 2309 2310 2311 
dual-view 5 2224 2225 2226 2227 2228 
two-stage 4 2110 2111 2112 2113 
aware 3 2278 10071 10072 
amoled 2 2026 2027 
integrator 6 2045 2522 2523 2524 2525 2526 
exploring 7 14262 13820 14282 13918 13947 14325 14512 
comfortable 1 2030 
dual-panel 2 2138 2139 
light 21 2045 2522 2523 2524 2525 2526 2809 2138 2139 2140 2141 2146 2147 2148 2177 2178 2179 2266 2267 2268 2269 
polymers 7 2165 2473 3076 3077 3078 3079 3080 
discontinuation 2 14552 14551 
enhancing 3 2028 2845 2846 
phosphors 7 2083 2084 2085 2086 2087 2088 2089 
webcasting 1 13947 
efficacy 5 2048 2049 2050 2051 2052 
editable 3 2023 2024 2025 
measurement 4 2011 2012 2230 2232 
detection 9 2081 2082 2110 2111 2112 2113 2162 2163 2164 
deblurring 3 2884 2204 2888 
maximum 3 17990 19589 19590 
cybersickness 9 2028 3014 3015 2090 2091 2312 3263 3264 3265 
educational 8 2201 2829 2830 2831 2832 2833 2834 2835 
queries 2 17990 18906 
typography 2 2235 2236 
internet 6 12458 14262 13820 13817 13818 13819 
phase 4 2218 2219 2221 2558 
mobile 5 2023 2024 2025 17990 18510 
does 4 2053 2054 2055 2056 
menus 4 13820 13818 13819 13947 
combinations 5 2270 2271 2272 2273 2274 
reflection 5 2294 2295 2296 2297 2298 
datasets 3 2212 2213 12257 
correction 7 2103 2104 2105 2106 2193 2194 2413 
disparity 4 1994 1995 3127 3128 
authenticatable 4 2292 2293 2290 2291 
pb-free 2 2304 2305 
liquid-colour 1 2156 
enhance 4 2110 2111 2112 2113 
integration 6 2013 16423 16424 16425 2473 2474 
types 2 17990 17989 
epids 4 2044 2045 2046 2047 
composites 2 2473 2474 
parallel 3 2212 2213 12257 
requirement 3 2312 2313 2314 
ba 4 2057 2058 2059 2060 
spherical 10 2083 2084 2085 2086 2087 2088 2089 2177 2178 2179 
methodology 3 2215 2216 2217 
color 31 2045 2523 2524 2525 2526 3063 3292 3293 3294 2292 2293 2290 2291 2142 2143 2144 2162 2163 2164 2175 2176 2193 2194 3120 3121 2266 2267 2268 2269 2280 2281 
valves 6 2045 2522 2523 2524 2525 2526 
approximation 2 2022 2161 
ac 8 2048 2049 2050 2051 2052 2193 2194 2195 
approach 13 17990 17989 3204 19971 14552 19559 2270 2271 2272 2273 2274 2307 2308 
illusions 1 2317 
numerical 2 2022 2161 
touchscreen 2 2203 3174 
nonlinear 4 1994 1995 3127 3128 
$-most 3 17990 19589 19590 
automobile 2 2282 2283 
score 8 2029 2030 2031 2033 2034 2035 2636 2637 
kansei 2 2282 2283 
integral 5 2204 2205 2206 2207 2208 
oled 5 2299 2300 2301 2302 2303 
laser 5 2218 2219 2220 2221 2558 
activities 14 2201 2829 2830 2831 2832 2833 2834 2835 2224 2465 2466 2467 2468 2469 
synthesis 13 2083 2084 2085 2086 2087 2088 2089 2157 2158 2159 2160 2253 3266 
programs 3 13820 13819 14685 
screen 14 2028 2807 2808 2200 2201 2202 2203 2233 2234 2321 2322 2323 2324 2325 
structure 27 2090 2091 17990 18131 2142 2143 2144 2162 2163 3192 3193 2844 2843 2189 2190 2191 2192 2312 3263 3264 3265 2326 2327 2328 2329 2330 2331 
heart 7 2029 2030 2031 2032 2033 2034 2035 
predictive 4 2131 2292 3125 2293 
measured 5 2080 2882 2883 2884 2204 
flexible 29 2003 2004 2005 2006 2007 2008 2009 2010 2013 2014 2015 2162 2163 3192 3193 2844 2165 2166 2473 3204 3205 3206 3207 3208 2474 2266 2267 2268 2269 
reality 12 2201 2829 2830 2831 2832 2833 2834 2835 2284 2405 2406 2407 
responses 2 2316 3135 
enabling 5 2130 19290 19291 19292 17990 
semiconductors 3 2309 2310 2311 
gamut 5 2045 2523 2524 2526 3063 
corrections 4 2105 2106 2904 2905 
novel 14 2026 2027 2292 2293 2290 2291 2212 2213 12257 2224 2225 2226 2227 2228 
strontium 3 2146 2147 2148 
abundance 3 13820 13818 13819 
different 5 2080 2882 2883 2884 2204 
affective 2 2316 3135 
influence 15 13820 13818 13819 13918 13945 13946 13947 2224 2465 2466 2467 2468 2469 2235 2236 
error-prone 2 17990 18510 
crystallized 4 2218 2219 2221 2558 
doped 12 1996 1997 1998 1999 2146 2147 2148 2299 2300 2301 2302 2303 
algorithm 7 2280 2281 2294 2295 2296 2297 2298 
excimer 5 2218 2219 2220 2221 2558 
inverse 3 2193 2194 2413 
dimming 1 2022 
published 1 2306 
amorphous 4 2218 2219 2220 2221 
internal 3 2028 3014 3015 
mn 4 2057 2058 2059 2060 
subtitles 4 2076 2092 2080 2434 
bayer 3 2162 2163 2164 
middleware 2 2233 2234 
flight 3 2319 3027 3028 
microprism 5 2224 2225 2226 2227 2228 
plane 4 2138 2139 2140 2141 
accuracy 3 2212 2213 2214 
design 33 2124 2125 2126 2127 2128 2138 2139 2140 2141 2224 2225 2226 2227 2228 2233 2234 2235 2236 2245 2246 2247 2248 2249 2250 2251 2252 2253 2284 2285 2286 2287 2288 2289 
multi-job 3 2278 10071 10072 
technology 4 13947 2224 2226 2794 
cause 3 2028 2807 2808 
location 3 2307 19759 19760 
study 9 14262 14282 2138 2139 2212 2213 12257 2230 2232 
counteracting 3 2028 2845 2846 
tvs 2 2011 2012 
computing 3 2278 10071 10072 
studies 2 2230 2389 
fatigue 7 2011 2012 2115 2116 2312 2313 2314 
displaying 3 2103 2827 2828 
chinese 5 2156 2200 2201 2202 2203 
caused 5 2115 2116 2312 2313 2314 
level 5 2080 2882 2883 2884 2204 
terbium 4 2157 2158 2159 2160 
value 4 2080 2336 2337 2338 
gratifications 3 13820 13947 14512 
investigation 7 2013 2014 2015 2022 2142 2143 2144 
combining 3 2193 2194 2413 
overlap 4 2218 2219 2221 2558 
subpixel 4 2189 2190 2191 2192 
comparison 16 2022 2161 2045 2522 2523 2524 2525 2526 13820 13817 13818 13819 2284 2405 2406 2407 
electrochemically 8 2003 2004 2005 2006 2007 2008 2009 2010 
saturated 3 2142 2143 2144 
pieces 8 2003 2004 2005 2006 2007 2008 2009 2010 
liquid 17 1996 1997 1998 1999 2222 2223 2045 2522 2523 2524 2525 2526 2473 2474 2177 2178 2179 
controller 1 2145 
mining 3 2212 2213 12257 
magnesium 3 2146 2147 2148 
equivalent 3 2193 2194 2195 
loss 6 2012 2408 2409 2410 2411 2412 
projection 14 2045 2522 2523 2524 2525 2526 2067 2068 2069 2070 2284 2405 2406 2407 
theory 3 2028 2856 2857 
limitations 4 2105 2106 2904 2905 
grid-based 3 2163 2844 2843 
blur 3 1993 1994 1995 
affect 8 2028 3014 3015 2081 2082 2319 3027 3028 
network 2 14262 14282 
sns 5 13820 13918 13945 13946 13947 
online 5 13820 13918 13945 13946 13947 
microscope 3 2103 2827 2828 
autonomic 9 2067 2069 2961 2224 2465 2466 2467 2468 2469 
real 4 2053 2054 2055 2056 
computer-assisted 3 2200 2201 2202 
layout 4 2200 2201 2202 2203 
induced 12 2028 2856 2857 2284 2405 2406 2407 2318 2319 2320 3027 3028 
various 7 17990 17989 2275 2276 2277 2278 2279 
application 10 2022 2083 2084 2085 2086 2087 2088 2089 2230 2389 
audience 4 13820 13818 13819 13947 
red-light 4 2266 2267 2268 2269 
electrochromic 7 2230 2231 2232 2389 2309 2310 2311 
fabrication 7 2013 2014 2015 2473 2474 2304 2305 
transition 2 13820 13946 
customers 3 17990 19589 19590 
print 4 2262 2263 2264 2265 
human 9 2011 2012 2030 2067 2068 2069 2070 2081 2082 
crystals 4 1996 1997 1998 1999 
electrical 12 1996 1997 1998 1999 2044 2045 2046 2047 2266 2267 2268 2269 
blue 12 2149 2150 2151 2152 2153 2154 2155 2394 2390 2391 2392 2393 
guide 4 2138 2139 2140 2141 
characterization 26 1999 2170 2171 2172 2080 2077 2078 2079 2146 2147 2148 2157 2158 2159 2160 2245 2246 2247 2248 2249 2250 2251 2252 2253 2304 2305 
coherence 7 2029 2030 2031 2032 2033 2034 2035 
dot 4 2138 2139 2140 2141 
phenomenon 6 2012 2408 2409 2410 2411 2412 
schema 3 2023 2024 2025 
scheme 17 2129 2130 2131 2292 3125 2293 2290 2291 2138 2139 2140 2141 2163 2844 2843 2280 2281 
packaging 2 2235 2236 
maximization 3 13820 13818 13819 
unsupervised 6 2176 19558 19559 2212 2213 12257 
band-gap 3 2309 2310 2311 
fluorene 8 2152 2154 2155 2394 2390 2391 2392 2393 
moo 5 2299 2300 2301 2302 2303 
intervals 4 2312 3263 3264 3265 
di-n-heptyl 2 2230 2232 
lcos 9 2045 2522 2523 2524 2525 2526 3292 3293 3294 
involuntary 2 14552 14551 
content 10 2076 2092 2080 3119 13820 13818 13819 13947 2315 2316 
blue-phase 4 1999 2170 2171 2172 
leading 1 2156 
conflict 3 2318 2319 2320 
dielectric 15 1996 1997 1998 1999 2170 2171 2172 2012 2408 2409 2410 2411 2412 2304 2305 
trends 3 2013 2014 2015 
sickness-like 1 2339 
simple 2 2138 2139 
data 15 2129 2130 2131 17990 18131 18510 19744 19745 2176 19558 19559 2230 2389 2280 2281 
chroma 5 2080 2882 2883 2884 2204 
vss 3 2163 2844 2843 
digital 4 13820 13918 13947 14325 
dynamics 4 2138 2139 2140 2141 
ability 2 2081 2082 
reverse 7 2083 2084 2085 2086 2087 2088 2089 
matrix 4 2080 2077 2078 2079 
non-expanded 4 2292 2293 2290 2291 
factor 2 2090 2091 
monocular 1 2317 
selection 12 13820 13818 13819 13947 2176 19558 19559 2270 2271 2272 2273 2274 
angle 9 2067 2068 2069 2070 2961 2080 2077 2078 2079 
field 5 2067 2068 2069 2070 2961 
relationship 17 2028 2029 2030 2031 2033 2034 2035 2636 2637 2067 2068 2069 2961 13820 13817 13818 13819 
variational 3 2176 19558 19559 
pattern 3 2162 2163 2164 
collisions 5 2275 2276 2277 2278 2279 
preference 7 2011 2012 2130 19290 19291 19292 17990 
modeling 3 2076 2092 2080 
tv 7 2028 2807 2808 2076 2092 2080 2434 
top-emitting 3 2142 2143 2144 
robustness 4 13820 13817 13818 13819 
coding 7 1993 1994 1995 2131 2292 3125 2293 
optical 16 2044 2045 2046 2047 2146 2147 2148 2245 2246 2247 2248 2249 2250 2251 2252 2253 
operating-voltage 5 2299 2300 2301 2302 2303 
analysing 2 2316 3135 
ink-jet 7 2083 2084 2085 2086 2087 2088 2089 
cancel 4 2053 2054 2055 2056 
round 4 2138 2139 2140 2141 
inspection 2 2165 2166 
messenger 2 14552 14551 
tb 4 2157 2158 2159 2160 
validity 4 13820 13817 13818 13819 
parameters 8 2048 2049 2050 2051 2052 2193 2194 2195 
index 8 2029 2030 2031 2033 2034 2035 2636 2637 
high-quality 1 2145 
msn 2 14552 14551 
association 4 17990 17989 18254 18255 
white 8 2080 2882 2883 2884 2204 2146 2147 2148 
alternative 6 2165 3204 3205 3206 3207 3208 
dtv 2 13820 13946 
bi-level 3 2278 10071 10072 
multilayer 6 2326 2327 2328 2329 2330 2331 
crosstalk 3 2074 2075 2076 
size 3 2212 2213 2214 
si 4 2218 2219 2220 2221 
associated 1 2317 
comparative 2 13820 13946 
passive 3 2079 12455 12458 
system-on-glass 5 2124 2125 2126 2127 2128 
foreign 2 17990 18906 
empirical 2 14262 14282 
natural 5 2080 2882 2883 2884 2204 
forum 5 13820 13918 13945 13946 13947 
model 25 1993 1994 1995 2079 12455 12458 2138 2139 2193 2194 2195 2278 10071 10072 2284 2285 2286 2287 2288 2289 2294 2295 2296 2297 2298 
sub 9 2157 2158 2159 2160 2299 2300 2301 2302 2303 
perception 9 2312 2313 3263 3317 3318 2319 2701 2702 2703 
engineering 7 2149 2150 2151 2152 2153 2154 2155 
complete 4 2044 2045 2046 2047 
real-time 7 2110 2111 2112 2113 2193 2194 2413 
autostereoscopic 8 2080 2336 2337 2338 2189 2190 2191 2192 
sticking 6 2012 2408 2409 2410 2411 2412 
functions 11 2022 2161 2029 2030 2031 2032 2033 2034 2035 17990 18906 
expanding 4 13820 13818 13819 13947 
web-based 2 2233 2234 
recovery 7 1999 2222 2223 2193 2194 3120 3121 
needed 3 2212 2213 2214 
co-doped 4 2057 2058 2059 2060 
discovering 2 17990 17989 
organic 26 2142 2143 2144 2149 2150 2151 2152 2153 2154 2155 2688 2394 2689 2690 2390 2391 2392 2393 2230 2231 2232 2266 2267 2268 2269 2306 
school 1 2339 
cupc 5 2299 2300 2301 2302 2303 
di-strontium 3 2146 2147 2148 
temporal 8 2029 2030 2031 2033 2034 2035 2636 2637 
determined 4 2312 3263 3264 3265 
service 5 2013 16423 16424 16425 13947 
circuit 7 2026 2027 2193 2194 2195 3120 3121 
solvent-vapor 4 2241 2242 2243 2244 
saliency-adaptive 4 1994 1995 3127 3128 
operations 3 17990 19744 19745 
aggregate 3 17990 19744 19745 
test 5 2079 12455 12456 12457 12458 
tin 6 2165 3204 3205 3206 3207 3208 
wide-field 3 2067 2069 2961 
mononuclear 3 2309 2310 2311 
high-dimensional 3 2176 19558 19559 
processor 3 2193 2194 2413 
just-noticeable-difference 3 1993 1994 1995 
projector 13 2045 2522 2523 2524 2525 2526 2809 3063 3292 3293 3294 2175 2176 
information 15 2029 2030 2031 2033 2034 2035 2636 2637 14262 13820 14282 13819 14685 2081 2082 
polymer 12 2204 2205 2206 2207 2208 2473 2474 2321 2322 2323 2324 2325 
art 5 2079 12455 12456 12457 12458 
prevent 3 2312 2313 2314 
interaction 6 2284 2285 2286 2287 2288 2289 
fpm 3 2079 12455 12458 
wi-fi 5 2130 19290 19291 19292 17990 
spirals 5 13820 13918 13945 13946 13947 
backlight 2 2138 2139 
trees 3 3204 19971 14552 
reaction 3 2146 2147 2148 
examination 3 13820 13918 13919 
conducting 8 2165 2473 3076 3077 3078 3079 3080 2474 
query 2 17990 18131 
character 5 2270 2271 2272 2273 2274 
indium 6 2165 3204 3205 3206 3207 3208 
highly 8 2142 2143 2144 2321 2322 2323 2324 2325 
augmented 8 2201 2829 2830 2831 2832 2833 2834 2835 
migration 2 14552 14551 
logo 2 2235 2236 
scales 4 2110 2111 2112 2113 
logs 5 2130 19290 19291 19292 17990 
crystal 14 1999 2222 2223 2045 2522 2523 2524 2525 2526 2473 2474 2177 2178 2179 
access 11 13820 13818 13819 17990 18510 2162 2163 3192 3193 2844 2843 
integrated 3 2000 2001 2002 
symptoms 8 2028 2807 2808 2284 2405 2406 2407 2339 
mutual 8 2029 2030 2031 2033 2034 2035 2636 2637 
head-up 2 2282 2283 
cloud 3 2278 10071 10072 
protagonist 4 2319 2701 2702 2703 
constancy 2 2175 2176 
perceptual 6 1993 1994 1995 2074 2075 2076 
based 45 2029 2030 2031 2032 2033 2034 2035 2081 2082 2110 2111 2112 2113 2149 2150 2151 2152 2153 2154 2155 2394 2390 2391 2392 2393 2162 2163 2164 2165 2473 3076 3077 3078 3079 3080 2280 2281 2294 2295 2296 2297 2298 2309 2310 2311 
annealing 9 2218 2219 2220 2221 2558 2241 2242 2243 2244 
users 1 13947 
impact 4 2076 2092 2080 2434 
diodes 15 2149 2150 2151 2152 2153 2154 2155 2688 2394 2689 2690 2390 2391 2392 2393 
phosphorescent 16 2149 2150 2151 2152 2153 2154 2155 2688 2394 2689 2690 2321 2322 2323 2324 2325 
power 6 2026 2027 2193 2194 3120 3121 
korea 3 13820 13918 13919 
systems 4 2284 2405 2406 2407 
multiview 7 2080 2336 2337 2338 2215 2216 2217 
nervous 9 2067 2069 2961 2224 2465 2466 2467 2468 2469 
global 3 13820 13918 13919 
hmap 4 2157 2158 2159 2160 
class 1 2339 
symbolic 5 2079 12455 12456 12457 12458 
displayability 2 2235 2236 
properties 23 1996 1997 1998 1999 2222 2223 2146 2147 2148 2157 2158 2159 2160 2245 2246 2247 2248 2249 2250 2251 2252 2253 3266 
modelling 5 2177 2178 2179 2315 2316 
polymer-dispersed 2 2473 2474 
market 2 2081 2082 
environment 8 2030 2080 2336 2337 2338 17990 18510 18906 
fly 6 2045 2522 2523 2524 2525 2526 
influencing 2 2203 3174 
subjective 18 2029 2030 2031 2033 2034 2035 2636 2637 2067 2069 2961 2115 2116 2270 2271 2272 2273 2274 
images 41 1994 1995 3127 3128 2028 2807 2808 2067 2068 2069 2070 2961 2074 2075 2076 2080 2882 2883 2884 2204 2103 2827 2828 2115 2116 2129 2130 2131 2163 2844 2843 2200 2201 2202 2280 2281 2282 2283 2312 2313 2314 
emitting 11 2057 2058 2059 2060 2146 2147 2148 2266 2267 2268 2269 
management 5 2103 2827 2828 2233 2234 
filter 3 2884 2204 2888 
efficient 15 2045 2523 2524 2525 2526 3292 3293 3294 17990 18131 2321 2322 2323 2324 2325 
interests 4 13820 13918 13947 14325 
object 6 2023 2024 2025 2177 2178 2179 
employing 8 2142 2143 2144 2299 2300 2301 2302 2303 
displays 33 2022 2161 2026 2027 2057 2058 2059 2060 2080 2077 2078 2079 2081 2082 2103 2104 2105 2106 2904 2905 2215 2216 2217 2233 2234 2235 2236 2262 2263 2264 2265 2284 2306 
parameter 4 13820 13817 13818 13819 
interactive 2 2233 2234 
postural 3 2028 2807 2808 
notification 2 2081 2082 
discretization 3 3204 19971 14552 
tft 7 2026 2027 2124 2125 2126 2127 2128 
passion 3 13820 13818 13819 
time-frequency 4 2312 3263 3264 3265 
film 10 2165 3204 3205 3206 3207 3208 2319 2701 2702 2703 
moderate 3 2045 2525 2809 
rules 4 17990 17989 18254 18255 
electron-gas 5 2275 2276 2277 2278 2279 
technologies 4 13820 13819 14685 2473 
multimedia 2 13820 14512 
safety 1 2028 
massive 3 2212 2213 12257 
sway 3 2028 2807 2808 
radiographs 3 2212 2213 2214 
context 6 2284 2285 2286 2287 2288 2289 
secret 9 2292 2293 2290 2291 2163 2844 2843 2280 2281 
cyclic 3 2163 2844 2843 
