<Keyword> <No of vertices> <vertex1> <vertex2> .... <vertexN> 
predicting 18 3383 3384 3385 3430 3431 3432 3433 3434 3536 3537 3666 3667 3668 3669 3670 3671 3672 3673 
pharmacy 1 3577 
using 75 3389 3390 3391 3393 3394 3395 3396 3462 3463 3464 3481 3482 3483 3485 3486 3487 3488 3506 17892 17893 3512 3513 3514 3532 3533 3538 3539 3540 3541 3542 3543 3544 3552 3553 3554 3571 18671 18672 3573 3578 3579 3580 3583 3584 3585 3618 3702 4864 6557 4863 4865 4866 6285 5782 3623 3624 3625 3626 3634 3635 3636 3637 3718 3715 3716 3717 3719 3720 3968 4192 3966 3967 4191 4193 4682 
developed 4 3689 5475 6238 6239 
simap 3 3643 3644 3645 
computer-simulated 3 3618 3702 5304 
personality 2 3581 3582 
ga 3 4192 4191 4193 
are-mediated 3 3452 3453 3454 
formats 3 3682 4103 4705 
missing 2 3682 19714 
melanogaster 5 3430 3431 3432 3433 3434 
search 9 3507 3508 3509 3578 3579 3580 3583 3584 3585 
e-commerce 4 3613 6358 6359 6360 
event 4 3448 8495 8496 8497 
protein 30 3399 3416 3417 3418 3419 3420 3421 3422 3423 3424 3425 3426 3427 3428 3429 3496 3497 3498 3507 3508 3509 3574 3575 3576 3532 3533 3534 3535 3536 3537 
advanced 4 3642 5381 9990 5674 
features 8 3430 3431 3432 3433 3434 3552 3553 3554 
avatars 1 3551 
systematic 5 3715 3717 3719 4954 4955 
instant 2 3618 5118 
generation 3 3578 3579 3580 
timed 2 5782 5781 
multi-core 2 3601 7510 
monitoring 21 3400 3401 3402 3403 3404 3405 3448 8495 8496 8497 9990 13880 13881 3643 3644 3645 3685 3686 4192 4191 4193 
patterns 11 3406 3408 3409 3412 3503 18924 18925 3441 3442 3443 3444 
host 3 3416 3420 3502 
hospitalized 7 3489 3490 3491 3492 3493 3494 3495 
e-procurement 6 3718 3715 3716 3717 3719 3720 
petri 2 5782 5781 
optimization 10 3397 3398 3702 4941 4942 5183 4192 5184 6158 6159 
image 3 3552 3553 3554 
effects 2 3462 3463 
papers 3 3459 3460 3461 
regard 2 3581 3582 
metamorphic 3 3585 4168 4307 
e-business 1 3968 
evolution 4 3640 3641 3642 7711 
multi-agent-oriented 3 3607 3608 3609 
project 5 3638 3639 3640 3641 3642 
biological 19 3416 3417 3418 3419 3420 3421 3422 3423 3424 3425 3426 3427 3428 3429 3484 3569 3570 3571 3572 
semantically-enhanced 4 3640 3641 3642 7711 
quality 16 3586 3587 3588 3589 3590 3682 4103 4705 4151 3968 5183 4192 5184 5185 3966 3967 
binding 5 3463 3558 3561 3565 3568 
air 7 3464 3465 3466 3467 3468 3600 3601 
bioinformatics 8 3441 3442 3443 3444 3452 3453 3454 3551 
disrupted 4 3406 3408 3409 3503 
reconfiguration 7 4168 5901 5902 5903 5904 5905 5906 
big 1 3484 
discovery 13 3441 3442 3443 3444 3499 3500 3501 3506 17892 18785 3653 3654 3655 
multitask 3 3571 18671 18672 
review 5 3715 3717 3719 4954 4955 
hospital 3 3383 3384 3385 
dynamic 16 3445 3446 3447 3584 4892 4168 5901 5902 5903 5904 5905 5906 3601 7510 5782 5781 
classifications 3 3602 3603 3604 
knowledge 22 3441 3442 3443 3444 3499 3500 3501 3506 17892 18785 3522 3551 3687 3688 3689 3690 5471 5472 5473 5474 5475 4682 
incorporating 8 3469 3470 3471 3472 3473 3496 3497 3498 
oxidative 5 3463 3558 3561 3565 3568 
secondary 1 3504 
evidence-based 3 3481 3482 3483 
handling 5 3600 3601 3602 3603 3604 
mathematics 3 3583 3585 5651 
programming 3 3389 3390 3391 
wheelchair 3 3499 3500 3501 
domain 10 3506 17892 18785 3507 3508 3509 3574 3575 3576 3522 
map 2 3532 3533 
conversation 2 3585 5557 
subspace 1 3399 
phlos 3 3383 3384 3385 
foundation 4 3687 3688 3689 3690 
relationships 6 3583 6564 5381 5380 5382 5383 
checking 7 3618 5161 5162 5163 5164 4864 5165 
clustering 14 3406 3407 3408 3409 3410 3411 3412 3503 18924 18925 3485 3486 3487 3488 
streaming 1 3464 
linear 1 3681 
compounds 5 3464 3465 3466 3467 3468 
simulator 3 3618 3702 6557 
integer 3 3389 3390 3391 
needs 4 3688 4998 4999 5000 
organizations 3 3677 3678 3679 
firm 2 3665 17136 
gearbox 3 3643 3644 3645 
increasing 3 3674 3675 3676 
web 11 3718 3715 3716 3717 3719 3720 3677 3678 3679 3688 5639 
solar 4 3642 5381 9990 5674 
receptors 3 3386 3387 3388 
tuberculosis 2 3651 3652 
new 11 3478 3479 3480 3702 5285 5775 3677 3678 3679 4103 4705 
configurable 4 3613 6358 6359 6360 
prognostics 5 3686 4151 3968 5805 5806 
sequence 10 3393 3394 3395 3396 3507 3508 3509 3574 3575 3576 
mediation 4 3687 3688 3689 3690 
analyses 3 3521 12679 12680 
cardiovascular 7 3538 3539 3540 3541 3542 3543 3544 
configuration 3 3583 3612 3613 
expression 3 3452 3453 3454 
methods 11 3386 3387 3388 3452 3453 3454 3464 3465 3466 3467 3468 
body 4 3634 3635 3636 3637 
resources 2 3584 4892 
protein-coupled 3 3386 3387 3388 
physical 3 3521 12679 12680 
holonic 7 3585 4168 4307 3619 3620 3621 3622 
computational 1 3399 
considerable 3 3507 3508 3509 
change 3 3464 3683 3684 
tool 9 3459 3460 3461 3618 5118 3689 5475 6238 6239 
distributed 13 3393 3394 3395 3396 3585 4168 3619 3620 3621 3622 3689 4682 4681 
driving 6 3499 3500 3501 3618 3702 6557 
architecture 8 3585 4168 4307 5880 5881 3607 3608 3609 
software 1 3627 
medical 13 3455 3456 3457 3458 3484 3522 3538 3539 3540 3541 3542 3543 3544 
inter-enterprise 2 3688 5639 
basic 3 3677 3678 3679 
description 1 4682 
processing 4 4865 4866 6285 5782 
perspective 8 3441 3442 3443 3444 3455 3456 3457 3458 
motion 3 3618 3702 6557 
iec 3 3607 3608 3609 
cost-sensitive 6 3435 3436 3437 3438 3439 3440 
processes 11 5381 5674 5382 5673 3653 3654 3655 4315 4192 4191 4193 
amygdala 2 3462 3463 
brosemweb 6 3718 3715 3716 3717 3719 3720 
kbann 3 4192 4191 4193 
classifiers 3 3481 3482 3483 
post-transcriptional 3 3452 3453 3454 
zone-based 2 5651 4892 
automatic 7 3578 3579 3580 4865 4866 6285 5782 
display 3 3507 3508 3509 
integrating 5 3430 3431 3432 3433 3434 
ontology 15 3640 3641 3642 7711 3687 3688 3689 3690 5471 5472 5473 5474 5475 4682 5639 
eeg 3 3481 3482 3483 
lifecycle-oriented 5 4151 5183 4192 5184 5185 
measurement 4 3623 3624 3625 3626 
wfq 2 3601 7510 
prognostic 3 3968 3966 3967 
detection 4 3464 3481 3482 3483 
stratification 2 3510 3511 
better 3 3413 3414 3415 
pcb 2 3617 3618 
similarity 10 3469 3470 3471 3472 3473 3686 4150 4151 4152 3968 
factory 10 3602 3603 3604 3618 3702 5304 5381 5380 5382 5383 
orders 2 3584 4892 
lasso 5 3469 3470 3471 3472 3473 
microarray 10 3512 3513 3514 3515 3516 3517 3518 3519 3520 3521 
example 2 3581 3582 
internet 4 3689 5475 6238 6239 
hippocampal 9 3463 3558 3559 3560 3561 3562 3563 3564 3565 
amp 8 3462 3463 3551 3638 3639 3640 3641 3642 
scm 3 3702 5285 5775 
wall 4 3455 3456 3457 3458 
mobile 3 4168 5880 5881 
heterogeneous 4 3485 3486 3487 3488 
cumulative 2 3682 19714 
therapeutic 6 3400 3401 3402 3403 3404 3405 
safeguards 2 3682 19714 
set 4 3441 3442 3443 3444 
datasets 2 3510 3511 
understanding 14 3416 3417 3418 3419 3420 3421 3422 3423 3424 3425 3426 3427 3428 3429 
colon 4 3441 3442 3443 3444 
volumes 4 3448 8495 8496 8497 
analysis 31 3391 3392 3393 3394 3395 3396 3400 3401 3402 3403 3404 3405 3505 3506 17892 17893 3512 3513 3514 3528 3529 3530 3531 3548 3549 3550 9990 13880 13881 3683 3684 
simulation 10 3617 3618 3702 3701 4941 4942 3634 3635 3636 3637 
rat 9 3462 3463 3515 3516 3517 3518 3519 3520 3521 
lab 1 3551 
business 8 9990 13880 13881 3653 3654 3655 3683 3684 
spatial-em 4 3490 19417 19418 19419 
following 3 3591 3592 3593 
wireless 3 4168 5880 5881 
fuzzy 12 3583 3585 5651 6564 3656 3657 3680 3681 3682 4103 4705 4104 
integration 12 3569 3570 3571 3572 3617 3618 3702 5285 5775 3631 3632 3633 
silico 2 3462 3463 
multivariate 1 3464 
cybercad 2 3598 4930 
types 4 3569 3570 3571 3572 
activity 6 3571 18671 18672 9990 13880 13881 
facilities 4 5381 5380 5382 5383 
lessons 3 3663 3664 3665 
semantic 22 4865 4866 6285 5782 5381 9990 5674 5380 5382 5383 5673 9991 3718 3715 3716 3717 3719 3720 3651 3652 3688 5639 
prediction 22 3391 3392 3399 3416 3420 3502 3496 3497 3498 3538 3539 3540 3541 3542 3543 3544 3685 3686 4150 4151 4152 3968 
game 3 3506 17892 17893 
methodology 5 4151 5183 4192 5184 5185 
transformation 3 3665 17136 3968 
securing 7 3618 5161 5162 5163 5164 4864 5165 
transcriptome-to-metabolome 10 3462 3463 3558 3559 3560 3561 3562 3563 3564 3565 
nuclear 2 3682 19714 
retrieve 3 3459 3460 3461 
approach 52 3448 3449 3450 3451 3481 3482 3483 3538 3539 3540 3541 3542 3543 3544 3569 3570 3571 3572 3583 3584 3585 5651 4892 3591 3592 3593 3598 4930 3601 7510 3655 4315 3656 3657 3682 4103 4705 19714 3685 3686 4192 4191 4193 3687 3689 3690 5471 5472 5473 5474 5475 4682 
categories 5 3430 3431 3432 3433 3434 
assessment 3 3968 3966 3967 
inference 4 3569 3570 3571 3572 
improves 3 3496 3497 3498 
genes 4 3485 3486 3487 3488 
rights 2 3581 3582 
sustainable 2 4103 4104 
neural 2 3583 6564 
multi-cloud 1 3551 
fuzzy-based 3 3702 5285 5286 
sensor 8 4168 5880 5881 5183 4192 5184 6158 6159 
layered 2 3581 3582 
pioglitazone 5 3463 3558 3561 3565 3568 
visualization 12 3413 3414 3415 3551 3618 4818 3702 4864 3701 4863 4865 4866 
tandem 4 3474 3475 3476 3477 
improved 5 3469 3470 3471 3472 3473 
social 7 3642 5381 9990 5674 14022 14023 14024 
lifecycle 6 3591 3592 3593 3663 3664 3665 
alignments 6 3397 3398 3509 3574 3575 3576 
mechanical 5 3586 3587 3588 3589 3590 
laser 7 3631 3632 3633 3634 3635 3636 3637 
synthesis 7 3584 5643 5644 5645 5646 5647 5648 
aided 2 3610 3611 
accelerate 2 4103 4705 
creating 4 3640 3641 3642 7711 
services 10 3631 3632 3633 3640 3641 3642 7711 3677 3678 3679 
gene 12 3441 3442 3443 3444 3452 3453 3454 3469 3470 3471 3472 3473 
structure 4 3504 3602 3603 3604 
transfer 7 3506 17892 17893 3569 3570 3571 3572 
support 3 3598 3599 5473 
adaptive 5 3586 3587 3588 3589 3590 
searching 4 3448 8495 8496 8497 
mexican 5 3715 3717 3719 4954 4955 
drosophila 5 3430 3431 3432 3433 3434 
predictive 3 3643 3644 3645 
recommendation 4 3642 5381 9990 5674 
emprirical 3 3506 17892 18785 
health 3 3643 3644 3645 
reality 3 3618 3702 5304 
agent-based 7 3583 3584 3585 3619 3620 3621 3622 
geometry 1 3399 
scaling 2 3510 3511 
genomic 17 3416 3417 3418 3419 3420 3421 3422 3423 3424 3425 3426 3427 3428 3429 3521 12679 12680 
compliant 3 3607 3608 3609 
windturbine 3 3643 3644 3645 
scene 2 3702 3701 
revealing 3 3445 3446 3447 
delivery 4 3583 3585 5651 4892 
novel 2 4103 4104 
virtual 4 3618 4818 3702 5304 
spcctdm 6 3400 3401 3402 3403 3404 3405 
creation 6 3435 3436 3437 3438 3439 3440 
repositories 2 3683 3684 
ontologies 1 5473 
development 13 3702 4941 4942 5285 5775 5782 5781 3623 3624 3626 3655 4315 5473 
multimodal 3 3499 3500 3501 
constraint 2 3656 3657 
influence 14 3416 3417 3418 3419 3420 3421 3422 3423 3424 3425 3426 3427 3428 3429 
space 3 3521 12679 12680 
decision 12 3538 3539 3540 3541 3542 3543 3544 3680 3681 3682 4103 4104 
statistical 3 3399 3651 3652 
algorithm 7 3490 19417 19418 19419 3578 3579 3580 
acquisition 7 3623 3624 3626 3689 5475 6238 6239 
patients 15 3489 3490 3491 3492 3493 3494 3495 3666 3667 3668 3669 3670 3671 3672 3673 
domain-based 2 3391 3392 
rna 1 3504 
multi-keyword 4 3448 8495 8496 8497 
closed 4 3448 3449 3450 3451 
substructure 3 3506 17892 18785 
probability 1 3551 
clinical 16 3489 3490 3491 3492 3493 3494 3495 3510 3511 3538 3539 3540 3541 3542 3543 3544 
construction 5 3618 3702 5304 4941 4942 
products 6 3586 3587 3588 3589 3590 3968 
productivity 5 4151 5183 4192 5184 5185 
cuts 3 3389 3390 3391 
ideas 2 4103 4705 
garment-fitting 4 3634 3635 3636 3637 
stay 7 3383 3384 3385 3528 3529 3530 3531 
discriminative 4 3448 3449 3450 3451 
spatial 8 3406 3408 3409 3503 5381 5380 5382 5383 
responding 2 3584 4892 
developments 7 4168 5901 5902 5903 5904 5905 5906 
microrna 6 3452 3453 3454 3548 3549 3550 
seizure 3 3481 3482 3483 
frequent 4 3448 3449 3450 3451 
assays 4 3569 3570 3571 3572 
studying 3 3452 3453 3454 
product 33 3583 3612 3613 6358 6359 6360 3591 3592 3593 3598 3599 3618 3702 5161 5162 5163 5164 4864 5165 5285 5286 5775 5782 5781 3655 4315 4103 4705 4151 5183 4192 5184 5185 
reasoning 8 3666 3667 3668 3669 3670 3671 3672 3673 
persistent 7 3515 3516 3517 3518 3519 3520 3521 
classification 14 3474 3475 3476 3477 3505 3506 3512 3513 3514 3522 3532 3533 3651 3652 
improvement 8 4151 3968 5183 4192 5184 5185 3966 3967 
transcriptome-to-reactome 5 3463 3558 3561 3565 3568 
one-of-a-kind 3 3583 3612 3613 
method 24 3618 3702 5118 3701 5285 5286 3653 3654 3655 3666 3667 3668 3669 3670 3671 3672 3673 3686 4150 4151 4152 3968 3966 3967 
calculating 4 5381 5380 5382 5383 
accuracy 4 3399 3674 3675 3676 
design 29 3583 6564 3598 3599 3618 5161 5162 5163 5164 4864 5165 4865 4866 6285 5782 3619 3620 3621 3622 3656 3657 5183 4192 5184 6158 6159 3689 4682 4681 
warning 7 3489 3490 3491 3492 3493 3494 3495 
plc 7 3584 5643 5644 5645 5646 5647 5648 
manufacturing 50 3584 3585 4892 4168 4307 5557 3607 3608 3609 3618 4818 3702 3619 3620 3621 3622 5381 5674 5382 5673 3653 3654 3655 3680 3681 3682 3685 3686 4150 4151 4152 3968 5183 4192 5184 6158 6159 4191 4193 3687 3688 3689 3690 5471 5472 5473 5474 5475 4682 5639 
fdcluster 4 3448 3449 3450 3451 
technology 5 3462 3463 3598 4930 3681 
selective 4 3569 3570 3571 3572 
parametric 2 3583 6564 
recognition 9 3571 18671 18672 3610 3611 5381 5380 5382 5383 
variation 5 4151 5183 4192 5184 5185 
integrity 1 3577 
jit 5 3715 3717 3719 4954 4955 
study 15 3504 3506 17892 18785 3551 3715 3717 3719 4954 4955 3651 3652 3677 3678 3679 
computing 6 3393 3394 3395 3396 4103 4705 
weighted-fair-queuing 2 3601 7510 
studies 3 3413 3414 3415 
related 6 3400 3401 3402 3403 3404 3405 
variations 3 3507 3508 3509 
scanned 4 3634 3635 3636 3637 
partitioning 3 3968 3966 3967 
anesthesia 2 3462 3463 
level 3 3607 3608 3609 
plm 3 3702 5285 5775 
request 2 3601 7510 
age 9 3463 3558 3559 3560 3561 3562 3563 3564 3565 
sets 17 3389 3390 3391 3416 3417 3418 3419 3420 3421 3422 3423 3424 3425 3426 3427 3428 3429 
applications 10 3397 3398 3627 3674 3675 3676 3688 4998 4999 5000 
medicine 2 3651 3652 
biomedical 3 3552 3553 3554 
motifs 3 3478 3479 3480 
biology 3 3548 3549 3550 
joint 2 3600 3601 
reviews 4 3688 4998 4999 5000 
multistation 5 5183 4192 5184 6158 6159 
controlled 2 3651 3652 
damage 5 3463 3558 3561 3565 3568 
attenuates 5 3463 3558 3561 3565 3568 
topological 5 3430 3431 3432 3433 3434 
axioms 1 4682 
machine 6 3512 3513 3514 3674 3675 3676 
genome 15 3393 3394 3395 3396 3474 3475 3476 3477 3515 3516 3517 3518 3519 3520 3521 
detectors 1 3464 
cartoonplus 3 3521 12679 12680 
representing 2 3702 3701 
liver 8 3666 3667 3668 3669 3670 3671 3672 3673 
e-tourism 6 5381 9990 5674 14022 14023 14024 
conceptual 6 3598 3599 5381 5674 5382 5673 
mining 39 3383 3384 3385 3406 3408 3409 3412 3503 18924 18925 3448 3449 3450 3451 3478 3479 3480 3484 3489 3490 3491 3492 3493 3494 3495 3538 3539 3540 3541 3542 3543 3544 3547 3683 3684 3688 4998 4999 5000 
scale 3 3521 12679 12680 
actin 1 3504 
insight 4 3406 3408 3409 3503 
theory 1 3551 
mycobacterial 3 3416 3420 3502 
disease 25 3406 3408 3409 3503 3435 3436 3437 3438 3439 3440 3463 3558 3559 3560 3561 3562 3563 3564 3565 3568 3523 3524 3525 3526 3527 
network 18 3430 3431 3432 3433 3434 3478 3479 3480 3496 3497 3498 3569 3570 3571 3572 3583 6564 5473 
online 4 3551 3571 18671 18672 
subset 2 3651 3652 
risk 2 3510 3511 
homologues 3 3507 3508 3509 
layout 3 3618 3702 5304 
grid 3 9990 9991 3718 
mixed 3 3618 3702 5304 
colored 2 5782 5781 
develop 7 3538 3539 3540 3541 3542 3543 3544 
relevant 3 3459 3460 3461 
healthcare 6 3383 3384 3385 3413 3414 3415 
drug 9 3400 3401 3402 3403 3404 3405 3445 3446 3447 
building 6 3702 4941 4942 3631 3632 3633 
application 14 3613 6358 6359 6360 3643 3644 3645 3653 3654 3655 3681 3689 4682 4681 
standard 4 4864 4863 4865 4866 
blending 3 3618 3702 6557 
transition 3 3702 5285 5286 
biologists 1 3547 
pervasive 6 5381 9990 5674 14022 14023 14024 
rapid 3 3583 3612 3613 
concepts 2 3506 17892 
optimizing 4 3613 6358 6359 6360 
database 4 3509 3574 3575 3576 
tracts 7 3406 3407 3408 3409 3410 3411 3412 
human 30 3406 3407 3408 3409 3410 3411 3412 3503 3416 3420 3502 3463 3558 3559 3560 3561 3562 3563 3564 3565 3474 3475 3476 3477 3506 17892 17893 3571 18671 18672 
pass 4 3509 3574 3575 3576 
subgraph 4 3406 3408 3409 3503 
schema-based 2 3585 5557 
implementation 14 3607 3608 3609 3617 3618 3634 3635 3636 3637 3715 3717 3719 4954 4955 
identification 6 3386 3387 3388 3583 3612 3613 
advisor 6 5381 9990 5674 14022 14023 14024 
phase-type 4 3528 3529 3530 3531 
bridging 1 4682 
diagnosability 5 5183 4192 5184 6158 6159 
local 2 3532 3533 
smart 1 3968 
changes 2 3584 4892 
technique 4 3455 3456 3457 3458 
intelligent 26 3499 3500 3501 3583 3584 3585 5651 4892 4168 5901 5902 5903 5904 5905 5906 3643 3644 3645 3686 4151 3968 5805 5806 4192 4191 4193 
post-project 4 3688 4998 4999 5000 
understand 3 3413 3414 3415 
collaborative 2 3598 4930 
uncertainties 2 3583 6564 
visualizing 4 3455 3456 3457 3458 
metabolic 5 3389 3390 3391 3397 3398 
characterization 2 3532 3533 
equipment 2 3600 3601 
copd 5 3464 3465 3466 3467 3468 
optimal 7 3577 3583 3584 3585 3612 3613 5651 
customer 4 3613 6358 6359 6360 
production 12 3583 3584 3585 3612 3613 4892 4168 3689 5473 5475 6238 6239 
sample-growth 4 3448 3449 3450 3451 
feedback 3 3389 3390 3391 
organisms 3 3416 3420 3502 
nature 3 3445 3446 3447 
concurrent 3 3627 3655 4315 
unsupervised 2 3510 3511 
mutagenesis 1 3399 
resistance 3 3445 3446 3447 
feature 20 3435 3436 3437 3438 3439 3440 3469 3470 3471 3472 3473 3538 3539 3540 3541 3542 3543 3544 3685 3686 
boolean 3 3389 3390 3391 
genomics 2 3534 3535 
brain 16 3406 3407 3408 3409 3410 3411 3412 3503 18924 18925 3441 3442 3443 3444 3462 3463 
supplier 2 4103 4104 
hemodialysis 7 3538 3539 3540 3541 3542 3543 3544 
volatile 5 3464 3465 3466 3467 3468 
integrate 5 3523 3524 3525 3526 3527 
scanning 3 3631 3632 3633 
trend 4 3528 3529 3530 3531 
contents 6 3400 3401 3402 3403 3404 3405 
international 2 3651 3652 
blood 4 3441 3442 3443 3444 
structures 14 3416 3417 3418 3419 3420 3421 3422 3423 3424 3425 3426 3427 3428 3429 
models 7 3528 3529 3530 3531 3602 3603 3604 
big-data 3 9990 13880 13881 
ppi 5 3523 3524 3525 3526 3527 
biotextretriever 3 3459 3460 3461 
coronary 6 3435 3436 3437 3438 3439 3440 
node-colored 3 3478 3479 3480 
low 5 3463 3558 3561 3565 3568 
diagnosing 5 3464 3465 3466 3467 3468 
trends 3 3478 3479 3480 
complex 8 3586 3587 3588 3589 3590 3677 3678 3679 
minimum 3 3389 3390 3391 
prescription 6 3400 3401 3402 3403 3404 3405 
events 7 3538 3539 3540 3541 3542 3543 3544 
mri 2 3505 3506 
data 85 3383 3384 3385 3413 3414 3415 3416 3417 3418 3419 3420 3421 3422 3423 3424 3425 3426 3427 3428 3429 3455 3456 3457 3458 3464 3484 3485 3486 3487 3488 3489 3490 3491 3492 3493 3494 3495 3496 3497 3498 3506 17892 3512 3513 3514 3523 3524 3525 3526 3527 3528 3529 3530 3531 3538 3539 3540 3541 3542 3543 3544 3547 3577 3578 3579 3580 3702 3701 3623 3624 3626 3634 3635 3636 3637 9990 9991 3718 3968 3966 3967 3689 5475 6238 6239 
reveals 9 3463 3558 3559 3560 3561 3562 3563 3564 3565 
use 1 3551 
digital 7 3602 3603 3604 5381 5380 5382 5383 
component-based 7 3584 5643 5644 5645 5646 5647 5648 
likelihood 1 3464 
probes 7 3515 3516 3517 3518 3519 3520 3521 
designed 5 3523 3524 3525 3526 3527 
document 3 3552 3553 3554 
figure 3 3552 3553 3554 
topology 3 3496 3497 3498 
multi-criteria 2 4103 4104 
particularization 3 9990 9991 3718 
debugging 4 3623 3624 3625 3626 
direct 2 3617 3618 
pathway 4 3441 3442 3443 3444 
catalogue 6 3400 3401 3402 3403 3404 3405 
species 1 3573 
lmi 2 3656 3657 
documents 4 4865 4866 6285 5782 
metabolism 2 3462 3463 
seed 3 3548 3549 3550 
messrs 4 5381 5380 5382 5383 
semantic-based 5 3638 3639 3640 3641 3642 
interoperability 13 3651 3652 3687 3689 3690 5471 5472 5473 5474 5475 4682 6238 6239 
learning 16 3490 19417 19418 19419 3506 17892 17893 3512 3513 3514 3569 3570 3571 3572 18671 18672 
fault 2 3685 3686 
material 2 3600 3601 
selection 22 3469 3470 3471 3472 3473 3538 3539 3540 3541 3542 3543 3544 3613 6358 6359 6360 3680 3681 3682 4103 4705 4104 
ensemble 5 3464 3465 3466 3467 3468 
enterprises 4 3689 5475 6238 6239 
preference 3 3682 4103 4705 
practice 3 3663 3664 3665 
modeling 26 3399 3583 3584 3585 3612 3613 5643 5644 5645 5646 5647 5648 5557 3598 3599 5782 5781 3623 3624 3625 3626 3685 3686 3968 3966 3967 
histories 2 3683 3684 
domain-specific 4 3623 3624 3625 3626 
cancer 12 3441 3442 3443 3444 3666 3667 3668 3669 3670 3671 3672 3673 
hypometabolism 9 3463 3558 3559 3560 3561 3562 3563 3564 3565 
dimensioning 1 3627 
vocabularies 2 3651 3652 
e-maintenance 5 3686 4151 3968 5805 5806 
architectures 5 3585 4168 9990 9991 3718 
values 2 3682 19714 
exploiting 3 9990 9991 3718 
metrics 2 3585 4168 
speta 6 5381 9990 5674 14022 14023 14024 
considering 2 3583 6564 
germany 2 3581 3582 
parameters 3 3583 3612 3613 
mitoneet 5 3463 3558 3561 3565 3568 
deterioration 7 3489 3490 3491 3492 3493 3494 3495 
metaheuristic 3 3578 3579 3580 
networks 16 3389 3390 3391 3397 3398 3496 3497 3498 3536 3537 3548 3549 3550 4168 5880 5881 
control 10 3585 4168 4307 3586 3587 3588 3589 3590 3656 3657 
assigns 4 3441 3442 3443 3444 
text 4 3688 4998 4999 5000 
index 7 3515 3516 3517 3518 3519 3520 3521 
belief 2 3682 19714 
localization 3 4168 5880 5881 
condition 5 3643 3644 3645 3685 3686 
maintenance 3 3643 3644 3645 
white 7 3406 3407 3408 3409 3410 3411 3412 
human-human 2 3618 5118 
alternative 3 4168 5880 5881 
surfaces 2 3532 3533 
forest 7 3538 3539 3540 3541 3542 3543 3544 
providing 3 3631 3632 3633 
extraction 2 3685 3686 
spark 4 3393 3394 3395 3396 
workflow 7 3523 3524 3525 3526 3527 5782 5781 
arabidopsis 3 3548 3549 3550 
logic 1 4682 
tolerancing 1 3627 
discontinuity 3 3702 5285 5286 
visgenome 3 3521 12679 12680 
case-based 8 3666 3667 3668 3669 3670 3671 3672 3673 
data-driven 3 3618 3702 6557 
multimedia-supported 2 3598 4930 
passive 3 4168 5880 5881 
case 13 3413 3414 3415 3715 3717 3719 4954 4955 3651 3652 3677 3678 3679 
d-cad 2 3598 4930 
early 12 3463 3558 3561 3565 3568 3489 3490 3491 3492 3493 3494 3495 
model 20 3389 3390 3391 3702 4864 5285 5775 4863 4865 4866 6285 5782 5381 5674 5382 5673 3683 3684 3688 5639 
pole-placement 2 3656 3657 
testbed 3 3506 17892 17893 
superfamilies 4 3509 3574 3575 3576 
isoflurane 2 3462 3463 
nets 2 5782 5781 
exhaled 5 3464 3465 3466 3467 3468 
large-scale 3 3571 18671 18672 
regions 5 3409 3412 3503 18924 18925 
engineering 3 3627 3688 5639 
dose 5 3463 3558 3561 3565 3568 
incomplete 2 4103 4104 
cae 2 3617 3618 
cad 8 3618 5118 4864 4863 4865 4866 6285 5782 
weighted 3 3481 3482 3483 
regulation-based 7 3618 5161 5162 5163 5164 4864 5165 
agent-oriented 2 3585 5557 
performance 14 3512 3513 3514 3585 4168 9990 13880 13881 3685 3686 4150 4151 4152 3968 
allocation 5 5183 4192 5184 6158 6159 
real-time 3 9990 13880 13881 
protein-protein 5 3391 3392 3416 3420 3502 
cam 2 3617 3618 
exerting 6 3435 3436 3437 3438 3439 3440 
multiple 15 3569 3570 3571 3572 3666 3667 3668 3669 3670 3671 3672 3673 3682 4103 4705 
uncertainty 5 3586 3587 3588 3589 3590 
interactions 19 3391 3392 3416 3417 3418 3419 3420 3421 3422 3423 3424 3425 3426 3427 3428 3429 3502 3534 3535 
animal 1 3504 
standardised 4 3689 5475 6238 6239 
customer-centric 3 3583 3612 3613 
interpreting 4 3455 3456 3457 3458 
functions 16 3416 3417 3418 3419 3420 3421 3422 3423 3424 3425 3426 3427 3428 3429 3536 3537 
constraint-based 3 3583 3584 3585 
principles 3 3677 3678 3679 
deformation 3 3521 12679 12680 
reference 4 3591 3592 3593 5473 
organic 5 3464 3465 3466 3467 3468 
supporting 3 3521 12679 12680 
genetic 5 3523 3524 3525 3526 3527 
service 17 3607 3608 3609 3618 5161 5162 5163 5164 4864 5165 3718 3715 3716 3717 3719 3720 3968 
classifier 5 3464 3465 3466 3467 3468 
operations 4 3619 3620 3621 3622 
high 4 3448 8495 8496 8497 
aging-genes 5 3430 3431 3432 3433 3434 
electronics 3 3702 5285 5775 
personalized 3 3571 18671 18672 
automated 2 3600 3601 
connectome 4 3406 3408 3409 3503 
test 3 3578 3579 3580 
domains 3 9990 13880 13881 
indexing 4 3448 8495 8496 8497 
brokerage 6 3718 3715 3716 3717 3719 3720 
diagnosis 15 3435 3436 3437 3438 3439 3440 3522 3686 4150 4151 4152 3968 4192 4191 4193 
affymetrix 7 3515 3516 3517 3518 3519 3520 3521 
cuckoo 3 3578 3579 3580 
regression 1 3681 
mechanism 2 3584 4892 
graph-based 4 3505 3506 17892 17893 
uml 3 3689 4682 4681 
annotation 4 5381 5380 5382 5383 
hierarchical 7 3406 3407 3408 3409 3410 3411 3412 
open 3 3689 4682 4681 
inexact 2 3506 17892 
deployment 3 3682 4103 4705 
industry 6 3702 5285 5775 3653 3654 3655 
real-estate 3 3631 3632 3633 
information 21 3400 3401 3402 3403 3404 3405 3631 3632 3633 3663 3664 3665 3681 4103 4104 3689 5475 4682 4681 6238 6239 
platform 6 3551 3638 3639 3640 3641 3642 
continuous 2 3702 3701 
random 7 3538 3539 3540 3541 3542 3543 3544 
interaction 12 3409 3412 3503 18924 18925 3496 3497 3498 3536 3537 3618 5118 
analytics 1 3577 
measurements 8 3666 3667 3668 3669 3670 3671 3672 3673 
visual 3 3968 3966 3967 
inputs 3 3499 3500 3501 
planning 3 3618 3702 5304 
vertex 3 3389 3390 3391 
conventions 3 3602 3603 3604 
combination 3 3481 3482 3483 
language 4 3623 3624 3625 3626 
approaches 5 3391 3392 4168 5880 5881 
reaction 3 3389 3390 3391 
stream 9 3448 8495 8496 8497 4151 5183 4192 5184 5185 
collaboration 10 3583 3584 3585 3618 3702 5118 5285 5775 3688 5639 
assembly 7 3586 3587 3588 3589 3590 3610 3611 
link 4 3642 5381 9990 5674 
biclusters 4 3448 3449 3450 3451 
techniques 3 3512 3513 3514 
mapping 8 3515 3516 3517 3518 3519 3520 3521 4682 
retrieval 7 3552 3553 3554 4865 4866 6285 5782 
diseases 2 3651 3652 
cargo 2 3600 3601 
costs 3 3663 3664 3665 
version 2 3683 3684 
length 10 3383 3384 3385 3507 3508 3509 3528 3529 3530 3531 
cscw-based 2 3618 5118 
artery 6 3435 3436 3437 3438 3439 3440 
multichannel 3 3618 4818 3702 
centered 4 3441 3442 3443 3444 
module 3 3618 4818 3702 
robust 4 3490 19417 19418 19419 
phylogeny 1 3504 
automation 10 4168 5901 5902 5903 5904 5905 5906 3607 3608 3609 
epileptic 3 3481 3482 3483 
associative 1 3522 
model-driven 9 3687 3689 3690 5471 5472 5473 5474 5475 4682 
framework 11 3591 3592 3593 3702 4941 4942 4103 4104 3689 4682 4681 
research 5 3586 3587 3588 3589 3590 
process 20 3586 3587 3588 3589 3590 5782 5781 9990 13880 13881 3683 3684 3686 4150 4151 4152 3968 3689 4682 4681 
integrated 6 3680 3681 3682 4192 4191 4193 
point 3 3702 5285 5286 
combinatorial 2 3397 3398 
industrial 18 4168 5901 5902 5903 5904 5905 5906 5381 5674 5382 5673 3677 3678 3679 3689 5475 6238 6239 
cloud 11 3448 8495 8496 8497 3640 3641 3642 7711 9990 9991 3718 
self-organizing 3 3532 3533 3573 
improving 1 3399 
based 41 3399 3552 3553 3554 3583 3585 3612 3613 5651 3601 7510 3610 3611 3702 3701 4865 4866 6285 5782 3677 3678 3679 4103 4705 3686 4150 4151 4152 3968 5183 4192 5184 5185 3966 3967 6158 6159 3687 3688 3689 3690 
cortex 2 3462 3463 
functional 8 3430 3431 3432 3433 3434 3534 3535 3627 
infer 1 3573 
structural 15 3478 3479 3480 3506 17892 3509 3574 3575 3576 3552 3553 3554 3702 4941 4942 
repeats 4 3474 3475 3476 3477 
structure-based 4 3509 3574 3575 3576 
impact 2 3683 3684 
sources 8 3485 3486 3487 3488 3687 3688 3689 3690 
biobanks 2 3581 3582 
function 3 3682 4103 4705 
semiconductor 2 3685 3686 
scheduling 10 3583 3584 3585 5651 4892 3600 3601 7510 3655 4315 
tools 12 3538 3539 3540 3541 3542 3543 3544 3686 4151 3968 5805 5806 
degree-based 2 3682 19714 
biosimulation 11 3462 3463 3558 3559 3560 3561 3562 3563 3564 3565 3568 
supervisory 3 3677 3678 3679 
model-based 8 3490 19417 19418 19419 5381 5380 5382 5383 
survey 5 3715 3717 3719 4954 4955 
algorithms 10 17839 17840 3397 3398 3435 3436 3437 3438 3439 3440 
reactive 4 3584 3585 4892 4168 
phylogenies 1 3573 
linked 3 9990 9991 3718 
maquiladoras 5 3715 3717 3719 4954 4955 
systems 36 3445 3446 3447 3584 3585 5643 5644 5645 5646 5647 5648 4168 4307 5557 3623 3624 3625 3626 3663 3664 3665 3677 3678 3679 3680 3681 3682 3685 3686 3968 5183 4192 5184 6158 6159 5473 
status 8 3666 3667 3668 3669 3670 3671 3672 3673 
global 1 5473 
intellectual 1 3551 
decision-making 6 3702 5285 5286 3682 4103 4705 
property 2 3581 3582 
modelling 3 3631 3632 3633 
shape 2 3505 3506 
stable 2 3656 3657 
signals 3 3481 3482 3483 
transcriptional 4 3441 3442 3443 3444 
similarity-based 2 3685 3686 
formal 7 3584 5643 5644 5645 5646 5647 5648 
environment 13 3598 4930 3618 3702 5304 3619 3620 3621 3622 3640 3641 3642 7711 
representation 4 5381 5674 5382 5673 
transcriptomic 3 3496 3497 3498 
regulation 3 3452 3453 3454 
regulated 3 3548 3549 3550 
neurons 5 3463 3558 3561 3565 3568 
management 11 3591 3592 3593 3638 3639 3640 3641 3642 3663 3664 3665 
bim-based 3 3702 4941 4942 
efficient 7 3448 3449 3450 3451 8495 8496 8497 
agents 1 3551 
issue 3 9990 9991 3718 
analytical 2 3685 3686 
object 3 4168 5880 5881 
evaluation 5 3682 19714 3968 3966 3967 
storytelling 2 17839 17840 
sharing 9 3687 3689 3690 5471 5472 5473 5474 5475 4682 
graph 5 3478 3479 3480 3702 3701 
time-of-flight 3 3674 3675 3676 
recurrent 8 3666 3667 3668 3669 3670 3671 3672 3673 
interactive 6 3413 3414 3415 3618 3702 6557 
dis 5 3523 3524 3525 3526 3527 
rule 4 4865 4866 6285 5782 
finding 3 3389 3390 3391 
density-based 7 3406 3407 3408 3409 3410 3411 3412 
making 10 3538 3539 3540 3541 3542 3543 3544 3680 3681 3682 
activation 4 3441 3442 3443 3444 
cameras 3 3674 3675 3676 
proactive 3 3591 3592 3593 
funding 5 3638 3639 3640 3641 3642 
terminals 2 3600 3601 
vision 3 3674 3675 3676 
website 4 4864 4863 4865 4866 
tumour 3 3445 3446 3447 
matter 7 3406 3407 3408 3409 3410 3411 3412 
evaluating 7 3585 4168 5880 5881 3702 5285 5286 
origin 3 3445 3446 3447 
three-layered 3 3653 3654 3655 
rules 1 3522 
soft 2 4103 4705 
alzheimer 14 3406 3408 3409 3503 3463 3558 3559 3560 3561 3562 3563 3564 3565 3568 
proteomic 5 3523 3524 3525 3526 3527 
technologies 8 9990 9991 3718 3715 3716 3717 3719 3720 
massive 2 3510 3511 
maps 1 3573 
special 3 9990 9991 3718 
turkey 1 3681 
benefits 10 3506 17892 18785 3663 3664 3665 3688 4998 4999 5000 
group 5 3680 3681 3682 4103 4705 
