<Keyword> <No of vertices> <vertex1> <vertex2> .... <vertexN> 
analyzing 3 4224 4397 4398 
external 2 1161 17640 
desktop 1 8580 
managing 2 16499 16500 
wavelet 1 76 
minimization 4 1021 1022 1023 1024 
networked 1 5686 
time 1 1161 
eads 3 3616 3614 3615 
it-solutions 2 4224 6283 
materials 1 4914 
semantics 9 297 30 31 290 987 179 180 181 182 
event 1 5671 
movement 7 2254 2255 2256 2258 2259 2260 2261 
advanced 10 4947 4948 9246 4224 9250 9251 9252 9253 9254 9255 
role 3 17134 15789 15790 
systematic 1 4884 
product-service 1 5671 
generation 5 3616 8774 12368 585 10579 
objects 5 18112 17861 18111 1873 18113 
organisational 1 4423 
nexus 6 10877 10878 10879 10880 10881 10882 
partial 2 1161 17640 
reorganization 3 19127 19128 19129 
evolution 5 5181 5182 4048 3749 3750 
exponentially 1 259 
project 2 8901 19129 
european 1 5721 
divers 3 8774 12368 12367 
multistep 2 18337 18338 
components 8 3616 6320 6321 6322 6323 6324 4791 4792 
bioinformatics 5 9477 9478 9479 290 7477 
big 4 17861 17858 17859 17860 
compatibility 2 380 381 
dynamic 20 5050 5051 3750 3821 12716 12717 12718 12719 12720 12721 12722 12723 7244 8642 4423 7241 7242 7243 7814 7816 
knowledge 6 3616 10901 16382 16383 3614 3615 
carlo 2 7798 7803 
comparing 3 290 1623 162 
recursively 1 1522 
net 1 16785 
training 2 10414 10413 
transform 1 76 
enumerable 1 1522 
re-encryption 3 10499 12162 12163 
classes 3 1736 1735 1737 
keys 1 126 
dissemination 2 17134 4914 
connectivity 6 9938 9939 9940 9941 1640 1641 
prospects 1 19129 
indicators 2 5087 5086 
new 13 17134 6924 7244 12167 12168 12169 12170 15236 16499 761 708 10579 16500 
utility 1 7814 
bottleneck 1 5346 
developer 1 16785 
tile 1 3819 
library 1 7477 
base 2 4137 3750 
next-generation 3 3750 5123 4604 
guest 2 10901 19129 
datalog 3 1736 1735 1737 
testing 2 1640 1641 
public 4 10496 8737 10498 10499 
physical 1 7814 
computational 5 7103 7104 7105 585 761 
client 3 3616 4791 4792 
gridrpc 4 9344 9345 9346 9347 
tool 3 4879 15346 6169 
distributed 34 3616 4947 4948 3821 10881 12548 12844 13579 1009 4791 4792 3819 3820 3822 11906 11907 11908 11909 11910 11911 11912 11913 11914 11915 11916 11917 11918 11919 11920 11921 11922 7472 11923 8580 
firms 6 5721 15236 16133 17120 16615 10579 
architecture 23 3616 5181 5182 5671 7794 9244 9245 9246 9247 7244 8774 12368 12844 297 5087 5086 5858 4791 4792 7472 7477 7793 12367 
qualification 1 4563 
software 8 4879 4883 5181 5182 16785 5010 5011 5012 
height 3 963 964 965 
pessimistic 2 380 381 
description 3 6922 6923 6924 
reputation 3 7244 7242 7243 
processing 2 9070 9071 
perspective 3 12051 12052 12053 
motion 7 2254 2255 2256 2258 2259 2260 2261 
climate 2 9070 9071 
opportunistic 2 8774 12368 
processes 7 3749 5087 5086 4562 4613 4563 3819 
constructs 3 3749 3750 3748 
automatic 3 4962 4963 4964 
multi-coloring 1 259 
display 8 12716 12717 12718 12719 12720 12721 12722 12723 
code 3 8774 12368 12367 
it-based 1 3616 
entrepreneurial 2 16615 16022 
bounds 1 708 
active 3 13107 13108 13109 
sparse 4 9344 9345 9346 9347 
extending 4 1736 259 1735 1737 
heterogeneous 10 6924 7244 8236 8237 8239 10319 10320 10321 7242 7243 
update 3 4358 4359 4361 
evidence 4 15236 16133 17120 16615 
occasion 2 290 380 
transitional 1 16615 
webflow 1 7814 
analysis 19 17134 7794 9246 9477 9478 9479 11950 17416 17417 290 380 7472 7477 7793 12572 1735 7798 7803 7814 
simulation 6 4947 4948 5671 10898 10900 10901 
business 8 4879 5721 15789 4423 6169 13757 13758 15790 
par 1 401 
sequential 2 10240 10241 
findings 3 7794 13559 13560 
quantum 4 1021 1022 1023 1024 
fuzzy 1 4914 
statements 1 4563 
rational 1 401 
red-black 1 259 
universal 2 939 938 
grai 1 3750 
sites 1 7803 
recognizable 1 14 
constant 1 259 
updates 3 259 19022 19023 
m-nets 4 179 180 181 182 
lessons 2 10414 11320 
precision 3 4962 4963 4964 
layer 2 7472 7477 
semantic 1 761 
variance 3 10414 11320 12497 
iterative 1 1092 
theoretical 1 259 
transformation 5 8737 15346 8734 8735 8736 
metatheorems 2 1206 1207 
outsourcing 2 8774 8773 
bijection 1 401 
java 1 8658 
assessment 2 5346 3819 
searchable 4 8737 8734 8735 8736 
graphs 3 18112 19144 17861 
generalized 6 5671 9344 9345 9346 9347 1161 
jobs 1 8580 
telemedicine 3 7103 7104 7105 
neural 2 10414 10413 
substitution 1 1762 
bio-medical 3 9765 9767 9768 
sensor 1 12844 
stroke 7 2254 2255 2256 2258 2259 2260 2261 
languages 11 14 1206 1207 179 180 181 182 444 445 1522 1194 
improved 2 1161 422 
overhead 3 13107 13108 13109 
fostering 1 3614 
social 7 10877 14486 14487 14488 8385 13481 13482 
report 1 8901 
graphical 3 3616 3614 3615 
orientation 2 16615 16022 
support 12 4884 4358 4359 4361 14141 14142 14143 3821 3819 3820 3822 8540 
quarknet 6 12982 12983 12984 12985 12986 10575 
searching 1 126 
privacy 3 9765 9767 9768 
syntax-directed 1 761 
expansions 2 1161 17640 
health 6 6320 6321 6322 6323 6324 8385 
scaling 5 5181 5182 12186 12187 12188 
redundancy 2 8774 12368 
verification 2 4562 4563 
querying 1 8540 
filters 2 939 1766 
survivors 7 2254 2255 2256 2258 2259 2260 2261 
virtual 6 6580 6581 6582 8353 8354 4423 
home 1 1205 
contextual 1 304 
binary 6 1161 963 964 965 621 1873 
maturity 1 3819 
europe 1 7794 
vehicle 3 8236 8237 8239 
proof 1 987 
constraint-induced 7 2254 2255 2256 2258 2259 2260 2261 
build 1 6283 
space 1 1161 
geram 1 4884 
decision 7 14141 14142 14143 3750 3821 1206 1207 
reservoir 7 7594 7595 7596 7597 7598 7599 7600 
realizations 2 304 305 
subscribe 1 7814 
clean 2 6963 6965 
eacute 1 401 
in-network 2 8774 12368 
probabilistic 3 18112 19144 17861 
construction 1 1009 
inducing 1 17134 
editorial 5 5721 14539 3750 5123 4604 
green 3 8737 10099 10100 
vogler 2 290 380 
pafas 2 290 1623 
reasoning 1 8540 
formulas 1 859 
typology 1 15346 
emulation-based 2 4912 4914 
method 6 3750 9344 9345 9346 9347 873 
force 7 9246 9250 9251 9252 9253 9254 9255 
efficiency 3 290 1623 1161 
dasdbs 1 19129 
speedup 2 8774 12368 
quotient 2 444 445 
manufacturing 10 5050 5051 5721 5346 15236 16133 4912 4914 13757 13758 
disk 3 19127 19128 19129 
authorization 5 9244 9245 9246 9247 7244 
type 2 304 305 
algebraic 1 297 
foundations 2 7814 7816 
on-demand 6 9768 11843 11844 7798 11845 7803 
family 2 444 445 
hyperedge 3 304 1206 1207 
action 2 5504 5505 
isda 3 7794 13559 13560 
applications 14 5181 5182 7422 10240 10241 6963 6965 7596 7599 12186 12187 12188 8579 8580 
langages 1 401 
biomedical 4 9609 9610 9611 9612 
mesh 4 9938 9939 9940 9941 
workshop 3 7794 13559 13560 
efficiently 4 9938 9939 9940 9941 
pki 2 6924 7244 
genome 3 9477 9478 9479 
requires 3 10414 11320 12497 
stereotypes 1 6567 
clusters 3 13107 13108 13109 
generalizing 4 9067 9069 9070 9071 
grelc 2 7472 7477 
surveys 1 10901 
hybrid 3 939 938 1873 
conceptual 3 6349 6350 6351 
subregular 2 939 1766 
scale 1 7803 
verifying 4 3749 4562 4613 4563 
writing 4 3749 4562 4613 4563 
security 2 6924 7244 
requirements 4 3749 4562 4613 4563 
silicon 2 17416 17417 
investment 3 5721 13757 13758 
upsl-se 1 4563 
path 1 259 
grid 48 10881 9244 9245 9246 9247 7244 9477 9478 9479 9768 9070 9071 13579 12982 12983 12984 12985 12986 10575 8642 290 11906 11907 11908 11909 11910 11911 11912 11913 11914 11915 11916 11917 11918 11919 11920 11921 11922 7472 11923 7477 11843 11844 7798 11845 7803 7814 7816 
quantitative 2 5087 5086 
algebras 1 290 
relevant 1 4914 
innovation 11 15346 15789 16651 16652 16499 16615 3614 10579 15790 16022 17379 
hla 1 5671 
building 4 4884 10901 7814 7816 
political 1 10579 
validation 1 4563 
customisation 2 4224 6283 
geospatial 20 10881 11906 11907 11908 11909 11910 11911 11912 11913 11914 11915 11916 11917 11918 11919 11920 11921 11922 7472 11923 
problem 5 8236 8237 8239 7814 7816 
inherited 1 761 
escience 6 10877 8385 13481 13482 7472 7477 
past 3 3616 4137 3750 
interface 5 13107 13108 13109 380 381 
concepts 1 4914 
database 4 19127 19128 19129 7803 
optimizing 5 7596 7599 8579 8580 7814 
grammar 1 1762 
rendering 5 7201 7202 7203 10698 10699 
balanced 1 259 
objectives 1 19129 
implementation 6 5181 5182 6924 10319 10320 10321 
scientific 14 12167 12168 12169 12170 9070 9071 10575 8640 8642 10576 10577 8540 10578 10579 
locality 2 290 162 
product-driven 2 4912 4914 
crossroads 9 4879 4880 4881 4882 4883 4884 4885 4886 4887 
bridging 2 16382 16383 
competitive 1 290 
energy 1 4914 
step 1 987 
allowance 3 4962 4963 4964 
exposing 2 10240 10241 
production 4 6567 6349 6350 6351 
concurrent 7 162 163 179 180 181 182 621 
goal-oriented 1 16022 
pipelined 1 8540 
elements 1 3819 
structured 3 5721 14020 14021 
template 3 4358 4359 4361 
provably 1 12709 
iso 1 4884 
consistency 1 7814 
isr 1 4884 
trace-based 1 30 
log 3 17728 17729 1736 
structures 1 126 
models 9 6567 17728 17729 1736 15789 297 4563 3819 15790 
roles 1 10579 
low 3 13107 13108 13109 
identity-based 3 10499 12162 12163 
globus 7 8901 10877 10878 10879 10880 10881 10882 
complex 3 5346 17120 16615 
non-structured 3 3616 3614 3615 
malicious 2 6963 6965 
coordination 1 3819 
archives 3 7794 7477 7793 
use 5 6320 6321 6322 6323 6324 
states 5 1021 1022 1023 1024 1205 
chase 1 1735 
versioning 3 8774 12368 12367 
platforms 1 8658 
component-based 4 7596 7599 8579 8580 
scenarios 1 5671 
messages 3 13107 13108 13109 
life 1 7477 
meta-modelling 3 3749 3750 3748 
proxy 4 12709 10499 12162 12163 
revisited 1 259 
customization 1 6283 
publish 1 7814 
collections 3 8642 7814 7816 
flexibilities 1 16615 
platform-as-a-service 6 10877 10878 10879 10880 10881 10882 
optimise 2 10414 10413 
familles 1 401 
learning 10 6580 6581 6582 15236 12982 12983 12984 12985 12986 10575 
material 1 4914 
rfid 2 4947 4948 
assignment 6 18985 18986 18987 18988 18989 18990 
computer-mediated 1 16785 
challenge 1 5686 
quad 1 126 
practice 1 3616 
multiway 1 1161 
chart 2 17416 17417 
remote-sensing 3 7794 7477 7793 
elementary 3 3749 3750 3748 
rationell 1 401 
grids 8 9067 9069 9070 9071 7477 8580 7814 7816 
emergency 3 14486 14487 14488 
science 3 4137 3750 7477 
architectures 9 3616 4137 3750 9244 9245 9246 9247 7244 12572 
exploiting 5 12054 8774 12368 12548 12367 
practical 3 1161 19887 19888 
simulation-based 1 5346 
cryptosystem 4 10496 8737 10498 10499 
formulation 1 17828 
automating 2 7814 7816 
demand 3 4224 4397 4398 
china 4 16785 16499 17120 16615 
control 17 7244 2254 2255 2256 2258 2259 2260 2261 7209 7210 19022 19023 4912 4914 7241 7242 7243 
spare 5 6320 6321 6322 6323 6324 
storing 1 8540 
preliminary 10 5721 2254 2255 2256 2258 2259 2260 2261 13757 13758 
evolving 4 17861 17858 17859 17860 
period 2 8236 8237 
cost 2 10414 10413 
prolog 1 1009 
decidability 5 345 1021 1022 1023 1024 
medigrid 3 9477 9478 9479 
data-driven 7 7594 7595 7596 7597 7598 7599 7600 
islands 2 16382 16383 
case 10 3616 3750 11950 15789 16651 16652 632 633 3614 3615 
innovative 1 16785 
early 1 7477 
canon 1 17134 
flux 2 7798 7803 
lru 1 259 
large-scale 9 10898 10900 10901 18985 18986 18987 18988 18989 18990 
regions 1 15236 
peer-to-peer 2 7814 7816 
adaption 3 9477 9478 9479 
criticality 1 5346 
ranging 3 1736 1735 1737 
failure-based 2 30 31 
federation 22 10881 11906 11907 11908 11909 11910 11911 11912 11913 11914 11915 11916 11917 11918 11919 11920 11921 11922 7472 11923 7814 7816 
performance 27 5721 4048 3749 7794 10414 8658 8353 8354 9765 9767 9768 8642 16499 290 1014 17640 5087 5086 5858 4912 4914 13757 13758 11320 12497 7814 7816 
interdisciplinary 1 4884 
multiple 1 8658 
triggered 8 12716 12717 12718 12719 12720 12721 12722 12723 
profile 6 10877 10878 10879 10880 10881 10882 
protocol 2 4914 7477 
auditable 2 8774 8773 
regular 1 1194 
community 7 9067 9069 9070 9071 16785 17416 17417 
extended 6 4879 4883 1014 5010 5011 5012 
legitimacy 1 15236 
general 4 8737 8734 8735 8736 
reference 1 1009 
effect 3 5721 13757 13758 
learned 2 10414 11320 
smes 4 5087 5086 5858 6283 
trellis 1 288 
infrastructures 7 5181 5182 9246 12186 12187 12188 12572 
freight 2 4947 4948 
implementing 8 10414 9609 9610 9611 9612 76 4423 11320 
gridftp 1 7477 
high 6 5671 7794 15236 8642 7814 7816 
transformations 1 14 
interoperable 6 4048 3749 9609 9610 9611 9612 
sparsity 3 8774 12368 12367 
forbidding 2 1247 1249 
ties 1 10579 
mechanism 3 7244 7242 7243 
ccs 1 987 
uml 1 6567 
equivalences 1 162 
simulating 5 7201 7202 7203 7199 7204 
tree 3 14 304 305 
industry 10 4879 3750 15346 16499 6169 4562 4563 5123 4604 16500 
strategies 4 17120 16615 123 124 
platform 2 4947 4948 
games 7 2254 2255 2256 2258 2259 2260 2261 
continuous 1 3614 
outsourced 3 12051 12052 12053 
random 2 19154 10414 
operational 1 297 
antecedents 1 16022 
geo-fencing 1 1873 
visual 4 6924 10319 10320 10321 
planning 8 3821 6349 6350 6351 4224 3819 3820 3822 
bsp 3 10414 10413 11320 
combination 3 123 124 1873 
closure 2 288 1194 
approaches 1 11950 
l-systems 2 76 585 
resurcive 1 76 
bootstrap 2 7798 7803 
translation 3 3749 3750 3748 
range 1 126 
backward 1 14 
complexity 8 1736 297 708 385 386 387 1735 1737 
secure 12 12709 8737 9768 8734 8735 11843 11844 7798 11845 7803 7814 7816 
techniques 3 10901 17593 1735 
retrieval 1 126 
valley 2 17416 17417 
computers 1 17134 
words 2 1247 1249 
transport 3 6349 6350 6351 
coopetition 3 15789 16022 17379 
unfolding 2 123 124 
opm-compliant 1 8540 
interdependencies 3 4224 4397 4398 
networking 1 7794 
uncertain 5 18112 17861 18111 1873 18113 
bioinfomatics 2 7472 7477 
semi 2 17416 17417 
model-driven 1 5123 
undecidability 1 422 
framework 22 4884 4358 4359 4361 5050 5051 7103 7104 7105 7422 11850 6922 6923 6924 13579 16382 16383 5087 5086 5858 4563 7814 
process 17 6567 4879 3821 6349 6350 6351 17728 17729 1736 290 295 233 4423 6169 3819 3820 3822 
discrete 1 5671 
chain 5 3821 5858 3819 3820 3822 
databases 4 17593 18337 18338 8540 
fractal 1 585 
improving 6 5721 8353 8354 1161 14020 14021 
translating 3 18737 18738 18739 
swift 3 6922 6923 6924 
structural 1 3819 
remote 5 7201 7202 7203 10698 10699 
usee 1 4914 
function 2 76 259 
scheduling 7 5346 9070 9071 7209 7210 4224 7814 
mass 2 4224 6283 
semiconductor 2 17416 17417 
counter-measures 4 7244 7241 7242 7243 
survey 4 8737 181 8734 8735 
annex 1 4884 
metadata 2 7814 7816 
forests 2 19154 10414 
chromatic 1 621 
checkpointing 1 12054 
status 1 8901 
enterprise 22 3616 4879 4880 4881 4882 4883 4884 4885 4886 4887 3749 4137 3750 4423 4424 5858 4791 4792 6169 3748 4563 5123 
laios 1 1009 
permission 2 6963 6965 
decision-making 6 3821 5087 5086 3819 3820 3822 
formal 5 6922 6923 6924 1014 4563 
cognitive 1 15236 
toolkits 2 7814 7816 
batch 6 10496 8737 10498 10499 19022 19023 
representation 2 8640 8642 
amortized 1 259 
jane 1 11850 
exposure 1 7422 
alignment 2 7472 7477 
contrasting 2 6963 6965 
issue 7 5721 14539 3750 290 380 5123 4604 
state 4 3616 3750 5123 4604 
spreadsheets 3 18737 18738 18739 
video-on-demand 6 18985 18986 18987 18988 18989 18990 
evaluation 5 4884 8658 4962 4963 4964 
bandwidth 2 7209 7210 
sharing 3 12844 16382 16383 
toolkit 2 7472 7477 
making 8 10499 12162 12163 6320 6321 6322 6323 6324 
computations 3 345 290 295 
acceptance 3 14486 14487 14488 
croche 1 401 
stratified 3 1736 1735 1737 
greece 3 5721 13757 13758 
chains 2 4048 3749 
evaluating 3 4224 4397 4398 
problem-solving 2 7814 7816 
searches 3 8737 8734 8735 
socio-political 1 15236 
soft 3 5721 13757 13758 
eigenvalue 4 9344 9345 9346 9347 
richer 2 380 381 
address 2 17120 16615 
equational 1 14 
special 14 5721 14539 3750 8737 290 380 19129 5123 4604 7472 7477 10099 10100 7814 
group 17 10877 10878 10879 10880 10881 10882 18112 17861 7596 7599 259 4914 18111 1873 18113 8579 8580 
user 8 12716 12717 12718 12719 12720 12721 12722 12723 
storage 7 10898 10900 10901 8774 12368 8773 12367 
using 28 6567 4879 4883 4884 4048 3749 19154 10414 9344 9345 9346 9347 9938 9939 9940 9941 7596 7599 259 5010 5011 5012 7477 10413 1735 8579 8580 8540 
predictions 1 1014 
freedom 1 30 
workflows 5 9070 9071 7209 7210 8540 
predicate 1 987 
multi-letter 4 1021 1022 1023 1024 
resourceomic 1 290 
erasure 3 8774 12368 12367 
free 1 1205 
high-resolution 5 7201 7202 7203 10698 10699 
search 12 9765 9767 9768 1161 18337 18338 259 963 964 965 621 1873 
protein 1 7803 
e-commerce 2 15236 16133 
contribution 2 4137 3750 
correlated 3 18112 19144 17861 
features 5 4962 4963 4964 7472 7477 
government 3 14486 14487 14488 
guaranteeing 1 30 
instant 1 4423 
limits 1 6283 
monitoring 8 9246 9250 9251 9252 9253 9254 9255 12572 
patterns 2 6963 6965 
petri 6 162 163 179 180 181 182 
converting 1 859 
optimization 17 12167 12168 12169 12170 7594 7595 7596 7597 7598 7599 7600 18985 18986 18987 18988 18989 18990 
image 3 585 18337 18338 
number 1 259 
tiled 8 12716 12717 12718 12719 12720 12721 12722 12723 
projects 5 4879 4883 5010 5011 5012 
provenance 8 9609 9610 9611 9612 8640 8642 11950 8540 
editor 1 10901 
cities 7 5721 14141 14142 14143 14539 14020 14021 
automata 10 76 288 345 1021 1022 1023 1024 380 381 233 
binding 1 7803 
view 3 10898 10900 10901 
kp-abe 4 8737 8734 8735 8736 
mechanisms 6 15789 16651 16652 16382 16383 3819 
introduction 5 10901 15789 19129 16022 17379 
assessing 3 5721 14020 14021 
one-counter 2 444 445 
knowledge-based 3 4358 4359 4361 
e-lab 6 12982 12983 12984 12985 12986 10575 
in-transit 2 7209 7210 
instances 4 7596 7599 8579 8580 
tree-transformation 2 1112 1113 
synthesized 1 761 
theoretic 3 12051 12052 12053 
wfa 1 585 
measuring 7 9246 9250 9251 9252 9253 9254 9255 
execution 5 7596 7599 1009 8579 8580 
ferm 1 401 
lru-k 1 259 
programming 9 6924 297 179 180 181 182 10319 10320 10321 
end-to-end 2 7209 7210 
current 4 3616 4137 4423 4424 
relationships 2 5087 5086 
logistics 5 6320 6321 6322 6323 6324 
metacomputing 1 7814 
checking 1 1735 
ahp 1 4914 
clustering 6 18112 19144 17861 17728 17729 1736 
bisimulations 2 162 163 
streaming 2 19154 10414 
clouds 2 7422 8385 
safe 1 4914 
firm 2 15346 16615 
formalisation 4 4137 4687 4688 4689 
mat 2 304 305 
accepting 4 1247 1249 939 938 
web 6 12844 13579 17828 8642 7814 7816 
ones 1 859 
solving 9 7594 7595 7596 7597 7598 7599 7600 7814 7816 
prognostics 5 6320 6321 6322 6323 6324 
et 1 401 
grid-enabled 7 7594 7595 7596 7597 7598 7599 7600 
es 1 401 
methods 3 18112 19144 17861 
microprocessors 1 297 
learners 2 304 305 
communicating 1 4914 
versus 3 1640 1641 290 
techno-countervailing 1 17134 
permitting 2 1247 1249 
transportation 2 4947 4948 
evolutive 4 7244 7241 7242 7243 
balance 8 2254 2255 2256 2258 2259 2260 2261 259 
future 9 3616 4137 3750 15789 19129 5123 4604 16022 17379 
capture 6 1736 15789 16651 16652 1735 1737 
rewriting 1 1735 
key 8 10496 8737 10498 10499 5087 5086 7472 7477 
location-based 3 14486 14487 14488 
capitalisation 3 3616 3614 3615 
dimensional 2 1640 1641 
environments 14 6580 6581 6582 6924 7244 5504 5505 10319 10320 10321 7242 7243 7814 7816 
ontology 3 6580 6581 6582 
mergesort 1 17640 
measurement 2 4048 3749 
fleet 3 8236 8237 8239 
arterial 5 7201 7202 7203 7199 7204 
pushdown 1 345 
contemporary 3 15789 16022 17379 
similarity 4 8353 8354 18337 18338 
queries 12 18112 17861 18737 18738 18739 1640 1641 708 18111 1873 18113 1735 
gem 1 3750 
internet 3 3750 5123 4604 
phase 4 12167 12168 12169 12170 
therapy 7 2254 2255 2256 2258 2259 2260 2261 
wall 8 12716 12717 12718 12719 12720 12721 12722 12723 
unbalanced 1 1161 
mobile 7 10499 12162 12163 14486 14487 14488 7814 
ict 1 4914 
datasets 5 7201 7202 7203 10698 10699 
in-bucket 1 1873 
correction 1 708 
routing 11 12716 12717 12718 12719 12720 12721 12722 12723 8236 8237 8239 
typed 1 859 
integration 5 3616 4884 4137 3750 5858 
grammars 1 873 
deadlock 1 30 
termination 1 1735 
parallel 17 10898 10900 10901 11850 10414 9344 9345 9346 9347 8236 8237 8239 1009 19127 19128 19129 10413 
functionality 9 17134 12716 12717 12718 12719 12720 12721 12722 12723 
requirement 2 4562 4563 
software-as-a-service 5 5181 5182 12186 12187 12188 
society 1 7814 
uniform 1 4914 
saas 2 10240 10241 
communication 9 5721 10414 13107 13108 13109 13757 13758 11320 12497 
prediction 1 4604 
complexities 5 4879 4883 5010 5011 5012 
game 3 12051 12052 12053 
biomedicine 1 7477 
methodology 7 5721 14141 14142 14143 5858 14020 14021 
memory 2 8353 8354 
walter 2 290 380 
dfas 1 708 
splicing 2 1247 1249 
systemic 4 4137 4687 4688 4689 
topics 3 15789 16022 17379 
multi-dimensional 2 7472 7477 
e-science 2 8385 7814 
cooperative 2 9070 9071 
approach 14 4884 7244 5346 18337 18338 4423 5504 5505 4914 3614 5123 7241 7242 7243 
arrays 3 19127 19128 19129 
growth 1 16022 
af 1 4884 
hdtol 1 345 
trade-offs 1 8580 
automobile 3 6349 6350 6351 
first-order 3 1640 1641 288 
sustainable 6 3616 4137 3750 4423 4424 4914 
editors 1 19129 
stealing 3 19127 19128 19129 
accommodating 1 259 
visualization 1 17593 
paged 1 1014 
transforming 2 1161 873 
asynchrony 2 290 380 
concurrency 2 19022 19023 
simulations 1 11850 
workbench 1 11950 
ol 1 1774 
climate-g 2 7472 7477 
commercial 1 8385 
cavsimbase 1 7803 
programs 2 297 987 
services 15 7422 10240 10241 12054 6924 7244 7209 7210 13579 14486 14487 14488 8642 7814 7816 
structure 4 126 297 1161 621 
metamodelling 1 6567 
theorem 1 233 
questions 3 7794 13559 13560 
flexible 5 7244 7209 7210 7242 7243 
versioned 2 8774 8773 
powerful 2 4879 6169 
composite 1 126 
geometry 1 585 
enabling 6 10575 10576 10577 8540 10578 10579 
operating 1 12054 
daubechies 1 76 
pc 3 13107 13108 13109 
negotiation 2 9070 9071 
translatables 1 401 
measures 1 5346 
optimisation 8 10414 6320 6321 6322 6323 6324 11320 12497 
creation 3 15789 16651 16652 
characterizations 2 288 1522 
series 2 304 305 
experiences 4 19129 5504 5505 7477 
ll 1 873 
development 15 4879 4883 3749 3750 17134 10240 10241 12054 16499 5010 5011 5012 3748 10579 16500 
augustus 3 9477 9478 9479 
interval 1 290 
fairness 2 290 295 
semi-structured 3 3616 3614 3615 
mapreduce 6 17861 17858 17859 17860 7798 7803 
algorithm 7 8236 8237 8239 290 295 708 7814 
hashing 1 1873 
principle 7 2254 2255 2256 2258 2259 2260 2261 
r-trees 3 17515 17516 17517 
equivalence 7 345 1021 1022 1023 1024 290 708 
appropriation 1 10579 
isomorphisms 1 12709 
closed 3 290 444 445 
backup 2 8774 12368 
schemes 1 7814 
spatial 4 3821 3819 3820 3822 
organisation 1 297 
developments 4 3616 4137 4423 4424 
expressive 3 17728 17729 1736 
machines 2 8353 8354 
unified 1 7422 
product 6 4224 16499 10579 4397 4398 16500 
persistent 1 233 
plane 3 4962 4963 4964 
nodes 1 12844 
classification 2 19154 10414 
hoare 1 297 
earth 20 10881 11906 11907 11908 11909 11910 11911 11912 11913 11914 11915 11916 11917 11918 11919 11920 11921 11922 7472 11923 
design 8 4879 4883 4947 4948 3614 5010 5011 5012 
replacement 3 304 1206 1207 
technology 1 15236 
ueml 4 3749 3750 3748 4563 
location 5 18112 17861 18111 1873 18113 
semi-algebraic 2 1640 1641 
integrity 3 12051 12052 12053 
perspectives 1 3616 
study 20 3616 5721 3750 2254 2255 2256 2258 2259 2260 2261 11950 15789 16651 16652 4912 4914 3614 3615 13757 13758 
competency 1 3616 
computing 30 5181 5182 5686 7794 8737 12051 12052 12053 6924 9246 8658 9477 9478 9479 9768 12186 12187 12188 10099 10100 10319 10320 10321 12572 11843 11844 7798 11845 7803 7814 
studies 7 7594 7595 7596 7597 7598 7599 7600 
chinese 4 15346 16499 10579 16500 
barriers 1 16499 
speeding 1 17640 
level 2 5671 5123 
results 1 422 
relaxed 1 259 
value 4 5721 15789 16651 16652 
sets 3 1640 1641 401 
developing 4 17120 16615 5504 5505 
investigation 3 5721 16499 16500 
transducers 1 14 
challenges 6 3616 4137 17120 16615 4423 4424 
preorder 1 290 
machine 1 5346 
professional 1 16785 
comparison 3 17593 259 7803 
content-based 1 13579 
expressions 1 1194 
risk-based 4 7244 7241 7242 7243 
copies 1 1009 
matching 2 345 8580 
representing 1 987 
emerging 1 4914 
issues 2 4224 6283 
incremental 4 17861 17858 17859 17860 
diverses 1 401 
mining 11 6963 6965 17861 8640 8642 17593 19887 19888 17858 17859 17860 
theory 9 3616 4879 4883 4137 3750 297 5010 5011 5012 
estimating 3 385 386 387 
monte 2 7798 7803 
improve 7 2254 2255 2256 2258 2259 2260 2261 
comprehending 2 290 380 
cyber 1 7814 
enhanced 8 12716 12717 12718 12719 12720 12721 12722 12723 
network 16 10414 13107 13108 13109 6320 6321 6322 6323 6324 15789 17416 17417 4423 8385 10413 15790 
online 1 259 
autonomic 2 7814 7816 
japan 1 17134 
mutually 1 76 
scalable 6 10575 10576 10577 8540 10578 10579 
g-devs 1 5671 
messaging 1 7814 
abstract 2 304 305 
application 30 3749 3821 6349 6350 6351 9477 9478 9479 7209 7210 7594 7595 7596 7597 7598 7599 7600 14 179 180 181 182 4562 4613 4563 3819 3820 3822 7814 7816 
smp 3 13107 13108 13109 
standard 1 259 
worst 2 632 633 
resource 5 5181 5182 12186 12187 12188 
transition 2 987 233 
sage-based 8 12716 12717 12718 12719 12720 12721 12722 12723 
section 7 8737 19129 7472 7477 10099 10100 7814 
human 5 7201 7202 7203 7199 7204 
certification 1 4563 
transductions 2 1092 401 
averages 3 385 386 387 
local 3 17120 16615 259 
cosmetic 1 15346 
smart 5 3616 4137 4423 4424 4914 
utilizing 2 8353 8354 
mpi 4 6924 10319 10320 10321 
collaborative 24 4884 3749 3821 7201 7202 7203 10698 10699 9070 9071 12982 12983 12984 12985 12986 10575 5504 5505 4562 4613 4563 3819 3820 3822 
visualizing 5 7201 7202 7203 7199 7204 
metabolic 2 7798 7803 
minimal 1 14 
optimal 5 963 964 965 632 633 
scheme 1 12709 
decomposition 3 123 124 233 
forward 2 14 5858 
asynchronous 5 8236 8237 290 1623 1014 
high-level 4 179 180 181 182 
synchronizable 1 345 
opportunities 5 15789 4563 6283 16022 17379 
signature 1 12709 
international 2 19129 7814 
high-performance 4 7794 8658 7477 7793 
available 2 8353 8354 
castings 3 4962 4963 4964 
hpc 3 7422 10240 10241 
disaster 1 4884 
content 2 8353 8354 
load 1 8580 
recommendations 3 7794 13559 13560 
conflict 2 15236 16133 
trends 1 3616 
assurance 3 12051 12052 12053 
textual 3 3616 3614 3615 
choice 1 1205 
bucket 1 1873 
data 46 10881 10901 8774 12368 17861 9765 9767 9768 9067 9069 9070 9071 17828 1009 8640 8642 126 304 305 1161 19129 4914 11906 11907 11908 11909 11910 11911 11912 11913 11914 11915 11916 11917 11918 11919 11920 11921 11922 7472 11923 7477 8773 17858 17859 17860 
digital 7 5721 14141 14142 14143 14539 14020 14021 
axiomatic 6 4879 4883 297 5010 5011 5012 
personal 1 17134 
easy 3 10499 12162 12163 
rebalancing 2 259 621 
hard 3 5721 13757 13758 
intersection 1 1194 
reverse 1 5858 
uk 2 15236 16133 
matrix 1 422 
semantic-based 5 9244 9245 9246 9247 7244 
multi-tenancy 5 9244 9245 9246 9247 7244 
interoperability 18 3616 5686 5050 5051 5721 3749 4137 3750 4423 3748 4562 4613 4563 4687 4688 4689 5123 4604 
fault 3 8642 7814 7816 
selection 8 7244 18112 17861 7242 7243 18111 1873 18113 
mutex 2 290 295 
enterprises 5 5686 3750 4423 5123 4604 
pattern 1 1194 
xslt 2 1112 1113 
modeling 3 3616 4563 4604 
string 2 19887 19888 
high-tech 3 16499 17120 16615 
semantic-aware 5 9244 9245 9246 9247 7244 
infrastructure 20 10881 11906 11907 11908 11909 11910 11911 11912 11913 11914 11915 11916 11917 11918 11919 11920 11921 11922 7472 11923 
actions 2 290 295 
decreasing 1 259 
centre 3 3616 3614 3615 
analysing 1 16022 
lease-based 1 7814 
sso 3 6922 10952 10953 
untyped 1 859 
finite 8 76 1092 1021 1022 1023 1024 987 233 
th 3 290 380 19129 
benchmarking 2 4912 4914 
indigenous 1 16615 
conference 2 19129 7814 
metaheuristic 2 8236 8237 
networks 6 5050 5051 12548 939 1766 938 
cellular 3 288 7814 7816 
stg 2 123 124 
federations 3 6922 10952 10953 
xml 3 7794 7477 7793 
providing 3 6922 10952 10953 
workflow 11 12167 12168 12169 12170 10575 11950 10576 10577 8540 10578 10579 
reduce 5 4879 4883 5010 5011 5012 
logic 3 15789 297 15790 
counting 1 1009 
associated 1 4563 
minimising 3 10414 11320 12497 
comparative 5 9246 15789 16651 16652 12572 
memories 1 1014 
empirical 3 5721 16499 16500 
birthday 2 290 380 
model 15 5181 5182 6349 6350 6351 10414 11950 16785 761 1014 12186 12187 12188 4563 10413 
android 2 6963 6965 
sudden 1 4423 
ceramic 1 3819 
nets 8 987 162 163 179 180 181 182 233 
optimistic 5 10898 10900 10901 380 381 
sup 4 17861 17858 17859 17860 
engineering 18 3616 4879 4880 4881 4882 4883 4884 4885 4886 4887 4358 4359 4361 10901 19129 5504 5505 4563 
weighted 6 76 1092 14 385 386 387 
sur 1 401 
facility 1 12054 
complete 1 987 
tolerant 3 8642 7814 7816 
allocation 5 5181 5182 12186 12187 12188 
real-time 6 9938 9939 9940 9941 288 7814 
supply 7 4048 3749 3821 5858 3819 3820 3822 
b-trees 2 19022 19023 
machining 3 4962 4963 4964 
functions 1 761 
trace 3 30 31 233 
web-based 3 7794 7477 7793 
provider 6 10877 10878 10879 10880 10881 10882 
qh 3 1736 1735 1737 
recovery 3 17515 17516 17517 
e-hub 2 5181 5182 
genealogy 2 17416 17417 
discovering 3 17728 17729 1736 
tenant-based 5 5181 5182 12186 12187 12188 
supporting 5 11950 4224 5087 5086 6283 
views 1 1735 
temporal 6 3821 8640 8642 3819 3820 3822 
grow 1 15236 
service 10 6922 30 19127 19128 19129 5123 10952 10953 7814 7816 
server 3 3616 4791 4792 
operations 3 3616 12548 259 
technical 2 4224 5123 
open 22 10881 12844 11950 11906 11907 11908 11909 11910 11911 11912 11913 11914 11915 11916 11917 11918 11919 11920 11921 11922 7472 11923 
file 6 18985 18986 18987 18988 18989 18990 
evolutionary 12 8236 8237 8239 18985 18986 18987 18988 18989 18990 939 1766 938 
deployment 5 7422 10240 10241 7814 7816 
collaborating 3 5087 5086 5858 
groups 1 12548 
information 21 3616 5721 6320 6321 6322 6323 6324 9938 9939 9940 9941 8642 5087 5086 5858 3614 3615 13757 13758 7814 7816 
problems 13 9344 9345 9346 9347 7594 7595 7596 7597 7598 7599 7600 1206 1207 
form 1 873 
econometric 3 5721 13757 13758 
art 4 3616 3750 5123 4604 
interaction 8 12716 12717 12718 12719 12720 12721 12722 12723 
strategic 4 15346 15789 16615 15790 
fair 2 290 295 
flows 1 5858 
present 3 3616 4137 3750 
ieee 1 7814 
rotations 1 259 
e-services 3 5721 14020 14021 
trees 10 126 1161 17640 259 963 964 965 621 632 633 
language 2 17828 4604 
message-based 2 7814 7816 
position 2 15789 15790 
trade-off 3 9765 9767 9768 
pair 1 422 
query 5 17828 708 385 386 387 
traces 3 17728 17729 1736 
effective 9 6580 6581 6582 18112 19144 17861 17120 16615 7814 
version 3 10499 12162 12163 
sensing 5 3616 4137 12844 4423 4424 
private 3 9765 9767 9768 
dual 1 10579 
identity 11 10877 10878 10879 10880 10881 10882 6922 6923 6924 10952 10953 
highly 2 8353 8354 
shifting 1 5346 
deterministic 1 345 
algebra 6 290 295 179 180 181 182 
acquire 1 15236 
failures 1 987 
aps 1 4224 
mpi-delphi 4 6924 10319 10320 10321 
atomicity 2 1014 8540 
teragrid 5 7201 7202 7203 7199 7204 
access 32 10881 7422 10499 12162 12163 6922 7244 11906 11907 11908 11909 11910 11911 11912 11913 11914 11915 11916 11917 11918 11919 11920 11921 11922 7472 11923 7477 10952 10953 7241 7242 7243 
research 19 3616 10877 10878 10879 10880 10881 10882 10901 9609 9610 9611 9612 15789 5504 5505 3614 3615 16022 17379 
liveness 2 290 295 
aaa-based 3 6922 10952 10953 
integrated 4 14141 14142 14143 3614 
point 3 4962 4963 4964 
industrial 5 3616 4224 4914 3614 3615 
triangles 4 9938 9939 9940 9941 
balancing 1 8580 
relational 4 18737 18738 18739 8540 
cloud 45 5181 5182 5686 10877 10240 10241 8737 10499 12162 12163 6922 9244 9245 9246 9247 7244 4962 4963 4964 10575 12186 12187 12188 8385 13481 13482 8734 8735 10952 10953 9250 9251 9252 9253 9254 9255 12572 7798 7803 10576 10577 8540 10578 10579 7814 
polynomials 1 12709 
based 26 3616 4947 4948 5671 12709 6924 7244 8774 12368 2254 2255 2256 2258 2259 2260 2261 4962 4963 4964 297 290 162 3614 3615 12367 7814 
sector 3 6349 6350 6351 
causality 1 162 
impact 2 16499 16022 
tools 1 4563 
n-dimensional 2 1640 1641 
grb-gsiftp 1 7477 
encryption 4 8737 8734 8735 8736 
multi-exponentiation 4 10496 8737 10498 10499 
dedicated 2 290 380 
dmds 2 3750 3821 
power 6 17134 1112 1113 585 939 1766 
logics 1 288 
cimosa-based 3 3616 4791 4792 
custom 2 5181 5182 
work 1 7814 
systems 43 6567 3616 5721 4137 3750 4947 4948 5671 3821 12054 10901 9246 7244 5346 12167 12168 12169 12170 13579 4224 76 297 290 1623 233 1205 1014 1247 1249 4423 4424 4914 4563 9250 9251 9252 9253 9254 9255 7241 7242 7243 7814 
portal 2 7472 7477 
global 5 4879 4883 5010 5011 5012 
collective 1 12548 
symbolic 1 14 
shape 2 18337 18338 
modelling 7 4879 3749 3750 3821 5858 6169 3748 
properties 1 288 
embed 1 4914 
environment 6 7201 7202 7203 10698 10699 7814 
company 1 3819 
renderin 4 9938 9939 9940 9941 
disturbances 7 9246 9250 9251 9252 9253 9254 9255 
management 57 3616 4879 4880 4881 4882 4883 4884 4885 4886 4887 4048 3749 6580 6581 6582 10877 10878 10879 10880 10881 10882 6922 6923 6924 6320 6321 6322 6323 6324 12167 12168 12169 12170 9067 9069 9070 9071 15236 16133 10575 14486 14487 14488 4423 5087 5086 5858 3614 6169 7472 7477 10576 10577 8540 10578 10579 16022 
efficient 15 12054 6922 18112 19144 17861 9477 9478 9479 126 19887 19888 4914 10952 10953 1873 
ecosystems 3 15789 16651 16652 
object 1 12548 
recent 1 7814 
responsiveness 2 30 31 
graph 2 1206 1207 
order 1 6283 
interactive 1 11850 
notification 1 13579 
printers 1 17134 
representations 1 14 
forms 2 1774 1762 
aerospace 5 6320 6321 6322 6323 6324 
worst-case 3 126 290 1623 
multitape 1 345 
processors 3 939 1766 938 
steel 2 16499 16500 
cyclicity 1 1735 
genesis 1 12054 
technologies 10 5721 7594 7595 7596 7597 7598 7599 7600 13757 13758 
trident 1 11950 
applied 2 7798 7803 
learns 1 708 
context 2 7472 7477 
specification 5 5671 290 380 4562 4563 
industries 1 16499 
cluster 2 12054 12548 
channel 2 15236 16133 
