<Keyword> <No of vertices> <vertex1> <vertex2> .... <vertexN> 
using 46 17455 17478 17479 17480 17489 19106 17529 18294 19228 19361 19362 17531 19477 19478 17549 17550 17551 17552 17553 17575 17576 17577 17636 17637 17638 17686 17687 17688 17719 17720 17776 17777 17778 17779 17796 17797 17955 17956 17957 17958 18058 19568 19569 18204 19146 19147 
external 2 17453 17454 
mixtures 7 17619 17620 17621 17622 17623 17624 17625 
microblogs 3 17592 19363 19364 
warehouse 4 17610 17611 17612 17613 
academic 2 17591 17592 
minimization 2 18085 18594 
time 6 17489 17490 18133 19740 19741 19742 
semantics 6 17564 17856 17857 17686 17687 17688 
principal 9 17575 17576 17577 18085 18497 18498 18149 18150 18151 
search 19 17478 17479 17480 18294 18293 18295 18296 17666 17667 17668 17778 17779 17980 17981 17982 18141 18142 18143 18144 
event 6 17479 19206 19207 17755 17756 17757 
features 4 18141 18142 18143 18144 
cost-aware 2 17935 17936 
taxonomy 6 17874 17875 17876 18058 19568 19569 
deep 4 18197 18198 18199 18200 
objects 7 17868 17869 17870 17871 18085 18497 18498 
generation 2 17591 17592 
video 4 17721 17722 17723 17724 
quantifying 4 17919 17920 17921 17922 
patterns 9 17470 17471 17534 17535 17755 17756 17757 18043 18044 
monitoring 7 18080 18081 18082 18083 18149 18150 18151 
extensible 2 17689 17690 
achieving 2 18147 18148 
engine 3 17666 17667 17668 
image 18 17450 17451 17452 17635 18294 18293 19856 17612 17613 18705 18706 17636 17637 17638 18141 18142 18143 18144 
optimization 2 17489 19106 
effects 3 17904 17905 17906 
papers 2 17591 17592 
partial 3 18124 18125 18126 
reorganization 4 18221 18350 18351 18352 
evolution 2 18177 18178 
toll 2 17894 17895 
aggregation 2 17776 17777 
co-evolutionary 3 17996 17997 17998 
editor 1 17836 
quality 6 17564 19317 19318 18050 18051 18967 
codes 2 18048 18049 
binding 2 17796 17797 
time-evolving 3 17901 17902 17903 
air 3 17596 17597 17598 
knowledge-transforming 2 17896 17897 
discovery 12 17534 17535 17666 17667 17668 17948 17949 18058 18059 18060 18177 18178 
introduction 1 17836 
dynamic 7 17529 18294 19228 17530 17531 17532 17533 
knowledge 18 17574 18221 17636 17637 17638 17894 17895 17967 17975 17976 18058 18059 18060 18117 18118 18119 18177 18178 
knowledge-based 10 17450 17451 17452 17635 19711 19712 19713 18070 18339 18340 
incorporating 2 18114 18115 
imbalance 2 18084 18085 
behavior 3 18068 18069 18070 
geometric 2 17917 17918 
handling 2 18048 18049 
commerce 2 17915 17916 
naive 3 17564 17856 17857 
faster 2 17489 19543 
object-oriented 9 17452 17635 19711 19712 19713 17881 17882 18203 18204 
guidelines 2 17881 17882 
domain 3 17820 17821 17822 
loop 2 17534 17535 
subspace 3 18149 18150 18151 
ensembles 4 17959 17960 17961 17962 
multiagent 3 17916 18979 18980 
clustering 12 17752 17753 17754 18004 18820 18821 18822 18823 18824 18825 18070 18128 
caching 2 17794 17795 
time-series 6 17959 17960 17961 17962 18145 18146 
linear 8 17719 17720 17938 17939 17940 18124 18125 18126 
engine-based 3 17478 17479 17480 
forecasting 8 17955 17956 17957 17958 18133 19740 19741 19742 
organizations 2 18183 18182 
dissemination 2 18214 19454 
ordinal 6 17974 18137 18136 18140 18138 18139 
web 16 17478 17479 17480 17599 17600 17601 17602 17603 17604 17707 17708 18058 18059 18060 18075 18076 
standardization 3 17666 17667 17668 
join 6 17529 19361 19362 17574 17935 17936 
retweeters 4 17919 17920 17921 17922 
electronic 2 17915 17916 
survivable 2 17743 17744 
new 9 18294 18293 18295 18296 17574 17931 17932 18084 18085 
transaction-consistent 2 18214 19454 
sequence 7 18077 18078 18079 18133 19740 19741 19742 
predict 2 17518 17519 
base 2 17894 17895 
library 2 17561 17562 
volume 3 17575 17576 17577 
guest 1 17836 
null-based 2 18147 18148 
comments 4 17520 19143 17574 18221 
expression 2 18132 18133 
methods 13 18137 18136 18140 18138 18139 18103 18104 18105 18106 18109 19549 19550 19551 
transactions 1 17574 
tool 1 18211 
versus 3 17967 18050 18051 
normal 2 17565 18100 
broadcast 12 17527 17528 17529 17549 17550 17551 17552 17553 17608 17609 18214 19454 
hal 2 17489 19543 
entity 3 17565 18100 18808 
high-speed 1 18177 
gradient-descent 4 18109 19549 19550 19551 
privacy-preserving 4 18109 19549 19550 19551 
distributed 14 17575 17576 17577 17594 17595 17719 17720 17743 17744 17896 17897 18149 18150 18151 
splitting 3 17575 17576 17577 
architecture 4 17743 17744 18203 18204 
consumer 4 17721 17722 17723 17724 
biclustering 2 18132 18133 
close 2 18213 18214 
interchange 2 17707 17708 
bayesian 6 17511 17512 17513 17514 17580 19847 
component 3 17575 17576 17577 
basic 2 17707 17708 
broadcasting 2 17698 19523 
choosing 3 17565 18882 18183 
reputation 2 17776 17777 
composition 4 17610 17611 17612 17613 
processing 12 17487 17488 17549 17550 17551 17552 17553 17636 17637 17638 17794 17795 
opinion 3 17592 19363 19364 
embedding 2 17719 17720 
critics 3 18070 18339 18340 
constructs 4 17450 17451 17452 17635 
non-redundant 4 17612 17613 18080 19125 
ilike 4 18141 18142 18143 18144 
automatic 3 18204 19146 19147 
likely 3 18149 18150 18151 
dimensional 3 17980 17981 17982 
protocols 5 17931 17932 18040 18041 18042 
environments 2 18214 19454 
integrating 6 18070 18128 18141 18142 18143 18144 
code 4 17610 17611 17612 17613 
ontology 6 17666 17667 17668 18204 19146 19147 
conjunctive 1 18057 
hypernetwork 3 17996 17997 17998 
bounds 2 17580 19847 
dryadeparent 5 17442 17443 17444 17445 17446 
detection 21 17479 19206 19207 17483 17484 17485 17486 17548 17575 17576 17577 18107 18108 18109 18110 18149 18150 18151 18167 18168 18169 
factors 2 17915 17916 
recursive 2 18087 18088 
similarity 29 17478 17479 17480 18294 18293 18295 18296 17531 19477 19478 17612 17613 18705 18706 17698 19523 17948 17949 17980 17981 17982 18133 19740 19741 19742 18163 18164 18165 19365 
diversification 3 18217 18218 18219 
streams 3 18164 19957 19958 
queries 14 17529 19361 19362 17580 19847 17698 19523 18004 18005 18057 18164 19365 18213 18214 
internet 8 17578 17579 17580 17608 17609 18149 18150 18151 
unbalanced 2 17933 17934 
heterogeneous 7 17530 17531 17532 17533 17565 18100 18808 
update 3 17904 17905 17906 
named 1 17574 
feature-based 2 18145 18146 
measure 5 17478 17479 17480 17915 17916 
set 10 17453 17454 17641 17974 19959 19960 19961 18205 18206 18207 
existing 4 17955 17956 17957 17958 
correction 5 17868 17869 17870 17871 17967 
routing 2 17461 17462 
analysis 26 17479 19206 19207 17489 17490 17558 17559 17560 17564 19317 19318 17575 17576 17577 17778 17779 18050 18051 18967 18077 18078 18079 18167 18168 18169 18210 
simulation 2 17635 19733 
atomic 5 17549 17550 17551 17552 17553 
response 2 17489 17490 
organization 3 17596 17597 17598 
wireless 2 17698 19523 
sequential 3 17755 17756 17757 
quantum 1 17548 
fuzzy 7 18077 18078 18079 18203 18204 19146 19147 
mwmote-majority 4 17974 19959 19960 19961 
generalization 1 17574 
restoration 3 17636 17637 17638 
updates 2 18147 18148 
trie 1 18210 
prediction 4 17963 17964 17965 17966 
semantic 19 17478 17479 17480 17530 17531 17532 17533 17865 17866 18058 18059 18060 18141 18142 18143 18144 18204 19146 19147 
memory 3 17904 17905 17906 
methodology 4 17564 17565 17931 17932 
main 3 17904 17905 17906 
message 3 18040 18041 18042 
materialization 2 17564 17856 
source 2 18048 18049 
advertisements 3 17578 17579 17580 
relations 1 17581 
color 3 17636 17637 17638 
taxofinder 3 17874 17875 17876 
approximation 4 18294 18293 18295 18296 
cooperative 2 17451 19310 
approach 26 17450 17451 17452 19310 17476 17477 17478 17479 17480 17529 19361 19362 17565 18100 18808 17874 17875 17876 17963 17964 17965 17966 18197 18198 18199 18200 
human-like 2 17561 17562 
spatio-temporal 5 17698 18679 17755 17756 17757 
graphs 4 17489 19106 17933 17934 
generalized 2 17565 18100 
inference 3 17826 17827 18061 
programmer 1 18211 
editors 2 17574 18221 
fixed 2 17796 17797 
sensor 2 17953 17954 
accesses 2 18183 18182 
visualization 8 17610 17611 17612 17613 18080 18081 18082 18083 
rank 2 17935 17936 
tweet 3 17479 19206 19207 
concurrency 6 17594 17595 17865 17866 18114 18115 
report 4 17610 17611 17612 17613 
multilabel 3 17996 17997 17998 
synthesis 2 17908 17909 
dolphin 2 17561 17562 
programs 6 17574 19171 18002 18003 18087 18088 
ring 3 17702 17703 17704 
structure 3 18124 18125 18126 
services 5 17689 17690 18149 18150 18151 
support 5 17564 17856 17857 17794 17795 
adaptive 9 18221 18350 18351 18352 17575 17576 17577 17698 19523 
privacy 4 17908 17909 18147 18148 
establishing 4 17963 17964 17965 17966 
flexible 3 17980 17981 17982 
board 1 17574 
discount 2 17915 17916 
scaling 3 17752 17753 17754 
rose 4 17511 17512 17513 17514 
criterion 4 18294 18293 18295 18296 
spline 2 17953 17954 
verification 2 17894 17895 
bounded 6 18294 18293 18295 18296 17865 17866 
reporting 3 17479 19206 19207 
thin-plate 2 17953 17954 
measures 5 17453 17454 17574 17948 17949 
corrections 2 17470 17471 
tensor 4 18103 18104 18105 18106 
delivery 2 17698 19523 
novel 4 17455 17478 17479 17480 
gap 4 18141 18142 18143 18144 
region 2 18075 18076 
virtual 9 17612 17613 18705 18706 17636 17637 17638 18147 18148 
series 4 18133 19740 19741 19742 
evaluate 2 17931 17932 
imprecision 2 17865 17866 
interval 5 17520 17521 17531 19477 19478 
development 6 17479 19206 19207 18167 18168 18169 
pairwise 1 17455 
extractors 2 18075 18076 
road 2 18004 18005 
space 2 17489 19106 
decision 11 17565 18882 18183 17964 17966 19643 19644 19645 18050 18051 18967 
statistical 3 17455 17879 17880 
algorithm 17 17442 17443 17444 17445 17446 17470 17471 17486 19244 19245 17489 19543 17776 17777 18124 18125 18126 
hashing 3 17938 17939 17940 
short 6 17599 17600 17601 17602 17603 17604 
solve 1 17641 
gossip 2 17776 17777 
tests 4 18080 18081 18082 18083 
subexpression 2 17487 17488 
possibilistic 3 17686 17687 17688 
closed 5 17442 17443 17444 17445 17446 
probability 2 17580 19847 
gray-scale 5 17714 17715 17716 17717 17718 
probabilistic 2 17565 18100 
inspired 1 17548 
identifying 2 17541 17542 
banner 3 17578 17579 17580 
files 3 17938 17939 17940 
minimally 3 17478 17479 17480 
discriminative 2 18085 18594 
spatial 9 17450 17451 17452 17635 17697 17698 17868 17870 19296 
editorial 1 17574 
boosting 2 17815 17816 
trajectories 2 17698 18679 
bayes 2 18085 18594 
links 3 17932 19579 19580 
anomaly 10 17483 17484 17485 17486 17575 17576 17577 18167 18168 18169 
extension 2 17520 17521 
unified 2 17635 19733 
sql 3 17520 17521 19143 
reasoning 5 17686 17687 17688 17896 17897 
prefetching 4 18221 18350 18351 18352 
dismountable 1 17883 
classification 17 17541 17542 17641 17959 17960 17961 17962 17996 17997 17998 18070 18128 18077 18078 18079 18145 18146 
rule-based 8 17489 17490 19106 17826 17827 18204 19146 19147 
method 6 17691 17692 17697 17698 18043 18044 
partially 2 17794 17795 
expansible 3 17938 17939 17940 
design 14 17527 17528 17529 17564 17565 17856 17857 17697 17698 17881 17882 18070 18339 18340 
produce 1 18211 
polynomial 2 17698 18679 
parametric 2 17476 17477 
authorization 1 18177 
study 5 18137 18136 18140 18138 18139 
computing 6 18117 18118 18119 18149 18150 18151 
cminer 3 17592 19363 19364 
multi-class 2 18089 18090 
swss 3 17666 17667 17668 
imbalanced 6 17974 19959 19960 19961 18089 18090 
chinese 3 17592 19363 19364 
microblog 4 18197 18198 18199 18200 
partitioning 7 17752 17753 17754 18103 18104 18105 18106 
partition 3 17529 18294 19228 
level 3 17565 18882 18183 
family 4 17868 17869 17870 17871 
topic-based 6 17599 17600 17601 17602 17603 17604 
faulty 3 17932 19579 19580 
sets 7 17755 17756 17757 17955 17956 17957 17958 
contexts 5 18050 18051 18117 18118 18119 
applications 9 17599 17600 17601 17602 17603 17604 17702 17703 17704 
biomedical 3 18058 18059 18060 
live 2 17608 17609 
combining 1 17641 
joins 2 17697 17698 
declarative 5 17916 18979 18980 18002 18003 
locking 2 17931 17932 
means 2 18089 18090 
topological 4 17963 17964 17965 17966 
correlation 3 18124 18125 18126 
relative 2 18043 18044 
content-based 2 18043 18044 
comparison 5 17820 17821 17822 17908 17909 
matching 4 17453 17454 17470 17471 
representing 2 17635 19733 
seeded 2 17697 17698 
overlay 2 17608 17609 
generalizability 1 17574 
incremental 3 18164 19957 19958 
hybrid 3 17636 17637 17638 
mining 13 17442 17443 17444 17445 17446 17534 17535 17755 17756 17757 18205 18206 18207 
nuggets 2 17541 17542 
time-constrained 3 17527 17528 17529 
wsdl 3 17666 17667 17668 
fitness 2 17778 17779 
projection 3 17531 19477 19478 
theory 1 17641 
estimating 2 18183 18182 
curves 3 18085 18497 18498 
network 4 17608 17609 17776 17777 
online 9 17561 17562 18080 18081 18082 18083 18164 19957 19958 
scalable 10 17530 17531 17532 17533 18068 18069 18070 18149 18150 18151 
summaries 3 18164 19957 19958 
dimensionality 11 18294 18293 18295 18296 18163 18164 18165 18197 18198 18199 18200 
tuning 3 17529 18294 19228 
peer 2 17896 17897 
answering 4 17451 19310 18213 18214 
application 2 17564 17565 
building 6 17599 17600 17601 17602 17603 17604 
political 4 17919 17920 17921 17922 
alias 5 17714 17715 17716 17717 17718 
resource 2 17948 17949 
agreement 3 17932 19579 19580 
problem 2 18084 18085 
space-and-time-efficient 3 17486 19244 19245 
multiple-query 2 17487 17488 
concepts 2 17719 17720 
optimizing 3 17529 19361 19362 
database 18 17529 18294 19228 17564 17565 17856 17857 18183 18182 17581 17904 17905 17906 18061 18114 18115 18203 18204 
reconciliation 3 17565 18100 18808 
balanced 2 17933 17934 
hidden 7 17599 17600 17601 17602 17603 17604 18057 
implementation 2 17697 17698 
merging 3 17575 17576 17577 
bridging 4 18141 18142 18143 18144 
comprehension 2 17908 17909 
energy 4 18133 19740 19741 19742 
utilizing 3 18058 18059 18060 
intelligent 2 18203 18204 
technique 6 17917 17918 17974 19959 19960 19961 
summary 2 17691 17692 
guide 2 17707 17708 
customizable 2 18004 18005 
foreword 1 18221 
optimal 9 17565 18882 18183 17578 17579 17580 17932 19579 19580 
flow 2 17594 17595 
production 2 17489 17490 
schema 1 18044 
feedback 1 17548 
nonparametric 2 18085 18594 
assistant 1 18211 
scheme 1 18177 
modularity 7 18004 18820 18821 18822 18823 18824 18825 
differential 2 17776 17777 
unsupervised 5 17534 17535 18085 18497 18498 
asynchronous 2 17594 17595 
feature 4 18070 18128 18085 18594 
boolean 2 17948 17949 
structured 8 17451 19310 17820 17821 17822 18217 18218 18219 
signature 3 17702 17703 17704 
owl-s 3 17666 17667 17668 
multicomputer 3 17529 18294 19228 
cost-free 2 18084 18085 
consistency 2 18050 18051 
induction 1 17455 
constraints 10 17619 17620 17621 17622 17623 17624 17625 18205 18206 18207 
reordering 2 17574 19171 
multi-attribute 3 18085 18497 18498 
sitbac 2 17908 17909 
structures 2 18164 19365 
neural-based 4 17971 17972 17973 17974 
statistic 3 18124 18125 18126 
models 9 17868 17869 17870 17871 17908 17909 18124 18125 18126 
content 12 17450 17451 17452 17698 19523 17721 17722 17723 17724 18204 19146 19147 
fusing 5 17964 17966 19643 19644 19645 
crime 4 18107 18108 18109 18110 
hot 3 17558 17559 17560 
load 3 17529 18294 19228 
invariants 3 18149 18150 18151 
devices 4 17721 17722 17723 17724 
omnivariate 1 17455 
malicious 3 17932 19579 19580 
common 2 17487 17488 
minimum 3 17575 17576 17577 
coordination 2 17743 17744 
synchronization-inspired 3 17752 17753 17754 
data 71 17635 19733 17520 17521 17527 17528 17529 17530 17531 17532 17533 17534 17535 17564 17565 19317 19318 18100 17574 18221 17594 17595 17596 17597 17598 17610 17611 17612 17613 18080 18081 18082 18083 17619 17620 17621 17622 17623 17624 17625 17641 17691 17692 17755 17756 17757 17836 17868 17870 19296 17955 17956 17957 17958 17974 19959 19960 19961 18050 18051 18967 18057 18132 18133 18147 18148 18149 18150 18151 18214 19454 
sentence 3 17558 17559 17560 
ifood 2 18203 18204 
vs 3 17820 17821 17822 
digital 2 17561 17562 
tradeoffs 2 18050 18051 
fingerprint 2 17953 17954 
critical 2 17541 17542 
signature-based 2 18043 18044 
learning-based 2 17591 17592 
equation 3 18124 18125 18126 
relevance 1 17548 
intersection 2 17917 17918 
replicated 2 17594 17595 
documents 9 17599 17600 17601 17602 17603 17604 18075 18076 18177 
interoperability 2 17953 17954 
spiral 3 17938 17939 17940 
learning 47 17518 17519 17534 17535 17564 17565 17619 17620 17621 17622 17623 17624 17625 17719 17720 17820 17821 17822 17826 17827 17874 17875 17876 17933 17934 17971 17972 17973 17974 19959 19960 19961 18068 18069 18070 18084 18085 18124 18125 18126 18197 18198 18199 18200 18217 18218 18219 
selection 4 18070 18128 18085 18594 
picquery 5 17452 17635 19711 19712 19713 
multirelational 3 17975 19811 19812 
supervised 3 17478 17479 17480 
pattern 4 18133 19740 19741 19742 
modeling 9 17558 17559 17560 17610 17611 17612 17613 18050 18051 
tv 2 17608 17609 
transformation-based 4 17959 17960 17961 17962 
tweets 4 17919 17920 17921 17922 
variable 3 17686 17687 17688 
world 2 17975 17976 
coding 2 17933 17934 
vertical 4 18141 18142 18143 18144 
tm 4 17530 17531 17532 17533 
directional 4 17868 17869 17870 17871 
implicit 2 18002 18003 
retrieving 3 17450 17451 17452 
earthquake 3 17479 19206 19207 
eigenspace 3 17575 17576 17577 
architectures 1 17641 
tertiary 1 17883 
resilient 4 18107 18108 18109 18110 
validity 2 17453 17454 
connections 4 17963 17964 17965 17966 
trustworthiness 2 17915 17916 
brokering 4 17530 17531 17532 17533 
deductive 4 17476 17477 17881 17882 
networks 4 17580 19847 18004 18005 
control 7 17594 17595 17865 17866 18114 18115 18177 
text 4 18141 18142 18143 18144 
belief 3 17686 17687 17688 
formalism 1 18211 
bitmap 1 18177 
localization 3 18149 18150 18151 
association 4 17955 17956 17957 17958 
certainty 3 17686 17687 17688 
maintenance 3 18164 19957 19958 
relation 7 17478 17479 17480 17868 17869 17870 17871 
xml 1 18177 
providing 2 17561 17562 
storing 3 17868 17870 19296 
extraction 12 17478 17479 17480 17558 17559 17560 17592 19363 19364 18204 19146 19147 
dbms 3 18167 18168 18169 
cost 3 18040 18041 18042 
moments 2 17778 17779 
logic 7 17686 17687 17688 17707 17708 18087 18088 
inner-product 3 18163 18164 18165 
recognizing 2 18048 18049 
ppsgen 2 17591 17592 
prolog 2 17574 19171 
failure 3 18149 18150 18151 
navigation 2 17561 17562 
comparative 2 18145 18146 
case 1 18211 
cote 4 17959 17960 17961 17962 
intertemporal 2 17915 17916 
model 18 17635 19733 17565 18882 18183 17691 17692 17796 17797 17908 17909 17953 17954 18114 18115 18204 19146 19147 
dominance 2 18213 18214 
k-pattern 3 18205 18206 18207 
slides 2 17591 17592 
minority 4 17974 19959 19960 19961 
lattice 3 17486 19244 19245 
distance-based 3 17565 18100 18808 
non-topological 4 17963 17964 17965 17966 
top-$k$ 2 17917 17918 
www 2 17689 17690 
angular 2 18164 19365 
strings 4 17612 17613 18080 19125 
large-scale 3 18149 18150 18151 
optimistic 5 17549 17550 17551 17552 17553 
sup 4 17530 17531 17532 17533 
regions 3 18294 18293 19856 
engineering 6 17574 18221 17636 17637 17638 17967 
elliptical 3 17575 17576 17577 
peer-to-peer 2 17776 17777 
incomplete 1 17641 
completeness 2 18050 18051 
weighted 4 17974 19959 19960 19961 
subscription 2 17608 17609 
complete 2 17975 17976 
exploratory 3 18050 18051 18967 
performance 9 17527 17528 17529 17904 17905 17906 18167 18168 18169 
allocation 2 18114 18115 
protein-protein 2 17796 17797 
real-time 7 17479 19206 19207 17489 17490 17865 17866 
introducing 1 17574 
multiple 5 17470 17471 18164 19957 19958 
interactions 4 17796 17797 17896 17897 
uncertainty 2 17476 17477 
eql 2 17489 17490 
ontological 1 17967 
granular 3 18117 18118 18119 
protocol 5 17594 17595 17932 19579 19580 
sorted 2 17935 17936 
extended 4 17868 17869 17870 17871 
secrecy 2 18147 18148 
markov 7 17619 17620 17621 17622 17623 17624 17625 
recovery 5 18040 18041 18042 18048 18049 
general 2 17917 17918 
inductive 1 17581 
object-based 2 17865 17866 
nonblocking 2 17594 17595 
views 2 18147 18148 
genetic 2 17778 17779 
ordered 2 17794 17795 
temporal 9 17450 17451 17452 17635 17565 18882 18183 18043 18044 
directed 2 17580 19847 
classifier 4 17971 17972 17973 17974 
weak 3 17702 17703 17704 
high 3 17980 17981 17982 
historical 2 17520 19143 
operations 2 17594 17595 
ptuie 2 18048 18049 
personalized 3 18217 18218 18219 
automated 8 17534 17535 17564 17856 17857 17686 17687 17688 
aggregate 10 17619 17620 17621 17622 17623 17624 17625 17980 17981 17982 
test 1 17455 
domains 4 17564 17565 17794 17795 
indexing 8 17698 18679 17868 17870 19296 18043 18044 18177 
mechanism 2 18114 18115 
regression 6 17974 18137 18136 18140 18138 18139 
calibration 2 17953 17954 
graph-based 10 17529 19361 19362 17874 17875 17876 17974 18137 18136 18140 
extensions 2 17520 19143 
distances 3 18077 18078 18079 
connectionist 3 17820 17821 17822 
revision 3 17686 17687 17688 
approximations 5 17698 18679 18163 18164 18165 
ancient 3 17636 17637 17638 
inferring 3 18149 18150 18151 
tree 5 17442 17443 17444 17445 17446 
morphic 1 18210 
evolutionary 6 17511 17512 17513 17514 18132 18133 
codeing 3 17486 19244 19245 
log-structured 4 18221 18350 18351 18352 
high-dimensional 3 18149 18150 18151 
editor-in-chief 1 17574 
ops 2 17489 17490 
topic 3 17558 17559 17560 
information 12 17541 17542 17963 17964 17965 17966 18050 18051 18967 18058 18059 18060 
continuous 2 18213 18214 
leaning 4 17919 17920 17921 17922 
problems 5 17641 17917 17918 18089 18090 
random 2 17935 17936 
experimental 10 17820 17821 17822 17908 17909 18137 18136 18140 18138 18139 
prepare 2 17894 17895 
cluster-based 2 17815 17816 
goal 2 17580 19847 
ieee 1 17574 
visual 4 18141 18142 18143 18144 
probable 2 18048 18049 
evaluability 2 17879 17880 
enriching 3 18058 19568 19569 
trees 11 17511 17512 17513 17514 17697 17698 17964 17966 19643 19644 19645 
computation 5 18132 18133 18163 18164 18165 
oversampling 4 17974 19959 19960 19961 
language 5 17452 17635 19711 19712 19713 
approaches 4 17974 18137 18136 18140 
ranking 3 18085 18497 18498 
vacuuming 1 18044 
placement 3 17578 17579 17580 
trade-off 1 18210 
query 10 17451 19310 17461 17462 17794 17795 17879 17880 17917 17918 
link 4 17963 17964 17965 17966 
dominating 2 18213 18214 
timeline 5 17635 19733 17558 17559 17560 
murals 3 17636 17637 17638 
block 2 18183 18182 
techniques 5 17904 17905 17906 18089 18090 
retrieval 22 17450 17451 17452 17635 17527 17528 17529 18294 18293 19856 17531 19477 19478 17612 17613 18705 18706 18043 18044 18058 18059 18060 
mapping 9 17478 17479 17480 17666 17667 17668 18149 18150 18151 
effective 3 17980 17981 17982 
identity 4 18107 18108 18109 18110 
words 3 17478 17479 17480 
summarization 3 17592 19363 19364 
highly 2 18145 18146 
retweets 4 17919 17920 17921 17922 
robust 5 17442 17443 17444 17445 17446 
multidimensional 6 17558 17559 17560 18077 18078 18079 
kernel 3 17575 17576 17577 
access 10 17596 17597 17598 17691 17692 17935 17936 18164 19365 18177 
research 3 17564 19317 19318 
framework 19 17564 19317 19318 17599 17600 17601 17602 17603 17604 17755 17756 17757 18167 18168 18169 18177 18178 18213 18214 
encrypted 1 18057 
integrated 4 17534 17535 17826 17827 
point 2 17796 17797 
k-anonymity 3 17975 19811 19812 
balancing 3 17529 18294 19228 
databases 23 17476 17477 17520 19143 17565 18100 18808 18882 18183 17594 17595 17612 17613 18705 18706 17879 17880 17901 17902 17903 18044 18177 18178 
relational 9 17478 17479 17480 17534 17535 17565 18100 17719 17720 
cloud 1 17836 
based 21 18294 18293 19856 17558 17559 17560 17594 17595 17666 17667 17668 18077 18078 18079 18085 18497 18498 18133 19740 19741 19742 
skyline 2 17794 17795 
latent 3 17478 17479 17480 
cold-start 4 17963 17964 17965 17966 
transaction 9 17549 17550 17551 17552 17553 17594 17595 17689 17690 
mls 1 18061 
structural 10 17619 17620 17621 17622 17623 17624 17625 18124 18125 18126 
patent 3 18058 18059 18060 
impact 3 18050 18051 18967 
sources 4 17530 17531 17532 17533 
scheduling 3 17578 17579 17580 
encryption 1 18057 
neuro-fuzzy 1 17641 
combat 2 18089 18090 
survey 7 18137 18136 18140 18138 18139 18075 18076 
reduction 14 18294 18293 18295 18296 18117 18118 18119 18163 18164 18165 18197 18198 18199 18200 
algorithms 12 17527 17528 17529 17548 17980 17981 17982 18070 18128 18149 18150 18151 
time-space 1 18210 
over-sampling 6 17974 18137 18136 18140 18089 18090 
systems 37 17489 17490 19106 17529 18294 19228 17549 17550 17551 17552 17553 17564 17565 17698 19523 17743 17744 17868 17870 19296 17881 17882 17883 17916 18979 18980 17971 17972 17973 17974 18061 18070 18339 18340 18149 18150 18151 
spaces 3 17980 17981 17982 
multiview 4 18103 18104 18105 18106 
dialect 2 17707 17708 
d-presence 2 17975 17976 
videos 3 18204 19146 19147 
collective 7 17959 17960 17961 17962 18068 18069 18070 
class 2 18084 18085 
symbolic 3 17820 17821 17822 
logging 3 18040 18041 18042 
properties 2 18048 18049 
low-rank 2 17933 17934 
infosleuth 4 17530 17531 17532 17533 
rough 1 17641 
monotonic 5 17964 17966 19643 19644 19645 
picture 3 17531 19477 19478 
formal 3 18117 18118 18119 
presentation 2 17591 17592 
representation 3 17531 19477 19478 
images 8 17450 17451 17452 17612 17613 18705 18706 18210 
conditional 4 17483 17484 17485 17486 
match 2 17489 19543 
media 1 17883 
management 11 17691 17692 17721 17722 17723 17724 17836 17883 17901 17902 17903 
efficient 30 17442 17443 17444 17445 17446 17470 17471 17574 19171 17697 17698 18679 17901 17902 17903 17980 17981 17982 18043 18044 18057 18149 18150 18151 18213 18214 19454 18217 18218 18219 
jpernlite 2 17689 17690 
presto 1 18177 
state 2 17489 19106 
point-of-interest 2 18004 18005 
attribute 5 17442 17443 17444 17445 17446 
evaluation 3 17527 17528 17529 
linearizing 2 18087 18088 
metapattern-based 2 17534 17535 
graph 8 17594 17595 17610 17611 17612 17613 18213 18214 
interactive 2 17561 17562 
vector 1 18057 
implications 2 18002 18003 
rule 3 17455 17707 17708 
making 3 18050 18051 18967 
representations 5 17719 17720 17916 18979 18980 
computations 3 17486 19244 19245 
forms 2 17565 18100 
theorems 2 17796 17797 
error 2 18085 18594 
discriminant 3 18077 18078 18079 
linkability 3 17702 17703 17704 
keyword 2 17461 17462 
chains 7 17619 17620 17621 17622 17623 17624 17625 
strategy 2 18084 18085 
tasks 2 17541 17542 
processors 3 17932 19579 19580 
rules 4 17955 17956 17957 17958 
multimedia 2 17635 19733 
weights 3 17686 17687 17688 
context 6 17908 17909 17974 18137 18136 18140 
cluster 2 17453 17454 
preservation 2 17908 17909 
storage 8 17565 18882 18183 18221 18350 18351 18352 17883 
