<Keyword> <No of vertices> <vertex1> <vertex2> .... <vertexN> 
reliable 3 9811 9812 9813 
jsbricks 4 9221 9222 9223 9224 
analyzing 2 9448 11924 
using 30 9158 9159 9160 9270 9272 12987 9285 9287 12854 9330 9331 9332 9378 9379 11710 9509 9510 9511 9591 9592 9593 9594 9624 9625 9626 9627 10484 13660 13661 9661 
institutional 2 9330 9331 
workflows 1 9858 
predicate 3 9551 9552 9553 
networked 2 9813 18794 
time 7 9183 10895 9333 9334 9335 9336 9337 
materials 7 9386 9387 9388 9389 9390 9391 9392 
search 7 9551 9552 9641 9642 9643 9644 9645 
structuring 1 9518 
levels 2 9225 9226 
event 3 9205 18423 18424 
chemical 4 9620 9621 9622 9623 
psychology 2 9181 9182 
spacecraft 7 9429 9430 9431 9432 9433 9434 9435 
interfaces 3 9782 9783 9784 
advanced 3 9758 9759 9760 
generation 8 9183 9184 9449 9450 9451 9452 9453 9454 
objects 4 9183 10895 9205 19690 
video 5 9408 12294 12295 12296 12297 
application-specific 2 9183 9184 
multi-core 2 9636 9637 
monitoring 6 9398 12158 12159 9522 11669 11670 
multidisciplinary 4 9759 12009 12010 12011 
achieving 6 9325 9326 9453 11888 11889 11890 
image 14 9171 9172 9173 9349 9350 9351 9352 9353 9451 9454 12110 12111 9757 10322 
optimization 12 9316 9317 9318 9518 9521 9522 9617 10412 9769 9770 9771 9772 
ha-oscar 4 9453 11888 11889 11890 
wide 1 9473 
partial 5 9586 9587 9588 9589 9590 
conditions 2 12416 12862 
biological 1 9613 
european 1 9627 
steering 3 9292 9293 9294 
automata 2 9471 9749 
components 1 9472 
discovery 3 9206 9207 9208 
attacks 2 9378 9379 
parlib 4 9627 10484 13660 13661 
array 1 9204 
dynamic 1 9858 
classifications 2 11658 19897 
knowledge 3 9838 9839 9840 
knowledge-based 7 9429 9430 9431 9432 9433 9434 9435 
communications 3 9522 11669 11670 
behavior 2 9560 9561 
carlo 6 9562 9563 9564 9565 9566 9567 
dependent 1 9296 
aid 2 18424 19078 
instances 3 11658 19897 9518 
execution 7 9188 9189 9190 9221 9222 9223 9224 
preconditionings 2 9493 12636 
programming 9 9168 9169 9205 19690 9269 9270 9271 9272 9472 
domain 2 9493 12636 
current 3 9330 9331 9495 
cracked 2 9705 9706 
france 1 9627 
clouds 6 9551 9552 9553 9624 9625 9626 
simulator 3 9494 12415 12416 
virtualization 6 9452 9453 9454 13230 11710 13231 
web 10 18424 19078 9473 9577 9578 9579 9580 9838 9839 9840 
path-planning 1 9749 
block-preconditioned 3 9304 9305 12137 
automaton 1 9471 
independent 4 9451 11417 11418 11419 
new 2 12416 12862 
utility 2 9516 9517 
guest 1 9291 
testing 2 9560 9561 
lazy 2 9249 9977 
cosmology 3 9327 9328 9329 
multiprocessor 11 9198 9199 9200 9201 9296 9325 9326 9493 9811 9812 9813 
satexpert 7 9429 9430 9431 9432 9433 9434 9435 
methods 6 9562 9563 9564 9565 9566 9567 
physical 3 9285 9287 12854 
supernode 4 9627 10484 13660 13661 
computational 11 9191 9292 9293 9294 9333 9334 9335 9336 9337 9474 9678 
paradigm 2 9493 12636 
distributed 38 9168 9169 9183 10895 9249 9977 9327 9328 9329 9447 9448 11924 9455 9456 9457 9458 9459 9460 9461 9462 9463 9464 9486 9487 9488 9489 9494 12259 12260 12261 9522 11669 11670 9662 9663 9664 9813 18794 
aware 3 9811 9812 9813 
architecture 24 9161 9162 9163 9204 9281 9282 9283 9284 9449 9450 9451 9452 9453 9454 9486 9487 9488 9489 9591 13508 13509 9614 9615 9616 
consumer 3 9702 9703 9704 
long-range 2 9705 9706 
boundary 2 12416 12862 
exploring 3 9327 9328 9329 
adolescence 1 9407 
grid-aware 4 9522 9617 9618 9619 
software 13 9269 9270 9271 9272 9285 9287 12854 9324 9627 10484 10485 13660 13661 
medical 10 9455 9456 9457 9458 9459 9460 9461 9462 9463 9464 
component 3 9161 9162 9163 
broadcasting 2 9248 9249 
future 4 9290 9330 9331 9495 
processing 6 9297 9298 9299 9757 10322 9858 
ant 12 9192 9193 9194 13011 13012 11403 9202 17830 9823 9824 9825 9826 
contributions 1 9205 
incompressible 3 9304 9305 12137 
design-space 7 9386 9387 9388 9389 9390 9391 9392 
automatic 1 9472 
stress 2 9705 9706 
environments 9 9220 9292 9293 9294 9327 9328 9329 9636 9637 
scale-out 4 9541 9542 9543 9544 
code 5 9183 9184 9627 10484 10485 
ontology 2 9181 9182 
switching 3 9568 9569 9570 
contextaul 1 9496 
detection 12 9349 9350 9351 9352 9353 9591 13508 13509 9823 9824 9825 9826 
multiprocessors 1 9494 
phase 3 9171 9172 9173 
qrd-based 3 9662 9663 9664 
mobile 9 9249 9977 11279 9313 9314 9315 9707 9708 9709 
heterogeneous 7 9220 9451 11417 11418 11419 9636 9637 
coarse 2 9304 9305 
set 1 9627 
routing 5 9209 9210 9285 9287 12854 
frequency 2 9202 9203 
analysis 17 9455 9456 9457 9458 9459 9460 9461 9462 9463 9464 9519 9520 9521 9522 9779 9780 9781 
simulation 21 9161 9162 9163 9281 9282 9284 13497 13498 13633 13634 13635 13636 13637 9365 9366 9425 9426 9427 9428 11710 9471 
atomic 2 9189 13416 
response 3 9494 12415 12416 
wireless 3 9285 9286 9287 
fuzzy 4 9642 18797 18798 18799 
integration 3 9381 9382 9383 
statements 1 9518 
cray 7 9386 9387 9388 9389 9390 9391 9392 
cloudgrid 4 9519 9520 9521 9522 
max-min 2 9194 11403 
reconfigurable 3 9702 9703 9704 
attractor 1 9613 
gcr 3 9304 9305 12137 
parallel 56 9171 9172 9173 11176 11177 11178 11179 13055 13056 13057 13058 9183 10895 9188 9189 9190 9269 9270 9271 9272 12987 9297 9298 9299 9304 9305 12137 9340 9341 9342 9343 9359 9360 9361 9362 9365 9366 9425 9426 9427 9428 9448 11924 9466 9467 9468 9469 9493 12636 9591 13508 13509 9636 9637 9737 9738 
communication 7 9754 9755 9756 9757 9811 9812 9813 
ahead 1 11710 
semantic 5 9641 9642 9643 9644 9645 
prediction 3 9313 9314 9315 
laboratory 6 9452 9453 9454 13230 11710 13231 
iterative 1 9496 
kdd 2 9787 9788 
memory 10 9158 9159 9160 9249 9977 9494 12259 12260 12261 9613 
reservations 2 9311 9312 
svms 4 9823 9824 9825 9826 
message 1 9494 
color 5 9349 9350 9351 9352 9353 
e-science 3 9330 9331 9495 
approach 23 9172 13055 13056 13057 13058 9209 9210 9285 9287 12854 9296 9330 9331 9332 9496 9519 9520 9521 9522 9560 9561 9739 9740 
java 4 9221 9222 9223 9224 
numerical 6 9217 9218 9225 9226 9365 9366 
spatio-temporal 3 9381 9382 9383 
disabled 3 9551 9552 9553 
arrays 1 9537 
graphs 3 9297 9298 9299 
nonlinear 2 9705 9706 
generalized 4 9248 9249 9493 12636 
thermal 2 12416 12862 
telemedicine 2 9757 10322 
package 3 9627 10484 10485 
neural 1 9613 
distributions 4 9556 9557 9558 9559 
layered 4 9486 9487 9488 9489 
sensor 3 9285 9286 9287 
languages 6 9270 9272 12987 9758 9759 9760 
social 2 9181 9182 
report 2 9406 9407 
simulations 16 9158 9159 9160 9386 9387 9388 9389 9390 9391 9392 9743 9744 9745 9746 9747 9748 
porosimetry 6 9743 9744 9745 9746 9747 9748 
bbs 1 9627 
facedcaptcha 5 9349 9350 9351 9352 9353 
increment 2 9217 9218 
programs 3 9188 9189 9190 
transfer 7 9408 12294 12295 12296 12297 9705 9706 
services 6 9473 9614 9615 9616 9757 10322 
support 3 9614 9615 9616 
adaptive 6 9188 9189 9190 9568 9569 9570 
privacy 3 9473 9551 9552 
recommendation 5 9641 9642 9643 9644 9645 
job 2 9516 9517 
health 4 9754 9755 9756 9757 
reality 1 9613 
distribution 2 9775 9776 
powerful 3 9206 9207 9208 
agent-based 7 13497 13498 13633 13634 13635 13636 13637 
scaling 1 11710 
network-based 1 9220 
gems 5 9727 9728 9729 9730 9731 
operating 8 9168 9169 9189 10846 9451 9454 12110 12111 
router 2 9378 9379 
colony 4 9823 9824 9825 9826 
delay 4 9556 9557 9558 9559 
csp 3 9270 9272 12987 
heuristic 4 9202 9203 9516 9517 
plant 1 9628 
expert 2 9628 9699 
different 4 9556 9557 9558 9559 
virtual 4 9494 12259 12260 12261 
home 3 9779 9780 9781 
binary 4 9281 9282 9283 9284 
hardware 3 9702 9703 9704 
boltzmann 6 9158 9159 9160 12416 12862 9661 
development 8 9269 9270 9271 9272 9642 18797 18798 18799 
aspects 1 12636 
lu 2 9493 12636 
road 1 11710 
space 5 9333 9334 9335 9336 9337 
cores 1 11710 
mapreduce 3 9624 9625 9626 
algorithm 26 9188 9189 9190 9359 9360 9361 9362 9386 9387 9388 9389 9390 9391 9392 9509 9510 9511 9516 9517 9591 13508 13509 9662 9663 9664 9749 
multi-gpu 2 9636 9637 
precoding 3 9662 9663 9664 
explaining 2 11658 19897 
oak 6 9452 9453 9454 13230 11710 13231 
calife 3 9627 10484 10485 
interface-adaptation 4 9486 9487 9488 9489 
situation 5 9727 9728 9729 9730 9731 
probabilistic 1 9471 
voip 3 9614 9615 9616 
lattice-boltzmann 6 9743 9744 9745 9746 9747 9748 
immune 3 9494 12415 12416 
editorial 1 9291 
spatial 1 9471 
transputer-based 1 9493 
incentive-based 2 9516 9517 
middleware 5 9333 9334 9335 9336 9337 
advertisement 2 9831 9832 
sequences 1 9518 
robot 1 9749 
websites 2 9560 9561 
frequent 3 9282 19704 19705 
machines 3 9263 9264 9265 
multi-cpu 2 9636 9637 
parlog 2 9447 9448 
unified 4 9769 9770 9771 9772 
location-aware 3 9313 9314 9315 
copy-hybrid 2 9739 9740 
reasoning 3 9205 9225 9226 
preserving 2 9551 9552 
prefetching 3 9313 9314 9315 
nodes 5 9172 13055 13056 13057 13058 
rule-based 3 9330 9331 9332 
insights 2 9181 9182 
captcha 5 9349 9350 9351 9352 9353 
method 12 9304 9305 12137 9472 12416 12862 9743 9744 9745 9746 9747 9748 
system-level 6 9452 9453 9454 13230 11710 13231 
design 9 9509 9510 9511 9769 9770 9771 9772 9813 18794 
technology 1 9205 
single 4 9451 9454 12110 12111 
individual 2 11658 19897 
recognition 3 9205 18423 18424 
integrity 2 9189 13416 
synthetic 4 9466 9467 9468 9469 
study 5 9172 11176 11177 11178 11179 
chat 2 9739 9740 
computing 29 9189 10846 9220 9249 9977 11279 9290 9316 9317 9318 9425 9426 9427 9428 9453 11888 11889 11890 12636 9541 9542 9543 9544 9568 9569 9570 9624 9625 9626 
studies 11 9281 9282 9284 9494 12259 12260 12261 9522 9617 9618 9619 
disc 4 9269 9270 9271 9272 
level 3 9313 9314 9315 
parallelise 3 9627 10484 10485 
prioritized 5 9727 9728 9729 9730 9731 
sets 4 9642 18797 18798 18799 
forensics 2 9378 9379 
applications 32 9205 9209 9210 9327 9328 9329 9521 9522 9617 10412 9577 9578 9579 9580 9586 9587 9588 9589 9590 9702 9703 9704 9758 9759 9760 12009 12010 12011 9843 9844 9845 9846 
writes 2 9189 13416 
parallelism 4 9758 12228 12229 12230 
combining 4 9823 9824 9825 9826 
protection 1 9473 
workshop 1 9627 
formulations 2 9217 9218 
challenges 9 9191 9330 9331 9495 11710 9474 9678 9787 9788 
nippon 1 9699 
means 4 12416 12862 9831 9832 
efficiently 3 9158 9159 9160 
meiko 2 9398 9399 
statement 1 9518 
curation 3 9330 9331 9332 
solver 4 9522 9617 9618 9619 
compressed 2 9378 9379 
clusters 9 9171 9172 9173 9189 13416 9494 12259 12260 12261 
overlay 6 9206 9207 9208 9614 9615 9616 
emerging 3 9287 13497 13498 
issues 3 9263 9264 9265 
hybrid 1 9471 
conceptual 3 9782 9783 9784 
release 2 9249 9977 
self-adaptation 3 9707 9708 9709 
preconditioner 2 9304 9305 
mining 13 9378 9379 9496 9620 9621 9622 9623 9787 9788 9823 9824 9825 9826 
scale 8 9425 9426 9427 9428 9494 12259 12260 12261 
reactions 1 9474 
theory 4 9843 9844 9845 9846 
grid-based 3 9614 9615 9616 
rounding 2 9217 9218 
monte 6 9562 9563 9564 9565 9566 9567 
security 8 9519 9520 9521 9522 9591 9592 9593 9594 
cyber 12 9285 9287 12854 9408 9409 9410 9411 9412 9413 9414 9415 9416 
enhanced 3 9285 9287 12854 
requirements 1 9494 
episodes 3 9282 19704 19705 
network 18 9206 9207 9208 9316 9317 9318 9367 9378 9379 9537 9591 9592 9593 9594 9823 9824 9825 9826 
irods 3 9330 9331 9332 
risk 3 9779 9780 9781 
optimization-based 3 9568 9569 9570 
kelp 4 9758 12228 12229 12230 
driven 6 9702 9703 9704 9707 9708 9709 
scalable 7 9386 9387 9388 9389 9390 9391 9392 
path 5 9586 9587 9588 9589 9590 
instance-based 1 9518 
risc 4 9494 12259 12260 12261 
grid 40 9304 9305 9330 9331 9332 9451 11417 11418 11419 9455 9456 9457 9458 9459 9460 9461 9462 9463 9464 9521 9522 9617 10412 9562 9563 9564 9565 9566 9567 9568 9569 9570 9620 9621 9622 9623 9769 9770 9771 9772 
multi-relay 3 9662 9663 9664 
underwriting 1 9699 
algebras 4 9642 18797 18798 18799 
relevant 1 9474 
xml-based 4 9759 12009 12010 12011 
lossless 2 9406 9407 
intranet 4 9754 9755 9756 9757 
building 2 9330 9331 
application 12 9340 9341 9342 9343 9398 9399 9627 10484 10485 13660 13661 9628 
task 9 9198 9199 9200 9201 9209 9210 9811 9812 9813 
resource 8 9206 9207 9208 9568 9569 9570 9831 9832 
synchronization 2 9325 9326 
generating 1 9496 
problem 3 9202 9203 17830 
registration 3 9171 9172 9173 
arranging 1 9518 
concepts 3 9161 9162 9163 
database 5 9204 9398 9399 12158 12159 
ip 5 9378 9379 9614 9615 9616 
balanced 5 9586 9587 9588 9589 9590 
organizational 3 9281 9282 9284 
hidden 3 9282 19704 19705 
implementation 15 9204 9340 9341 9342 9343 9493 9494 9522 9617 9618 9619 9758 9759 9760 9858 
scientific 13 9221 9222 9223 9224 12636 9586 9587 9588 9589 9590 9624 9625 9626 
locality 1 9518 
local 5 9172 13055 13056 13057 13058 
consistent 2 9249 9977 
energy 6 9285 9287 12854 9811 9812 9813 
smart 5 9406 9407 9779 9780 9781 
understand 1 11710 
clinic 4 9754 9755 9756 9757 
collaborative 9 9577 9578 9579 9580 9641 9642 9643 9644 9645 
arts 3 9330 9331 9495 
characterization 4 9556 9557 9558 9559 
angiographic 4 9359 9360 9361 9362 
minimal 1 9496 
optimal 7 9281 9282 9283 9284 9662 9663 9664 
flow 3 9304 9305 12137 
cave 3 9292 9293 9294 
practices 3 9330 9331 9495 
microbenchmarks 4 9221 9222 9223 9224 
gridufo 4 9769 9770 9771 9772 
decomposition 2 9493 12636 
scheme 3 9249 9977 11279 
concurrent 1 9220 
differential 2 9217 9218 
asynchronous 2 9448 11924 
feature 1 9496 
elements 2 9484 9485 
structured 2 9217 9218 
r-mini 1 9496 
static 2 9705 9706 
multicomputer 2 9189 10846 
neighborhood 5 9172 13055 13056 13057 13058 
consistency 2 9189 13416 
high-performance 2 9290 9465 
ants 2 9202 9203 
hpf 4 9758 12228 12229 12230 
structures 4 9642 18797 18798 18799 
disaster 2 9775 9776 
models 6 9282 19704 19705 9568 9569 9570 
kernels 4 9627 10484 13660 13661 
biologically 1 9474 
anonymity 1 9473 
load 2 9813 18794 
elastic 4 9311 9312 9705 9706 
examples 1 9496 
devices 2 9189 13416 
low 2 9325 9326 
face 5 9349 9350 9351 9352 9353 
complex 1 9474 
wsn 7 9285 9287 12854 9556 9557 9558 9559 
common 5 9225 9226 9707 9708 9709 
hypre 3 9782 9783 9784 
data 32 9189 13416 18424 19078 9248 9249 9285 9286 9287 9330 9331 9332 9378 9379 9496 9518 9541 9542 9543 9544 9758 12228 12229 12230 9775 9776 9787 9788 9823 9824 9825 9826 
use 9 9425 9426 9427 9428 9496 9642 18797 18798 18799 
platforms 2 9209 9210 
component-based 4 9486 9487 9488 9489 
continuation 4 9754 9755 9756 9757 
axiomatic 4 9642 18797 18798 18799 
critical 5 9586 9587 9588 9589 9590 
bag-of-tasks 2 9209 9210 
life 1 9699 
utilization 2 9311 9312 
composing 1 9472 
dynamics 1 9471 
best 5 9727 9728 9729 9730 9731 
diffusion 2 9661 9749 
fortran 3 9758 9759 9760 
replicated 3 9591 13508 13509 
trust 4 9577 9578 9579 9580 
light-weight 1 11710 
matrix 6 9562 9563 9564 9565 9566 9567 
spiral 3 9591 13508 13509 
learning 4 9282 19704 19705 9613 
selection 2 9496 11658 
adaptation 5 9333 9334 9335 9336 9337 
interconnect 4 9541 9542 9543 9544 
assignment 3 9202 9203 17830 
distributed-memory 2 9290 9465 
practice 4 9843 9844 9845 9846 
modeling 2 9205 19690 
october 1 9627 
infrastructure 17 9316 9317 9318 9330 9331 9455 9456 9457 9458 9459 9460 9461 9462 9463 9464 9484 9485 
world 1 9473 
intrusion 10 9743 9744 9745 9746 9747 9748 9823 9824 9825 9826 
optical 4 9541 9542 9543 9544 
progress 2 9406 9407 
stigmergy 3 9192 13011 13012 
arigatoni 3 9206 9207 9208 
grids 11 9333 9334 9335 9336 9337 9516 9517 9568 9569 9570 9661 
portable 4 9843 9844 9845 9846 
directional 3 9705 9706 9749 
ambient 3 9287 13497 13498 
science 1 9678 
retargetable 2 9183 9184 
architectures 4 9367 9702 9703 9704 
practical 1 12636 
simulation-based 4 9521 9522 9617 10412 
quadratic 2 9202 17830 
care 4 9754 9755 9756 9757 
continents 9 9408 9409 9410 9411 9412 9413 9414 9415 9416 
benchmarking 9 9172 11176 11177 11178 11179 9340 9341 9342 9343 
electricity 2 9807 9808 
trustworthiness 2 9560 9561 
pso 3 9662 9663 9664 
shared 11 9189 13416 9249 9977 9494 12259 12260 12261 9591 13508 13509 
cellular 3 9204 9471 9749 
networks 11 9285 9286 9287 9613 9614 9615 9616 9823 9824 9825 9826 
enabled 3 9551 9552 9553 
control 12 9188 9189 9190 9429 9430 9431 9432 9433 9434 9435 9831 9832 
sn 4 9627 10484 13660 13661 
tree-rule 4 9591 9592 9593 9594 
unstructured 1 9661 
xml 3 9381 9382 9383 
workflow 5 9586 9587 9588 9589 9590 
cost 4 9183 10895 9325 9326 
economic 3 9568 9569 9570 
logic 4 9205 19690 9447 9448 
workstation 5 9270 9272 12987 9290 9465 
pyramid-based 2 9248 9249 
benchmark 4 9627 10484 13660 13661 
case 13 9172 11176 11177 11178 11179 9494 12259 12260 12261 9522 9617 9618 9619 
crust 2 9705 9706 
attempt 3 9627 10484 10485 
legal 1 9205 
model 25 9161 9162 9163 9183 10895 9281 9282 9284 13497 13498 13633 13634 13635 13636 13637 9471 9591 13508 13509 9641 9642 9643 9644 9645 9858 
molecular-dynamics 7 9386 9387 9388 9389 9390 9391 9392 
lattice 6 9158 9159 9160 12416 12862 9661 
organizational-based 7 13497 13498 13633 13634 13635 13636 13637 
www 1 9473 
large-scale 7 9209 9210 9614 9615 9616 9813 18794 
engineering 8 9181 9182 9324 9425 9426 9427 9428 9628 
lambdagrids 2 9311 9312 
incomplete 2 9493 12636 
ga-based 3 9171 9172 9173 
performance 40 9189 10846 9263 9264 9265 9281 9282 9284 9290 9340 9341 9342 9343 9398 12158 12159 9453 11888 11889 11890 9494 12415 12416 9519 9520 9521 9522 9556 9557 9558 9559 9758 9759 9760 9769 9770 9771 9772 9807 9808 
real-time 11 9198 9199 9200 9201 9408 12294 12295 12296 12297 9447 9448 
multiple 4 9758 12228 12229 12230 
uncertainty 2 9225 9226 
compilers 5 9172 11176 11177 11178 11179 
atop-grid 5 9333 9334 9335 9336 9337 
biometrics-based 3 9702 9703 9704 
protocol 2 9378 9379 
geoenvironmental 4 9425 9426 9427 9428 
carpooling 7 13497 13498 13633 13634 13635 13636 13637 
primitives 2 9330 9331 
promise 2 9787 9788 
web-based 4 9754 9755 9756 9757 
adapting 3 9624 9625 9626 
markov 3 9282 19704 19705 
upc 5 9172 11176 11177 11178 11179 
general 1 9627 
recovery 5 9249 9977 11279 9775 9776 
multi-site 2 9775 9776 
dataflow 3 9263 9264 9265 
discovering 3 9282 19704 19705 
genetic 2 9448 11924 
temporal 2 9205 19690 
calculus 3 9205 18423 18424 
service 8 9313 9314 9315 9641 9642 9643 9644 9645 
artistic 9 9408 9409 9410 9411 9412 9413 9414 9415 9416 
usage 6 18424 19078 9769 9770 9771 9772 
server 2 9807 9808 
performances 9 9408 9409 9410 9411 9412 9413 9414 9415 9416 
high 16 9189 10846 9290 9398 12158 12159 9453 11888 11889 11890 9494 12415 12416 9758 9759 9760 
mosix 2 9189 10846 
unix 1 9494 
uncompressed 5 9408 12294 12295 12296 12297 
kbs 2 9484 9485 
migrating 4 9340 9341 9342 9343 
variability 3 9707 9708 9709 
javabeans 3 9161 9162 9163 
mechanism 6 9509 9510 9511 9568 9569 9570 
technical 9 9408 9409 9410 9411 9412 9413 9414 9415 9416 
ridge 6 9452 9453 9454 13230 11710 13231 
center 4 9541 9542 9543 9544 
open 2 9484 9485 
simulating 6 9466 9467 9468 9469 12416 12862 
directories 2 18424 19078 
evolutionary 1 9296 
humanities 3 9330 9331 9495 
cellular-neural 1 9471 
personalizing 2 18424 19078 
sophia-antipolis 1 9627 
deployment 4 9556 9557 9558 9559 
processor 1 9537 
compression 5 9285 9286 9287 9406 9407 
mercury 6 9743 9744 9745 9746 9747 9748 
strategies 2 9813 18794 
information 11 9313 9314 9315 9381 9382 9383 9496 9620 9621 9622 9623 
platform 2 9398 9399 
million 1 11710 
problems 10 9304 9305 12137 9425 9426 9427 9428 9624 9625 9626 
polymer 4 9466 9467 9468 9469 
national 6 9452 9453 9454 13230 11710 13231 
table 2 9378 9379 
fair 2 9209 9210 
cluster-based 4 9556 9557 9558 9559 
jxta 2 9831 9832 
flows 2 12416 12862 
fgcs 1 9205 
present 1 9290 
visual 4 9759 12009 12010 12011 
planning 2 9775 9776 
branch-and-bound 4 9636 9637 9737 9738 
trees 4 9281 9282 9283 9284 
computation 3 9183 10895 9471 
language 3 9707 9708 9709 
approaches 1 9474 
ranking 1 9496 
fault-tolerant 3 9249 9977 11279 
placement 2 9813 18794 
budget 5 9586 9587 9588 9589 9590 
collaboration 13 9408 9409 9410 9411 9412 9413 9414 9415 9416 12294 12295 12296 12297 
fuzziness-embedded 5 9641 9642 9643 9644 9645 
long-term 7 13497 13498 13633 13634 13635 13636 13637 
block 6 9304 9305 9493 9509 9510 9511 
techniques 7 9285 9286 9287 9425 9426 9427 9428 
retrieval 7 9248 9249 9641 9642 9643 9644 9645 
mapping 8 9172 13055 13056 13057 13058 9811 9812 9813 
costs 2 9807 9808 
triangular 1 9661 
traceback 2 9378 9379 
long-distance 5 9408 12294 12295 12296 12297 
ringcube 4 9541 9542 9543 9544 
incrementally 4 9541 9542 9543 9544 
dynamic-key 3 9509 9510 9511 
ubiquitous 3 9287 13497 13498 
agility-oriented 5 9641 9642 9643 9644 9645 
scholarly 2 9330 9331 
migration 7 9198 9199 9200 9201 9811 9812 9813 
edge 3 9591 13508 13509 
mip 4 9522 9617 9618 9619 
automation 3 9779 9780 9781 
pvm 1 9494 
associative 1 9613 
access 2 9831 9832 
framework 16 9161 9162 9163 9205 19690 9225 9226 9568 9569 9570 9769 9770 9771 9772 9775 9776 
research 6 9452 9453 9454 13230 11710 13231 
periodic 2 9248 9249 
multisparc 2 9398 9399 
integrated 1 9537 
balancing 4 9807 9808 9813 18794 
tabling 2 9739 9740 
relational 5 9204 9340 9341 9342 9343 
cloud 22 9316 9317 9318 9541 9542 9543 9544 9551 9552 9591 9592 9593 9594 9641 9642 9643 9644 9645 9843 9844 9845 9846 
improving 7 9313 9314 9315 9591 9592 9593 9594 
cfd 3 9627 10484 10485 
based 21 9161 9162 9163 9349 9350 9351 9352 9353 9378 9379 9447 9448 9551 9552 9591 13508 13509 9769 9770 9771 9772 
inter-process 3 9522 11669 11670 
functional 3 9188 9189 9190 
acceleration 2 9304 9305 
remote 5 9408 12294 12295 12296 12297 
radiology 2 9757 10322 
scheduling 14 9209 9210 9281 9282 9283 9284 9296 9516 9517 9586 9587 9588 9589 9590 
tools 9 9398 12158 12159 9449 9450 9451 9452 9453 9454 
grand 1 9678 
encryption 8 9509 9510 9511 9551 9552 9553 9831 9832 
granularity 3 9188 9189 9190 
model-based 2 9560 9561 
survey 6 9292 9293 9294 9568 9569 9570 
reaction-diffusion 1 9471 
reduction 6 9217 9218 9281 9282 9283 9284 
algorithms 18 9192 9193 9194 13011 13012 9365 9366 9406 9407 9448 11924 9586 9587 9588 9589 9590 9737 9738 
visualisation 4 9425 9426 9427 9428 
synchronous 3 9448 11924 9537 
cards 2 9406 9407 
systems 39 9168 9169 9198 9199 9200 9201 9217 9218 9249 9977 11279 9270 9272 12987 9285 9287 12854 13497 13498 9290 9398 12158 12159 9474 9486 9487 9488 9489 9522 11669 11670 9628 9707 9708 9709 9811 9812 9813 18794 
connection 3 9282 19704 19705 
hash 2 9378 9379 
checkpointing 4 9451 11417 11418 11419 
videos 2 9248 9249 
symmetric 2 9551 9552 
symbolic 2 9225 9226 
logging 2 9249 9977 
multi-provider 3 9316 9317 9318 
modelling 5 9398 12158 12159 9496 11658 
properties 1 9471 
rough 4 9642 18797 18798 18799 
multiple-task 4 9521 9522 9617 10412 
phishing 2 9560 9561 
formal 3 9282 19704 19705 
environment 27 9168 9169 9221 9222 9223 9224 9269 9270 9271 9272 9447 9448 9451 11417 11418 11419 9620 9621 9622 9623 9754 9755 9756 9757 9838 9839 9840 
factorization 2 9493 12636 
presentation 1 9627 
batch 1 9858 
program 5 9270 9272 12987 9472 9518 
energy-aware 4 9198 9199 9200 9201 
transputer 1 9537 
images 14 9359 9360 9361 9362 9455 9456 9457 9458 9459 9460 9461 9462 9463 9464 
suite 11 9221 9222 9223 9224 9386 9387 9388 9389 9390 9391 9392 
diagram 7 9386 9387 9388 9389 9390 9391 9392 
passing 1 9494 
management 22 9285 9287 12854 9449 9450 9451 9452 9453 9454 9568 9569 9570 9727 9728 9729 9730 9731 9757 10322 9838 9839 9840 
efficient 12 9249 9977 11279 9311 9312 9365 9366 9451 9454 12110 12111 9494 
agents 3 9285 9287 12854 
issue 3 9287 13497 13498 
attribute 2 9496 11658 
object 5 9591 13508 13509 9813 18794 
oracle 2 9398 9399 
solution 2 9217 9218 
evaluation 23 9221 9222 9223 9224 9398 9399 9509 9510 9511 9519 9520 9521 9522 9556 9557 9558 9559 9743 9744 9745 9746 9747 9748 
bandwidth 2 9311 9312 
graph 3 9281 9282 9284 
interactive 4 9754 9755 9756 9757 
farms 2 9807 9808 
setup 2 9807 9808 
two-dimensional 2 12416 12862 
discretization 1 9496 
making 5 9727 9728 9729 9730 9731 
computations 10 9494 12259 12260 12261 9562 9563 9564 9565 9566 9567 
availability 4 9453 11888 11889 11890 
aerospace 1 9191 
firewall 4 9591 9592 9593 9594 
error 2 9217 9218 
exascale 1 11710 
chains 4 9466 9467 9468 9469 
tasks 6 9172 13055 13056 13057 13058 9296 
processors 9 9183 9184 9386 9387 9388 9389 9390 9391 9392 
rules 1 9496 
multimedia 2 9813 18794 
sinkhole 2 9378 9379 
applied 2 9202 17830 
specification 4 9759 12009 12010 12011 
lady 2 9168 9169 
cluster 10 9189 10846 9451 9453 9454 12110 12111 11888 11889 11890 
realization 1 9472 
controllable 2 9551 9552 
special 3 9287 13497 13498 
reconstruction 4 9359 9360 9361 9362 
channel 2 12416 12862 
preservation 3 9330 9331 9332 
storage 11 9189 13416 9551 9552 9727 9728 9729 9730 9731 9813 18794 
