<Keyword> <No of vertices> <vertex1> <vertex2> .... <vertexN> 
using 31 19354 19355 19515 19516 19517 19518 19586 19587 19588 19628 19629 19639 19640 19641 19642 19761 19762 19763 19778 19779 19780 19781 19836 19837 19953 19954 19962 19963 19964 19966 19967 
nested 2 19618 19619 
higher 1 19915 
managing 3 19667 19668 19669 
accounting 3 19512 19513 19514 
minimization 2 19804 19805 
time 6 19397 19398 19399 19761 19762 19763 
principal 1 19915 
semqa 7 19133 19134 19135 19136 19535 19536 19537 
search 6 19622 19623 19804 19805 19913 19914 
event 3 19115 19116 19117 
e-commerce 1 19109 
frequencies 3 19397 19398 19399 
features 2 19628 19629 
video 7 19195 19196 19197 19610 19611 19628 19629 
intelligence 1 19819 
hyponym 3 19962 19963 19964 
patterns 4 19404 19405 19406 19407 
duplicate 3 19876 19877 19878 
extensible 3 19261 19901 19902 
engine 2 19504 19505 
petri 1 19249 
image 6 19323 19324 19325 19326 19871 19872 
optimization 4 19183 19184 19213 19214 
dependability 2 19662 19663 
effects 1 19524 
causal 13 19487 19488 19489 19490 19491 19492 19840 19841 19842 19843 19844 19845 19846 
molecular 5 19671 19672 19673 19895 19896 
spex 1 19538 
evolution 2 19626 19627 
editor 1 19911 
biological 2 19882 19883 
constructive 2 19620 19621 
zyx-a 2 19356 19357 
view 2 19493 19743 
artificial 1 19819 
big 2 19696 19697 
discovery 11 19181 19182 19198 19199 19461 19462 19671 19672 19673 19996 19997 
review 2 19989 19990 
introduction 4 19141 19142 19389 19911 
serimi 4 19300 19301 19302 19303 
dynamic 9 19168 19525 19526 19527 19806 19807 19808 19816 19817 
knowledge 15 19122 19138 19198 19199 19461 19462 19671 19672 19673 19737 19738 19782 19783 19901 19902 
knowledge-based 2 19836 19837 
behavior 3 19210 19211 19212 
comparing 2 19922 19923 
net 1 19249 
measuring 1 19524 
naive 4 19408 19409 19410 19411 
ramamoorthy 1 19389 
programming 4 19673 19930 19931 19932 
object-oriented 2 19595 19596 
domain 3 19455 19715 19716 
subspace 6 19384 19385 19386 19387 19922 19923 
ensembles 2 19618 19619 
optimizations 3 19302 19857 19858 
multiagent 6 19148 19149 19150 20000 20001 20002 
clustering 18 19118 19119 19120 19121 19188 19189 19190 19191 19354 19355 19384 19385 19386 19387 19626 19627 19816 19817 
caching 3 19412 19413 19414 
streaming 3 19926 19927 19928 
sid 2 19610 19611 
linear 6 19229 19230 19231 19879 19880 19881 
web 10 19118 19119 19120 19121 19141 19142 19455 19456 19457 19458 
constrained 4 19188 19189 19190 19191 
aggregating 2 19461 19462 
nhop 2 19618 19619 
new 1 19168 
sequence 2 19618 19619 
library 3 19148 19149 19150 
guest 3 19141 19142 19911 
testing 4 19575 19576 19577 19578 
lazy 1 19530 
multiprocessor 3 19532 19533 19534 
d-spa 2 19871 19872 
comments 1 19109 
methods 4 19605 19606 19607 19866 
dissimilarity 2 19816 19817 
semi-supervised 2 19390 19391 
distributed 12 19168 19493 19524 19555 19556 19595 19596 19941 19942 19946 19947 19948 
architecture 6 19482 19483 19484 19532 19533 19534 
long 4 19575 19576 19577 19578 
mashups 2 19461 19462 
cscw 3 19339 19340 19341 
distortion 4 19591 19592 19593 19594 
software 2 19461 19462 
medical 1 19792 
theories 1 19720 
bayesian 3 19628 19629 19792 
future 1 19819 
mixing 3 19229 19230 19231 
processing 10 19526 19573 19574 19734 19735 19736 19801 19802 19966 19967 
embedding 4 19983 19984 19985 19986 
key 1 19495 
location-based 2 19868 19869 
lineage 3 19926 19927 19928 
automatic 4 19626 19627 19953 19954 
environments 5 19148 19149 19150 19868 19869 
semi-riemannian 3 19682 19700 19701 
integrating 3 19246 19247 19248 
bounds 7 19622 19623 19634 19635 19636 19637 19638 
detection 7 19854 19855 19876 19877 19878 19941 19942 
items 4 19785 19786 19787 19788 
names 3 19513 19832 19833 
similarity 5 19174 19175 19176 19622 19623 
column 3 19513 19832 19833 
queries 5 19868 19869 19926 19927 19928 
lightweight 2 19183 19826 
fast 3 19174 19175 19176 
mobile 3 19329 19868 19869 
heterogeneous 11 19210 19211 19212 19213 19214 19300 19301 19302 19303 19782 19783 
measure 2 19816 19817 
datasets 4 19300 19301 19302 19303 
consensus 2 19618 19619 
correction 2 19696 19697 
hdfs 4 19974 19975 19976 19977 
remarks 3 19535 19536 19537 
analysis 14 19115 19116 19117 19404 19405 19406 19407 19618 19619 19754 19755 19756 19941 19942 
simulation 3 19347 19348 19349 
mdarts 3 19532 19533 19534 
dispersal 2 19610 19611 
statistics 1 19792 
analytic 3 19652 19653 19654 
negation 1 19249 
wireless 3 19926 19927 19928 
sequential 4 19404 19405 19406 19407 
integration 13 19378 19379 19380 19381 19455 19456 19457 19458 19801 19802 20000 20001 20002 
fuzzy 15 19354 19355 19374 19427 19428 19429 19430 19455 19456 19457 19458 19715 19716 19485 19486 
generalization 2 19198 19199 
twig 3 19926 19927 19928 
voting 1 19168 
deadlock 2 19941 19942 
projected 2 19838 19839 
sample 2 19696 19697 
parallel 9 19261 19305 19306 19734 19735 19736 19946 19947 19948 
semantic 2 19213 19214 
prediction 6 19586 19587 19588 19761 19762 19763 
game 2 19950 19951 
relations 2 19871 19872 
feedforward 3 19652 19653 19654 
multi-dimensional 1 19109 
cooperative 3 19806 19807 19808 
approach 27 19174 19175 19176 19195 19196 19197 19320 19321 19322 19323 19324 19325 19326 19525 19526 19527 19586 19587 19588 19639 19640 19641 19642 19868 19869 19950 19951 
regularized 3 19754 19755 19756 
kds 2 19461 19462 
arrays 4 19673 19930 19931 19932 
graphs 7 19181 19182 19622 19623 19962 19963 19964 
nonlinear 7 19754 19755 19756 19983 19984 19985 19986 
generalized 9 19172 19173 19639 19640 19641 19642 19652 19653 19654 
uninterpreted 3 19513 19832 19833 
lower 2 19622 19623 
trade-offs 4 19339 19340 19341 19722 
neural 3 19652 19653 19654 
interpretable 2 19485 19486 
editors 2 19141 19142 
languages 1 19374 
errors 3 19754 19755 19756 
replication 4 19974 19975 19976 19977 
correct 1 19792 
social 8 19210 19211 19212 19368 19369 19370 19371 19372 
concurrency 1 19866 
graphical 3 19605 19606 19607 
approximate 3 19879 19880 19881 
simulations 4 19575 19576 19577 19578 
workbench 2 19183 19826 
constructing 1 19792 
programs 1 19530 
services 8 19232 19233 19234 19461 19462 20000 20001 20002 
abduction 4 19575 19576 19577 19578 
support 7 19778 19779 19780 19781 20000 20001 20002 
prefetch 3 19412 19413 19414 
theorem 1 19374 
searching 2 19141 19142 
adaptive 13 19412 19413 19414 19586 19587 19588 19754 19755 19756 19974 19975 19976 19977 
predictive 3 19605 19606 19607 
subontology 3 19962 19963 19964 
privacy 5 19679 19680 19681 19682 19743 
recommendation 5 19368 19369 19370 19371 19372 
segmented 2 19610 19611 
distribution 1 19524 
agent-based 2 19555 19556 
redundancy 2 19390 19391 
criterion 2 19427 19656 
enabling 4 19679 19680 19681 19682 
spline 4 19983 19984 19985 19986 
benchmarks 1 19122 
skill 3 19512 19513 19514 
verification 2 19895 19896 
operating 5 19634 19635 19636 19637 19638 
measures 7 19172 19173 19229 19230 19231 19662 19663 
querying 3 19195 19196 19197 
histograms 4 19384 19385 19386 19387 
novel 2 19354 19355 
different 5 19634 19635 19636 19637 19638 
contextual 5 19368 19369 19370 19371 19372 
plans 2 19213 19214 
series 6 19397 19398 19399 19761 19762 19763 
development 1 19746 
pairwise 2 19172 19173 
mixed-type 4 19639 19640 19641 19642 
influence 2 19181 19182 
constraint 4 19390 19391 19737 19738 
addressing 2 19628 19629 
decision 2 19776 19777 
mapreduce 2 19305 19306 
algorithm 12 19168 19354 19355 19427 19656 19504 19505 19685 19686 19946 19947 19948 
labeling 3 19525 19526 19527 
volcano 1 19261 
encoding 5 19926 19927 19928 19966 19967 
quantifiers 2 19717 19718 
heterogeneity 2 19427 19656 
modifiers 2 19485 19486 
probabilistic 8 19138 19840 19841 19842 19843 19844 19845 19846 
inspired 2 19950 19951 
bacterial 7 19840 19841 19842 19843 19844 19845 19846 
spatial 5 19800 19868 19869 19871 19872 
middleware 2 19504 19505 
boosting 2 19305 19306 
bayes 8 19408 19409 19410 19411 19778 19779 19780 19781 
seizure 3 19586 19587 19588 
coteries 2 19757 19758 
fourth 1 19911 
sql 3 19717 19718 19800 
reasoning 6 19347 19348 19349 19722 19882 19883 
preserving 4 19679 19680 19681 19682 
classification 22 19397 19398 19399 19408 19409 19410 19411 19605 19606 19607 19628 19629 19634 19635 19636 19637 19638 19720 19778 19779 19780 19781 
rule-based 3 19530 19895 19896 
method 6 19487 19488 19489 19490 19491 19492 
partially 1 19792 
accuracy 4 19384 19385 19386 19387 
design 5 19148 19149 19150 19871 19872 
technology 2 19836 19837 
squared 3 19754 19755 19756 
parametric 2 19183 19184 
recognition 2 19953 19954 
meso 2 19776 19777 
disk 3 19412 19413 19414 
study 5 19667 19668 19669 19804 19805 
difficulty 3 19512 19513 19514 
computing 4 19109 19329 19776 19777 
algebraic 2 19183 19184 
military 1 19746 
semisupervised 3 19682 19700 19701 
action 1 19722 
value 3 19513 19832 19833 
sets 3 19455 19715 19716 
applications 4 19575 19576 19577 19578 
time-bound 1 19495 
combining 2 19449 19450 
challenges 2 19746 19819 
decision-aiding 3 19347 19348 19349 
crowdsourcing 3 19512 19513 19514 
e-health 3 20000 20001 20002 
perturbation 3 19232 19233 19234 
linkage 3 19210 19211 19212 
machine 8 19302 19857 19858 19743 19778 19779 19780 19781 
embedded 3 19513 19832 19833 
visualized 2 19996 19997 
content-based 5 19323 19324 19325 19326 19463 
matching 13 19246 19247 19248 19300 19301 19302 19303 19513 19832 19833 19526 19573 19574 
clusters 4 19626 19627 19838 19839 
symmetry-based 2 19626 19627 
issues 3 19339 19340 19341 
incremental 3 19879 19880 19881 
holistic 3 19526 19573 19574 
layouts 2 19610 19611 
conceptual 3 19806 19807 19808 
mining 19 19109 19141 19142 19172 19173 19487 19488 19489 19490 19491 19492 19679 19680 19681 19682 19838 19839 19882 19883 
loss 4 19591 19592 19593 19594 
theory 2 19950 19951 
proxy-based 2 19868 19869 
runtime 3 19302 19857 19858 
security 3 19151 19152 19153 
improve 4 19515 19516 19517 19518 
adverse 6 19487 19488 19489 19490 19491 19492 
hl 3 20000 20001 20002 
network 12 19174 19175 19176 19628 19629 19840 19841 19842 19843 19844 19845 19846 
online 5 19586 19587 19588 19776 19777 
autonomic 2 19776 19777 
guided 4 19455 19456 19457 19458 
multiple-instance 2 19539 19540 
scalable 21 19174 19175 19176 19188 19189 19190 19191 19305 19306 19323 19324 19325 19326 19368 19369 19370 19371 19372 19397 19398 19399 
path 2 19966 19967 
dimensionality 4 19983 19984 19985 19986 
mixed 4 19683 19684 19996 19997 
coordinates 3 19761 19762 19763 
patternclassifiers 3 19151 19152 19153 
drug 6 19487 19488 19489 19490 19491 19492 
building 3 19232 19233 19234 
application 6 19487 19488 19489 19490 19491 19492 
standard 3 20000 20001 20002 
reuse 2 19356 19357 
task 3 19512 19513 19514 
resource 4 19455 19456 19457 19458 
problem 2 19804 19805 
growing 2 19139 19140 
section 2 19141 19142 
database 16 19168 19183 19826 19195 19196 19197 19374 19493 19524 19532 19533 19534 19662 19663 19871 19872 
disambiguation 2 19539 19540 
object-orientated 3 19148 19149 19150 
terminological 4 19455 19456 19457 19458 
implementation 5 19183 19826 19482 19483 19484 
local 9 19397 19398 19399 19804 19805 19983 19984 19985 19986 
rasp 3 19232 19233 19234 
technique 2 19626 19627 
divergence 1 19493 
treatment 7 19840 19841 19842 19843 19844 19845 19846 
sentence-level 2 19354 19355 
non-deductive 2 19782 19783 
optimal 7 19840 19841 19842 19843 19844 19845 19846 
garbage 5 19595 19596 19946 19947 19948 
feedback 1 19109 
schema 3 19513 19832 19833 
decomposition 5 19174 19175 19176 19950 19951 
scheme 5 19495 19901 19902 19966 19967 
unsupervised 2 19683 19684 
comprehensive 5 19560 19561 19562 19989 19990 
asynchronous 3 19946 19947 19948 
high-level 1 19249 
feature 5 19390 19391 19682 19700 19701 
points 5 19634 19635 19636 19637 19638 
bias 2 19696 19697 
structured 3 19210 19211 19212 
attribute-oriented 2 19198 19199 
infrequent 6 19487 19488 19489 19490 19491 19492 
integrate 2 19836 19837 
defined 3 19455 19715 19716 
pattern-oriented 2 19854 19855 
catalog 4 19378 19379 19380 19381 
cell 2 19139 19140 
international 1 19911 
induction 2 19620 19621 
multicategory 3 19512 19513 19514 
structures 2 19139 19140 
content 2 19356 19357 
models 6 19302 19857 19858 19524 19801 19802 
professor 1 19389 
conflict 2 19804 19805 
spectral 4 19188 19189 19190 19191 
classifying 3 19320 19321 19322 
complex 8 19667 19668 19669 19717 19718 19734 19735 19736 
idempotent 7 19133 19134 19135 19136 19535 19536 19537 
minimum 3 19754 19755 19756 
data 47 19122 19195 19196 19197 19232 19233 19234 19246 19247 19248 19339 19340 19341 19455 19456 19457 19458 19493 19513 19832 19833 19524 19610 19611 19639 19640 19641 19642 19679 19680 19681 19682 19683 19684 19696 19697 19746 19876 19877 19878 19882 19883 19911 19966 19967 19996 19997 
platforms 3 19148 19149 19150 
collection 5 19595 19596 19946 19947 19948 
digital 5 19148 19149 19150 19610 19611 
interconnections 1 19915 
xpath 1 19538 
document 7 19356 19357 19720 19778 19779 19780 19781 
self-tuning 4 19384 19385 19386 19387 
personal 1 19389 
dna 2 19895 19896 
order-centric 3 19525 19526 19527 
relevance 2 19390 19391 
worker 3 19512 19513 19514 
hard 3 19532 19533 19534 
replicated 3 19493 19757 19758 
documents 6 19525 19526 19527 19667 19668 19669 
trust 5 19109 19679 19680 19681 19682 
matrix 2 19989 19990 
learning 27 19210 19211 19212 19302 19857 19858 19449 19450 19539 19540 19586 19587 19588 19682 19700 19701 19683 19684 19720 19743 19806 19807 19808 19974 19975 19976 19977 
selection 5 19229 19230 19231 19390 19391 
supervised 4 19974 19975 19976 19977 
adaptation 2 19356 19357 
ensemble 10 19320 19321 19322 19449 19450 19634 19635 19636 19637 19638 
rfid 2 19966 19967 
assignment 1 19495 
pattern 10 19526 19573 19574 19618 19619 19926 19927 19928 19996 19997 
modeling 3 19195 19196 19197 
submodels 2 19485 19486 
unaware 3 19115 19116 19117 
hypernym 3 19962 19963 19964 
robustness 4 19384 19385 19386 19387 
freshness 1 19493 
variable 6 19229 19230 19231 19512 19513 19514 
intrusion 2 19854 19855 
preprocessing 4 19778 19779 19780 19781 
r-magic 2 19555 19556 
extracting 2 19485 19486 
paxquery 3 19734 19735 19736 
values 3 19513 19832 19833 
student 4 19639 19640 19641 19642 
practical 7 19622 19623 19634 19635 19636 19637 19638 
metrics 3 19682 19700 19701 
benchmarking 2 19183 19826 
iris 3 19482 19483 19484 
conference 1 19911 
instance 4 19300 19301 19302 19303 
deductive 2 19782 19783 
repetitive 3 19397 19398 19399 
networks 13 19323 19324 19325 19326 19560 19561 19562 19652 19653 19654 19792 19950 19951 
control 2 19493 19866 
text 14 19354 19355 19408 19409 19410 19411 19591 19592 19593 19594 19778 19779 19780 19781 
index 3 19560 19561 19562 
sensitivity 3 19115 19116 19117 
association 3 19172 19173 19463 
identities 2 19183 19184 
anomalies 4 19639 19640 19641 19642 
linguistic 2 19485 19486 
xml 16 19515 19516 19517 19518 19525 19526 19527 19573 19574 19667 19668 19669 19720 19926 19927 19928 
hebbian-type 1 19915 
extraction 9 19652 19653 19654 19682 19700 19701 19962 19963 19964 
regularization 2 19485 19486 
logic 5 19249 19673 19930 19931 19932 
n-queens 2 19804 19805 
optimize 2 19757 19758 
input 3 19229 19230 19231 
practitioner 2 19662 19663 
case-based 5 19347 19348 19349 19882 19883 
is-a 3 19962 19963 19964 
heterogenous 2 19901 19902 
memories 1 19915 
case 5 19667 19668 19669 19804 19805 
empirical 2 19913 19914 
nsd 3 19174 19175 19176 
model 16 19183 19184 19249 19356 19357 19404 19405 19406 19407 19782 19783 19854 19855 19879 19880 19881 
www 3 19667 19668 19669 
signal 6 19487 19488 19489 19490 19491 19492 
optimistic 1 19866 
engineering 2 19122 19911 
peer-to-peer 4 19323 19324 19325 19326 
incomplete 1 19792 
completeness 1 19374 
weighted 2 19950 19951 
exploratory 2 19996 19997 
performance 10 19524 19605 19606 19607 19662 19663 19913 19914 19941 19942 
servers 2 19610 19611 
real-time 6 19115 19116 19117 19532 19533 19534 
supply 2 19966 19967 
multiple 6 19246 19247 19248 19412 19413 19414 
confidential 3 19232 19233 19234 
ontological 4 19455 19456 19457 19458 
advantages 1 19722 
aspect-level 2 19181 19182 
cancers 3 19320 19321 19322 
threshold 2 19504 19505 
tables 4 19455 19456 19457 19458 
discovering 4 19639 19640 19641 19642 
tracking 3 19115 19116 19117 
supporting 5 19776 19777 19926 19927 19928 
principled 3 19246 19247 19248 
directed 3 19962 19963 19964 
temporal 2 19183 19184 
clusterings 2 19922 19923 
core 2 19950 19951 
personalized 3 20000 20001 20002 
numeric 2 19683 19684 
reducing 6 19449 19450 19591 19592 19593 19594 
domains 2 19882 19883 
bases 1 19138 
eventtracker 3 19115 19116 19117 
diagnosis 5 19427 19428 19429 19430 19792 
lookahead 3 19879 19880 19881 
class-based 4 19300 19301 19302 19303 
time-delay 3 19761 19762 19763 
hierarchical 11 19139 19140 19172 19173 19455 19715 19716 19495 19876 19877 19878 
unifying 2 19782 19783 
grouping 3 19806 19807 19808 
pruning 3 19879 19880 19881 
opaque 3 19513 19832 19833 
evolutionary 2 19620 19621 
mild 2 19539 19540 
high-dimensional 6 19628 19629 19838 19839 19882 19883 
strategies 3 19806 19807 19808 
information 17 19229 19230 19231 19368 19369 19370 19371 19372 19591 19592 19593 19594 19610 19611 19746 19901 19902 
citation 3 19560 19561 19562 
continuous 2 19868 19869 
predicates 2 19717 19718 
problems 4 19628 19629 19737 19738 
pairs 6 19487 19488 19489 19490 19491 19492 
strategic 1 19722 
tree-based 3 19302 19857 19858 
logical 2 19801 19802 
planning 2 19555 19556 
satisfaction 2 19737 19738 
interestingness 2 19172 19173 
experimentation 2 19183 19826 
associations 6 19487 19488 19489 19490 19491 19492 
closure 3 19962 19963 19964 
trees 3 19879 19880 19881 
computation 4 19801 19802 19895 19896 
language 1 19800 
ranking 4 19785 19786 19787 19788 
reaction 6 19487 19488 19489 19490 19491 19492 
disjunction 7 19133 19134 19135 19136 19535 19536 19537 
query 17 19183 19184 19213 19214 19232 19233 19234 19261 19374 19526 19573 19574 19555 19556 19800 19801 19802 
retrieval 11 19323 19324 19325 19326 19463 19515 19516 19517 19518 19555 19556 
techniques 8 19408 19409 19410 19411 19449 19450 19913 19914 
mapping 3 19513 19832 19833 
time-aware 4 19118 19119 19120 19121 
multistrategy 2 19449 19450 
costs 1 19722 
effective 7 19408 19409 19410 19411 19876 19877 19878 
sparql 7 19133 19134 19135 19136 19535 19536 19537 
qualitative 4 19575 19576 19577 19578 
neocognitron 2 19953 19954 
identity 3 19210 19211 19212 
suggesting 4 19785 19786 19787 19788 
hypercuboid 3 19320 19321 19322 
boolean-twig 3 19526 19573 19574 
progressive 1 19538 
automation 3 19347 19348 19349 
chaotic 3 19761 19762 19763 
associative 3 19618 19619 19915 
access 3 20000 20001 20002 
framework 7 19427 19428 19429 19430 19720 19996 19997 
research 3 19560 19561 19562 
acyclic 3 19962 19963 19964 
obtaining 2 19757 19758 
integrated 2 19996 19997 
point 2 19626 19627 
mutual 3 19229 19230 19231 
chain 2 19966 19967 
databases 14 19183 19184 19198 19199 19329 19671 19672 19673 19757 19758 19782 19783 19836 19837 
relational 9 19183 19184 19354 19355 19374 19504 19505 19913 19914 
self-organizing 2 19901 19902 
cloud 3 19232 19233 19234 
attack 3 19151 19152 19153 
improving 4 19384 19385 19386 19387 
polynomials 3 19397 19398 19399 
based 17 19427 19656 19639 19640 19641 19642 19806 19807 19808 19871 19872 19895 19896 19974 19975 19976 19977 
annealing 4 19591 19592 19593 19594 
users 4 19118 19119 19120 19121 
comprehensible 1 19720 
nominal 2 19683 19684 
sources 3 19246 19247 19248 
neuro-fuzzy 3 19761 19762 19763 
caim 2 19685 19686 
survey 4 19329 19605 19606 19607 
commtrust 1 19109 
reduction 4 19983 19984 19985 19986 
algorithms 7 19246 19247 19248 19622 19623 19941 19942 
reactive 2 19555 19556 
taci 4 19378 19379 19380 19381 
systems 25 19122 19168 19213 19214 19339 19340 19341 19347 19348 19349 19493 19504 19505 19524 19532 19533 19534 19746 19776 19777 19895 19896 19946 19947 19948 
spaces 2 19838 19839 
taxonomy-aware 4 19378 19379 19380 19381 
multidatabase 2 19213 19214 
checkpointing 1 19866 
discover 2 19461 19462 
enterprise 2 19461 19462 
rough 3 19320 19321 19322 
stable 4 19801 19802 19950 19951 
environment 2 19901 19902 
factorization 2 19989 19990 
presentation 1 19800 
representation 6 19737 19738 19871 19872 19901 19902 
program 1 19249 
popular 4 19785 19786 19787 19788 
treegcs 2 19139 19140 
management 11 19339 19340 19341 19746 19819 19966 19967 19974 19975 19976 19977 
efficient 24 19198 19199 19232 19233 19234 19342 19390 19391 19495 19526 19573 19574 19530 19734 19735 19736 19804 19805 19876 19877 19878 19926 19927 19928 
xquery 3 19734 19735 19736 
alignment 3 19174 19175 19176 
intention 3 19512 19513 19514 
paper 3 19535 19536 19537 
takagi-sugeno 2 19485 19486 
multilevel 4 19679 19680 19681 19682 
evaluation 14 19151 19152 19153 19172 19173 19261 19524 19530 19538 19605 19606 19607 19913 19914 
cim 2 19836 19837 
graph 6 19246 19247 19248 19806 19807 19808 
order 1 19915 
vector 4 19778 19779 19780 19781 
implications 1 19122 
rule 3 19652 19653 19654 
finding 6 19487 19488 19489 19490 19491 19492 
discretization 4 19427 19656 19685 19686 
making 2 19776 19777 
infections 7 19840 19841 19842 19843 19844 19845 19846 
availability 2 19757 19758 
error 7 19449 19450 19634 19635 19636 19637 19638 
discriminant 3 19754 19755 19756 
nonnegative 2 19989 19990 
keyword 2 19913 19914 
rules 4 19172 19173 19485 19486 
multimedia 4 19356 19357 19555 19556 
massive 2 19622 19623 
personalization 4 19515 19516 19517 19518 
streamed 1 19538 
target 2 19953 19954 
special 2 19141 19142 
cyclic 4 19404 19405 19406 19407 
support-based 2 19816 19817 
formula 4 19778 19779 19780 19781 
