<Keyword> <No of vertices> <vertex1> <vertex2> .... <vertexN> 
analyzing 2 14151 14152 
engineer-to-order 4 3817 3818 16309 17131 
desktop 3 3725 4630 4631 
managing 12 15543 15838 15860 15450 15363 16925 5171 3842 5355 5356 5357 5358 
knowledge-intensive 5 3734 3735 6366 6367 6368 
prototyping 12 4938 4935 4936 4937 3843 4012 5186 5534 5919 3852 4461 4462 
networked 8 3711 5008 5009 5171 3862 3863 3864 3865 
semantics 2 3835 6221 
services-based 3 3868 3869 3870 
imaqcs 4 3756 3757 3759 6031 
refrigeration 1 3845 
advanced 9 3740 3741 3742 3743 3767 3768 3769 5476 3823 
role 2 3816 3817 
product-service 5 6401 6400 6402 6403 6404 
generation 13 15543 15583 15584 15585 3835 6221 5476 5100 3828 3829 3830 3831 3845 
objects 3 4069 3843 4012 
incorporation 4 15420 15897 15898 15899 
organisational 15 6113 15312 15944 15585 15420 15447 16881 15182 17193 17194 17195 3865 6824 6825 6826 
asset 3 3817 3985 3986 
evolution 5 15683 17387 16643 3777 6225 
conditions 3 3703 3704 3705 
prioritisation 2 3723 3724 
elicitation 2 4922 4921 
quality 16 14151 14152 3730 3731 3732 3733 3756 3757 3758 3759 3760 6031 3842 4140 4138 4139 
vamos 1 3852 
components 2 3852 3933 
dynamic 9 15683 17387 16643 4630 6226 3744 6374 6375 4974 
knowledge 28 15312 15543 15541 15583 15585 15420 15937 16229 16230 17191 17192 15683 17387 16643 16642 4494 5827 5828 5829 5171 15414 4922 4921 3795 3797 4381 3845 3852 
behavior 3 3698 3699 3700 
comparing 3 6113 15312 15944 
training 8 17252 17251 3725 4630 4631 3852 3933 3934 
object-oriented 3 3725 4630 4631 
experiments 3 5688 4069 5687 
times 6 3818 17336 3862 3863 3864 3865 
helix 2 16642 16671 
foundation 2 3875 3876 
choices 2 3706 3707 
meaning 3 3761 3763 5833 
standards 3 3817 3985 3986 
analyze 5 4409 4406 4407 4408 4410 
new 27 3703 3704 3705 4543 5421 5894 5895 4537 15585 16784 15678 15681 15682 15683 15363 15360 15361 15362 3742 3803 3804 3805 3806 3823 3852 3873 3874 
sequence 3 3725 4630 4631 
predict 4 3839 3840 3841 3842 
profiles 4 3703 3704 3705 5421 
resources 6 15539 14151 15537 15538 3818 17336 
physical 8 4938 4935 4936 4937 4177 4179 4178 4180 
computational 2 4922 4921 
basis 6 3823 3824 3825 12499 3875 3876 
paradigm 8 3705 4535 5894 5895 4537 4533 4534 4536 
change 7 15541 17252 17255 3777 4404 4405 4069 
tool 3 5171 15414 3876 
distributed 22 3711 5187 5188 5495 5496 3734 3735 3756 3757 3758 3759 3760 3792 3793 3794 3842 5355 5356 5357 5358 3852 3933 
lead 5 4535 4537 4533 4534 4536 
b-cube 2 3736 3737 
firms 8 16643 16642 3799 3800 3801 3802 3817 16309 
architecture 16 3711 4455 5249 3726 3727 4594 4595 3795 3797 4381 4069 6445 4158 4159 4160 4161 
ambidextrous 4 15543 15583 15585 15937 
pdm 3 3793 5885 4069 
usability 4 4938 4935 4936 4937 
software 7 3803 6546 6547 3773 3774 4069 6445 
qualification 3 4493 6662 6663 
personnel 3 4493 6662 6663 
volumetric 1 3713 
component 7 3751 3752 3753 3799 3800 3801 3802 
description 1 6061 
processing 9 3818 17336 3832 3833 3834 3843 4011 4012 4013 
perspective 5 15450 15363 16925 3706 3707 
motion 2 3835 6221 
partnership 2 3773 3774 
processes 19 15541 17252 17255 17251 3734 6366 6367 6368 3756 3757 3759 6031 3777 6225 3823 3824 3825 3826 3827 
confirmatory 5 15585 15678 15681 15682 15683 
automatic 4 3828 3829 3830 3831 
fulfillment 3 3850 3851 3852 
enroute 3 3852 5649 5650 
rays 1 3713 
lean 10 6111 6112 15666 15420 16805 16806 16807 3816 3817 3818 
bounds 4 3862 3863 3864 3865 
factors 2 15420 16316 
determining 2 3706 3707 
paradoxical 4 15543 15583 15585 15937 
active 1 3744 
areas 1 3823 
factory 3 3777 3778 5048 
machine-vision 2 3852 3933 
make 3 6111 6113 15312 
cross-organizational 5 3842 5355 5356 5357 5358 
heterogeneous 4 3842 4140 4138 4139 
cado 2 3746 3747 
set-based 2 3725 5025 
evidence 6 6111 6113 15312 15541 17191 17192 
spective 2 15447 15449 
analysis 40 6111 6112 6113 15585 15678 15681 15682 15683 3706 3707 3740 3741 3742 3743 3763 3764 6176 6177 6178 3767 3768 3769 5476 5688 4069 5687 3799 3800 3801 3802 3852 5649 5650 6235 6236 6237 3865 6824 6825 6826 
simulation 6 17252 17251 3769 5476 3779 3780 
creativity 4 15420 16805 16806 16807 
business 39 3703 3704 3705 15541 15539 15420 17252 14151 15537 15538 15897 15898 15899 17251 16643 16642 3761 3763 3764 5833 5171 6176 6177 6178 3788 3789 3795 3797 4381 5688 3799 3800 3801 3802 3842 5355 5356 5357 5358 
exogenous 4 15539 14151 15537 15538 
response 7 3852 3933 3934 3862 3863 3864 3865 
wireless 4 3852 6235 6236 6237 
fuzzy 5 4409 4406 4407 4408 4410 
bpr 5 4535 4537 4533 4534 4536 
rational 5 3811 3812 3813 3814 3815 
universal 5 15543 15583 15585 15420 15937 
offset 4 3846 3847 3848 3849 
reconfigurable 2 3843 5186 
facilities 3 3691 3692 3693 
grai 2 3728 3729 
distributive 4 4494 5827 5828 5829 
semantic 11 3711 3712 3713 3714 3761 3762 3763 3764 5170 5171 6069 
evacuation 4 3767 3768 3769 5476 
advantage 3 6111 6113 15312 
source 4 5251 6179 6180 6181 
relations 3 15543 15838 15860 
outsourcing 3 15543 15838 15860 
planner 3 3725 4630 4631 
assessment 8 15363 15360 15361 15362 3842 4140 4138 4139 
limestone 4 3730 3731 3732 3733 
lower 4 3705 5894 5895 4537 
neural 4 3799 3800 3801 3802 
modularized 3 3711 4455 5249 
layered 3 3843 4012 5186 
sensor 4 3852 6235 6236 6237 
survey-based 3 15450 15569 15570 
improved 7 15541 17191 17192 3744 6374 6375 4974 
shops 5 3756 3757 3758 3759 3760 
fostering 2 15312 15543 
social 6 4922 4921 3865 6824 6825 6826 
oriented 6 3725 4630 4631 5252 5856 5857 
mechanical 4 3711 6538 6539 6540 
aided 7 3711 3713 5268 6318 6319 3875 3876 
capability 5 15541 17191 17192 3817 16309 
transfer 5 15312 15543 15541 17191 17192 
support 16 6334 6335 6336 6337 6338 6339 3703 3704 3705 3734 3735 6366 6367 6368 4069 3876 
medium-sized 3 6113 15312 15944 
preparation 3 5252 5856 5857 
searching 5 15585 15678 15681 15682 15683 
assured 2 14151 14152 
health 4 3777 5048 4922 4921 
distribution 4 3711 6538 6539 6540 
reinventing 2 15182 15183 
patches 3 3711 3713 5268 
publications 2 3703 6146 
decisions 5 3703 3704 3705 3728 3729 
routes 1 15543 
data-mining 4 3726 3727 4594 4595 
jitter 4 3862 3863 3864 3865 
virtual 19 3725 4630 4631 6226 3761 3762 3763 3764 3843 4012 5186 5919 4158 4159 4160 4161 8075 8076 8077 
maturity 2 3817 16309 
ontologies 8 6334 6335 6336 6337 6338 6339 3875 3876 
vehicle 2 3746 3747 
aspects 2 3777 5048 
executable 4 3795 3796 3797 3798 
build 4 3784 3785 3786 3787 
decision 4 3734 6366 6367 6368 
statistical 8 3711 3712 3713 3714 3852 6235 6236 6237 
eacute 3 3711 3713 5268 
encoding 2 3873 3874 
hierarchy 7 15447 15182 17193 17194 17195 3706 3707 
products 9 4537 5515 3711 3713 3818 17336 3843 4011 4012 
editorial 5 5170 5171 3832 3833 3834 
inter-partner 3 15541 17191 17192 
green 7 4537 5515 3711 4455 4456 4457 5249 
hub-ci 3 3852 4461 4462 
enhancement 6 3721 3722 3843 4011 4012 4013 
fourth 4 15543 15583 15584 15585 
reasoning 3 3781 3782 3783 
improvement 33 15543 15585 15420 16783 16784 15678 15419 16316 15447 15446 15448 15449 15450 15451 15716 15182 15569 15570 16711 16712 16713 16714 15363 16925 15183 17228 17229 17230 4177 4409 17109 17110 17111 
multi-material 4 3713 3843 4012 5186 
method 19 5829 5883 5884 3746 3747 5617 5618 5615 5616 5619 3811 3812 3813 3814 3815 3843 4011 4012 3876 
efficiency 2 3706 3707 
capabilities 12 15543 15585 15838 15860 15420 15683 17387 16643 3823 5289 5290 5291 
manufacturing 35 6111 6112 15666 3728 3729 4143 4974 4141 4142 4975 5238 5239 3756 3757 3758 3759 3760 3779 3780 3794 6579 5617 5618 3811 3812 3813 3814 3815 3816 3817 3843 4011 4012 4013 5186 
innovating 8 15543 15583 15585 15420 15937 15897 15898 15899 
stamping 1 3744 
subcontracting 2 3773 3774 
initiatives 4 15543 15583 15584 15585 
variation 4 3711 4455 4456 4457 
ecosystem 2 16642 16671 
mess 5 3794 4177 5677 4179 4922 
customer-oriented 3 3725 3726 3727 
plm 8 6111 6112 4535 4537 6113 4533 4534 4536 
action 9 15541 15450 16711 16712 16713 16714 17228 17229 17230 
applications 11 15539 14151 15537 15538 3711 5495 5496 3761 3762 3763 3764 
biomedical 2 3843 4012 
flexibility 4 15363 15360 15361 15362 
sheet-metal 2 3746 3747 
mesh 1 3713 
cycle 2 3818 17131 
axioms 1 6061 
embedded 5 3823 3824 3825 3826 3827 
tire 3 3711 6318 6319 
full-scale 3 3767 3768 3769 
corporate 1 15543 
involving 3 3836 3837 3838 
rfid-enabled 3 4143 4141 4142 
interference 4 3852 6235 6236 6237 
hybrid 4 3734 6366 6367 6368 
cross-cultural 3 15543 15541 15542 
focusing 2 3744 3745 
collaborations 5 3842 5355 5356 5357 5358 
security 6 3792 3793 3794 3852 3933 3934 
resolution 3 3852 5649 5650 
requirements 10 4493 6662 6663 3763 3764 6176 6177 6178 3836 6440 
curves 4 3846 3847 3848 3849 
paths 3 15585 16784 15678 
effectiveness 7 15585 16784 15678 15363 15360 15361 15362 
physi-id 4 4177 4179 4178 4180 
functionally 2 3843 4012 
innovation 46 3704 3705 4399 4400 6111 6112 4535 4938 6483 4537 15312 4536 16204 15543 15583 15584 15585 15539 15838 15860 15420 15937 16229 16230 15678 14151 15537 15538 15419 15447 15449 16881 15182 17193 17194 17195 16642 16671 5171 15414 3799 3800 3801 3802 3875 3876 
xml-based 6 3795 3796 3797 3798 5688 5704 
troubleshooting 1 3845 
reuse 5 3742 3803 3804 3805 3806 
validation 8 15585 15678 15681 15682 15683 3767 3768 3769 
configuration-based 3 5829 5883 5884 
problem 12 3691 3692 3693 15447 15182 17193 17194 17195 3756 13449 13450 13451 
instrument 2 3777 3778 
interface 3 3708 3709 3710 
algorithmic 1 3823 
concepts 3 3788 3789 3876 
netherlands 3 15450 15569 15570 
optimizing 4 3784 3785 3786 3787 
database 1 4069 
environmental 3 6113 15312 15944 
anticipating 4 3703 3704 3705 5421 
telerobot-enabled 3 3852 4461 4462 
abilities 4 15543 15585 16783 16784 
implementation 16 6111 6112 6113 15541 3734 3735 3738 3739 3756 3757 3759 6031 3765 3766 3843 4012 
identification 8 4177 5677 4179 4178 4180 3843 4011 4012 
competitive 3 6111 6113 15312 
bridging 1 6061 
alliances 3 15541 17191 17192 
innovations 1 15541 
technique 4 3706 3707 3728 3729 
uncertainties 3 3868 3869 3870 
soft-computing 1 3823 
algorithm-enhanced 2 3725 5025 
equipment 5 3742 3803 3804 3805 3806 
manage 6 4537 4536 16204 15541 17191 17192 
flow 4 3744 6374 6375 4974 
customer 10 3703 3704 3705 3836 3837 3838 3843 4011 4012 4013 
production 23 6334 6335 6336 6337 6338 6339 16643 16642 3711 6318 6319 3740 3741 3742 3743 3756 3757 3759 6031 3816 3817 3818 17336 
pipelines 1 3876 
practices 9 15585 15678 15450 15569 15570 3799 3800 3801 3802 
concurrent 4 3744 4143 4493 4494 
feature 4 3711 6538 6539 6540 
procedural 5 3742 3803 3804 3805 3806 
supplier 5 3744 3745 3794 4409 16942 
ergonomic 2 3711 3835 
scanning 3 3843 4011 4012 
track-and-trace 4 3843 4011 4012 4013 
structures 4 3865 6824 6825 6826 
models 14 15539 14151 15537 15538 3711 5008 5009 3734 3735 3842 5355 5356 5357 5358 
teams 2 15447 15716 
in-progress 1 4069 
low 2 3818 17336 
step-based 4 3744 4143 4493 4494 
job-shop 4 3756 13449 13450 13451 
ideation 3 3703 3705 4543 
complex 16 4630 6226 3818 17336 3823 3824 3825 12499 3836 6440 3852 5649 5650 3868 3869 3870 
press 1 3852 
use 8 6111 6113 15312 3817 3985 3986 3875 3876 
applicability 2 3817 16309 
platforms 2 15420 15419 
unequal 3 3691 3692 3693 
electromechanical 4 3823 3824 3825 12499 
life 4 3777 6225 3818 17131 
cnc 2 3874 4614 
customization 5 3706 3707 3777 4404 4405 
hybridization 4 3704 3705 4399 4400 
diffusion 3 3704 6111 6112 
learning 10 15543 15541 15542 15447 15449 15451 16712 17228 17229 17230 
stochastic 2 3818 17336 
tibor 1 3852 
controllers 3 3803 6546 6547 
rfid 4 3843 4011 4012 4013 
challenge 2 15585 15420 
practice 8 15543 15585 15539 15420 15447 15716 3738 3739 
original 3 3703 3705 4543 
emergency 3 3852 3933 3934 
computer-aided 11 3704 3705 4399 4400 4535 4938 6483 3711 4455 4456 4457 
micro-manufacturing 4 3823 5289 5290 5291 
drawings 2 3873 3874 
simulation-supported 3 3777 4404 4405 
control 21 3742 3803 3804 3805 3806 3756 3757 3758 3759 3760 3793 5885 3818 17336 3823 5289 5290 5291 3836 5798 5799 
schedules 3 3711 5187 5188 
archetype 4 4938 4935 4936 4937 
express-driven 2 3738 3739 
enabler 4 15420 16805 16806 16807 
case-based 3 3781 3782 3783 
case 27 15449 17330 4493 6662 6663 3777 4404 4405 3781 3782 3783 4922 4921 3818 17336 3823 3824 3825 3826 3827 5289 5290 5291 3865 6824 6825 6826 
innovative 5 15937 15447 3751 3752 3753 
early 1 3876 
internet-based 4 4494 5827 5828 5829 
garment 3 3777 4404 4405 
reengineering 3 3703 3704 3705 
hull 2 5476 5100 
peer-to-peer 4 5251 6179 6180 6181 
continuously 5 15543 15583 15585 15420 15937 
cad 2 5476 5100 
computer-supported 3 3777 6225 3876 
repository 5 3842 5355 5356 5357 5358 
performance 26 15543 15585 15937 16783 16784 15678 15447 15363 15360 15361 15362 3761 3763 5833 3784 3785 3786 3787 3788 3789 4177 4409 17109 17110 17111 4069 
exploratory 5 15585 15678 15681 15682 15683 
palletised 3 3843 4011 4012 
uncertainty 3 3703 3704 3705 
formation 4 3726 3727 4594 4595 
ontological 2 3875 3876 
protocol 3 3850 3851 3852 
community 3 15543 15585 15539 
engineer 3 3704 6111 6112 
extended 4 3761 3762 3763 3764 
actuators 2 3843 5186 
reference 9 6334 6335 6336 6337 6338 6339 3839 3841 3842 
practises 2 15937 15447 
unit 4 15420 15897 15898 15899 
genetic 5 3691 3692 3693 3725 5025 
authentication 5 3794 4177 5677 4179 4922 
smes 3 15683 17387 16643 
economical 4 3711 4455 4456 4457 
implementing 10 15447 15446 15448 15449 15450 15451 15182 17193 17194 17195 
high 2 3818 17336 
interoperable 2 3874 4614 
erp 2 3706 3707 
involvement 1 3744 
npd 3 15541 17252 17255 
automated 2 3866 3867 
surface 1 3713 
prosit 4 3704 4535 4938 6483 
contingent 3 15543 16229 16230 
hierarchical 5 3711 5187 5188 3843 3844 
triz-based 3 4537 4536 16204 
simulating 4 3839 3840 3841 3842 
gathering 5 3763 3764 6176 6177 6178 
industry 28 6111 6112 6113 15541 15539 17191 17192 17252 14151 15537 15538 17251 3762 5170 5171 6069 4922 4921 3817 3985 3986 3832 3833 3834 3852 4158 3866 3867 
artefacts 2 3736 3737 
digitization 3 5252 5856 5857 
watermarking 2 5677 4179 
strategies 6 4537 5515 3852 6235 6236 6237 
games 2 17252 17251 
platform 4 3740 3741 3742 3743 
continuous 34 15543 15541 15542 15583 15584 15585 15539 15838 15860 15420 15937 16229 16230 16783 16784 15678 14151 15537 15538 15419 15447 15449 15450 15716 15182 15569 15570 16712 15183 17228 17229 17230 3723 3724 
operational 6 15937 15447 15363 15360 15361 15362 
antecedents 3 6113 15312 15944 
overhaul 4 3744 5250 5251 5252 
visual 2 3866 3867 
combination 4 15543 15583 15585 15937 
approaches 3 3818 17336 3823 
drivers 4 15543 15585 16783 16784 
hierarchy-based 2 3843 4012 
contours 2 3843 3844 
mapping 2 6061 15543 
retrieval 3 3781 3782 3783 
techniques 1 3823 
ceu 1 3852 
exceptions 2 3765 3766 
telecommunications 3 15541 17191 17192 
stimulating 3 3703 3705 4543 
orchestrators 4 15543 15583 15584 15585 
evidences 4 15539 14151 15537 15538 
advancing 2 3816 3817 
module 5 5617 5618 5615 5616 5619 
applying 11 15420 16805 16806 16807 4177 4179 4178 4180 3818 17336 3845 
meshes 3 5100 5101 5102 
automation 4 3862 3863 3864 3865 
framework 22 3721 3722 3734 3735 4974 5238 5239 5171 3839 3840 3841 3842 4140 4138 4139 3852 5649 5650 3868 3869 3870 3876 
limb 4 3705 5894 5895 4537 
bottom-up 9 15541 17252 17255 15447 15446 15448 15449 15450 15451 
process 54 3703 3704 3705 4399 4400 6111 6112 15541 15447 16881 3706 3707 3721 3722 5252 5856 5857 3777 4404 4405 5617 5618 5615 5616 5619 3795 3796 3797 3798 4381 5688 5704 3817 3985 3986 3823 3824 3825 5289 5290 5291 12499 3828 3829 3830 3831 3839 3840 3841 3842 5355 5356 5357 5358 
chain 4 3726 3727 4594 4595 
databases 1 4069 
radio 5 5677 4179 3843 4011 4012 
fractal 2 16642 16671 
neurofuzzy 4 3823 3824 3825 12499 
italian 3 6111 6113 15312 
structural 9 4537 5515 15585 15678 3708 3709 3710 3746 3747 
nominal 2 3706 3707 
scheduling 8 3744 6374 6375 4974 3756 13449 13450 13451 
semiconductor 2 3866 3867 
automotive 3 3744 3745 3845 
utilisation 2 3818 17336 
boundaries 3 5100 5101 5102 
model-based 6 3803 6546 6547 4143 4141 4142 
exemplar-based 4 3711 3712 3713 3714 
survey 2 3866 3867 
connection 3 3816 3817 3818 
contradiction 5 3816 3817 3818 3875 3876 
intellectual 3 4537 4536 16204 
enterprise 13 3728 3729 5829 5883 5884 6401 3763 3764 6176 6177 6178 3788 3789 
decision-making 2 3721 3722 
strip 3 3711 3713 5268 
formal 2 3875 3876 
cognitive 4 3823 5289 5290 5291 
representation 2 3738 3739 
batch 5 3742 3803 3804 3805 3806 
generic 3 3711 4455 5249 
demands 5 6401 6400 6402 6403 6404 
issue 5 3832 3833 3834 3852 4158 
solution 4 3691 3692 3693 3876 
evaluation 6 4938 4935 4936 4937 4069 3876 
sharing 2 4922 4921 
making 2 3874 4614 
mechanised 3 3843 4011 4012 
cost-based 2 3723 3724 
assemblies 2 4630 6226 
detect 4 3839 3840 3841 3842 
anti-counterfeiting 4 3843 4011 4012 4013 
definition 8 3795 3796 3797 3798 5688 5704 3875 3876 
chains 5 3839 3841 3842 6214 4140 
century 2 16642 16671 
soft 6 3705 5894 5895 4537 3711 3713 
multi-agent 7 3711 5187 5188 3756 3757 3759 6031 
sourcing 4 15543 15539 15838 15860 
chances 4 3703 3704 3705 5421 
vmmc 5 3794 4872 4873 4874 4875 
special 6 3823 3832 3833 3834 3852 4158 
group 4 15420 16316 3706 3707 
user 12 3708 3709 3710 3763 3764 6176 6177 6178 4158 4159 4160 4161 
auction 4 3761 3762 3763 3764 
predicting 3 3839 3841 3842 
using 48 6061 15447 15182 17193 17194 17195 3706 3707 3711 3713 5268 6538 6539 6540 3744 6374 6375 4974 3767 3768 3769 5476 5100 5101 5102 5677 4179 4409 4406 4407 4408 4410 3795 5688 4069 5687 3799 3800 3801 3802 3845 3862 3863 3864 3865 6824 6825 6826 
controlling 8 3756 3757 3759 6031 3823 3824 3825 12499 
bidding-oriented 4 3726 3727 4594 4595 
bptrigger 2 3795 5688 
self-x 4 3823 5289 5290 5291 
principal 4 3799 3800 3801 3802 
search 5 15585 15678 3751 3752 3753 
bookstore 3 3781 3782 3783 
features 3 3703 3705 4543 
interfaces 4 4938 4935 4936 4937 
cell-based 2 3769 5476 
patterns 3 3698 3699 3700 
monitoring 19 3730 3731 3732 3733 4143 4141 4142 3756 3757 3759 6031 3788 3789 3839 3840 3841 3842 6214 4140 
multidisciplinary 3 3868 3869 3870 
engine 4 5829 5883 5884 6401 
achieving 3 3836 5798 5799 
companies 4 6111 6113 15312 15449 
optimization 15 4537 5515 3740 3741 3742 3743 3744 6374 6375 4974 3746 3747 3868 3869 3870 
effects 3 6111 6112 6113 
projects 3 15683 17387 16643 
quadruple 2 16642 16671 
editor 1 3852 
scenario 3 3767 3768 3769 
ucd 4 4158 4159 4160 4161 
behavioural 2 3736 3737 
air 3 3852 5649 5650 
artificial 12 3756 13449 13450 13451 3799 3800 3801 3802 3823 5289 5290 5291 
mono 4 3704 3705 4399 4400 
mechanisms 3 15541 17191 17192 
physimetric 4 4177 4179 4178 4180 
review 13 3703 6146 17252 17251 3734 3735 3763 5833 3817 3985 3986 3874 4614 
retail 4 3843 4011 4012 4013 
mold 3 3711 6318 6319 
exploitation 4 15543 15583 15585 15937 
geometric 3 3711 3713 5268 
execution 2 3779 3780 
feasibility 1 3876 
polyline 4 3846 3847 3848 3849 
current 4 15450 15569 15570 3876 
domain 3 3803 6546 6547 
optimizations 4 3704 3705 4399 4400 
logistics 8 4177 4409 17109 17110 17111 3836 3837 3838 
checking 4 3862 3863 3864 3865 
streaming 3 3711 5008 5009 
facility-specific 4 3852 6235 6236 6237 
organizations 2 3777 6225 
web 13 4493 6662 6663 3761 3762 3763 3764 5170 5171 6069 3868 3869 3870 
epistemology 1 3852 
gain 1 15449 
multi-lod 3 3711 5008 5009 
configurable 4 4938 4935 4936 4937 
construct 5 15585 15678 15681 15682 15683 
configuration 6 6401 6400 6402 6403 6404 3845 
methods 9 5251 6179 6180 6181 3763 3764 6176 6177 6178 
body 6 3711 3712 3713 3714 3746 3747 
holonic 5 4974 4975 3836 5798 5799 
normal 3 5100 5101 5102 
transportation 3 3852 3933 3934 
boundary 2 3873 3874 
integrator 3 15450 15363 16925 
exploring 6 15585 15420 15678 15897 15898 15899 
future 4 14151 14152 3777 3778 
layer-based 2 3843 5919 
cement 4 3756 3757 3759 6031 
key 2 15420 16316 
ttrs 5 3811 3812 3813 3814 3815 
die-maker 1 3744 
packages 2 3706 3707 
human-centered 2 3852 4158 
environments 6 4630 6226 4158 4159 4160 4161 
integrating 5 3781 3782 3783 4069 6445 
ontology 12 6061 6401 6400 6402 6403 6404 3788 3789 3842 4140 4138 4139 
agent 7 3734 6366 6367 6368 3781 3782 3783 
measurement 6 3711 6538 6539 6540 3763 5833 
detection 3 3852 5649 5650 
better 8 6111 6113 15312 3742 3803 3804 3805 3806 
three-dimensional 2 3746 3747 
similarity 4 3711 6538 6539 6540 
ci 4 15543 15583 15584 15585 
suggestion 2 15182 15183 
scientification 2 16643 16642 
internet 2 14151 14152 
amp 5 15541 17191 17192 16643 16642 
mobile 9 15539 14151 15537 15538 3794 4177 5677 4179 4922 
subdivision 3 5100 5101 5102 
ict 4 15543 15539 15838 15860 
existing 1 3823 
understanding 2 3703 6146 
today 3 3761 3763 5833 
frequency 5 5677 4179 3843 4011 4012 
best-matching 4 3850 3851 3852 3933 
assimilation 3 6113 15312 15944 
triz 2 3703 6146 
qfd 5 4409 4406 4407 4408 4410 
area 3 3691 3692 3693 
integration 24 3698 3699 3700 3726 3727 4594 4595 3744 3745 5829 5883 5884 6401 3763 3764 6176 6177 6178 3795 3797 4381 4069 3852 3933 
experience 5 15449 3843 4011 4012 4013 
parallel 1 3713 
requirement 5 4409 4406 4407 4408 4410 
methodology 9 3704 6111 6112 3738 3739 3784 3785 3786 3787 
approach 52 3703 3704 3705 4543 6111 6112 4535 4938 6483 4537 15666 4536 16204 15543 15585 15539 16229 16230 16784 15678 3708 3709 3710 3713 3726 3727 4594 4595 4177 4409 17109 17110 17111 3811 3812 3813 3814 3815 3823 3824 3825 12499 3836 5798 5799 3839 3841 3842 3843 4012 3845 3876 
olap 1 4069 
test-bed 5 3794 4872 4873 4874 4875 
recipe 5 3742 3803 3804 3805 3806 
stamped 4 3744 4143 4493 4494 
third-party 5 4177 4409 17109 17110 17111 
visualization 5 3711 5495 5496 4630 6226 
lifecycle 8 3744 3745 5252 5856 5857 3852 4461 4462 
apparatus 4 3784 3785 3786 3787 
concurrency 2 3793 5885 
activities 2 3723 3724 
synthesis 5 3811 3812 3813 3814 3815 
structure 6 3711 4455 4456 4457 5476 5100 
services 6 3744 5250 5251 5252 3836 6440 
duality 2 15449 17330 
reality 7 3725 4630 4631 4161 8075 8076 8077 
flexible 15 3744 6374 6375 4974 5829 5883 5884 3756 13449 13450 13451 4161 8075 8076 8077 
agent-based 8 3744 3779 3780 3839 3841 3842 6214 4140 
sos 3 6111 6112 15666 
traffic 3 3852 5649 5650 
negotiation 3 3711 5187 5188 
reporting 3 5829 5883 5884 
simplified 4 3711 4455 4456 4457 
optimisation 2 3843 5534 
different 5 15585 16784 15678 3818 17336 
plans 4 3828 3829 3830 3831 
occupational 2 3777 5048 
hardware 2 4069 6445 
interchanges 4 3842 4140 4138 4139 
development 79 6334 6335 6336 6337 6338 6339 3704 3705 6111 6112 4535 5894 5895 4537 15312 4533 4534 4536 15543 15541 15542 15585 15420 16784 17252 15678 16805 16806 16807 17251 15449 17330 15363 15360 15361 15362 3711 3713 4455 5249 5495 5496 3725 3726 3727 3803 6546 6547 3744 3745 4143 4493 4494 5251 6662 6663 6179 6180 6181 5171 3794 4177 5677 4179 4922 5688 4069 5687 6445 3828 3829 3830 3831 3839 3841 3842 3843 4012 5919 
retro 2 15447 15449 
influence 3 15447 15449 15451 
algorithm 13 3691 3692 3693 3756 13449 13450 13451 3846 3847 3848 3849 3873 3874 
biometric 4 4177 4179 4178 4180 
actionable 5 15543 15583 15585 15420 15937 
evaluator 2 3711 3835 
radical 5 15585 15678 15681 15682 15683 
item-level 4 3843 4011 4012 4013 
ideas 5 15585 15678 15681 15682 15683 
immune 4 3756 13449 13450 13451 
organisation 6 15543 15539 15838 15449 17330 5171 
developments 1 3876 
zier 3 3711 3713 5268 
remeshing 3 5100 5101 5102 
ontology-based 1 3845 
product 93 3703 3704 3705 4543 5421 4535 4938 4537 15312 4533 4534 4536 4935 4936 4937 15543 15541 15542 15585 15420 16229 16230 15678 15681 15682 15683 15419 16805 16806 16807 15447 16881 15363 15360 15361 15362 3711 3835 4455 4456 4457 5249 5495 5496 3725 3726 3727 4594 4595 3738 3739 3744 3745 4143 4493 4494 5250 5251 5252 5827 5828 5829 6179 6180 6181 5856 5857 5171 15414 3777 4404 4405 3792 3793 3794 4177 5677 4179 4922 5617 5618 5615 5616 5619 5688 4069 5687 6445 3818 17131 3843 4012 5919 
energy-efficient 4 3744 6374 6375 4974 
classification 2 3728 3729 
design 64 3703 3704 3705 4543 5421 4399 4400 6111 6112 5894 5895 4537 5515 3708 3709 3710 3711 3712 3713 3714 3835 4455 4456 4457 5008 5009 5187 5188 5268 6318 6319 3734 3735 6366 6367 6368 3744 4494 5827 5828 5829 3756 3757 3759 6031 5476 5100 3794 4177 5677 4179 4922 3852 4461 4462 4158 4159 4160 4161 3868 3869 3870 3875 3876 
technology 10 15312 15543 3751 3752 3753 5677 4179 3816 3817 3818 
parametric 6 3711 3712 3713 3714 6318 6319 
recognition 3 3751 3752 3753 
inventive 2 3875 3876 
centred 4 4158 4159 4160 4161 
study 38 15543 15583 15585 15420 15937 16316 15449 15450 17330 15569 15570 4493 6662 6663 3777 4404 4405 3781 3782 3783 3799 3800 3801 3802 3818 17336 3823 3824 3825 3826 3827 5289 5290 5291 3865 6824 6825 6826 
computing 8 3713 3762 5170 5171 6069 3852 4158 3876 
ontoqualitas 4 3842 4140 4138 4139 
studies 2 3875 3876 
versatile 2 3843 4012 
partition 5 5617 5618 5615 5616 5619 
results 8 15585 16784 15678 3823 3824 3825 3826 3827 
value 9 3703 3704 3705 5421 6401 6400 6402 6403 6404 
investigation 3 3725 3726 3727 
competence 2 3777 6225 
challenges 3 3832 3833 3834 
objective 4 3704 3705 4399 4400 
topological 2 3843 4012 
machine 2 3874 4614 
comparison 5 15543 15541 15542 15447 16881 
issues 2 3843 4012 
embodiment 4 3704 3705 4399 4400 
disassembly 3 3725 4630 4631 
controller 2 3765 3766 
incremental 3 3836 5798 5799 
skf 2 15420 16316 
customer-supplier 3 15543 15838 15860 
mining 6 4493 6662 6663 5688 4069 5687 
concept 7 3725 3726 3727 4177 4179 4178 4180 
academics 4 15543 15583 15584 15585 
theory 7 15543 15583 15585 15420 15937 15447 15716 
proopter 4 3740 3741 3742 3743 
stage 2 5476 5100 
network 17 6334 6335 6336 6337 6338 6339 3794 6579 5617 5618 3852 5649 5650 3865 6824 6825 6826 
online 9 3711 3835 3781 3782 3783 3799 3800 3801 3802 
autonomic 2 3779 3780 
swrl 2 3738 3739 
driven 11 3703 3704 3705 6401 6400 6402 6403 6404 3839 3841 3842 
layout 3 3691 3692 3693 
mixed 4 4938 4935 4936 4937 
swarm 4 3744 6374 6375 4974 
healthcare 5 4409 4406 4407 4408 4410 
agenda 2 15541 3876 
application 10 3734 3735 5829 5883 5884 6401 5476 5100 4069 3823 
standard 4 5251 6179 6180 6181 
ii 4 3734 3735 3738 3739 
rapid 3 3843 4012 5534 
section 1 3823 
human 4 3711 3712 3713 3714 
apparel 4 3843 4011 4012 4013 
ada 2 3765 3766 
sockets 4 3705 5894 5895 4537 
pre-processing 4 3784 3785 3786 3787 
intelligent 20 3723 3724 3725 4630 4631 4974 5238 5239 3756 3757 3759 6031 3794 4409 16942 3836 3837 3838 3874 4614 
two-factor 2 5677 4179 
collaborative 41 15447 15446 15448 15449 15450 15451 16711 16712 16713 16714 15363 16925 17228 17229 17230 3711 5008 5009 5495 5496 3734 3735 6366 6367 6368 3744 5251 5829 6179 6180 6181 5883 5884 6401 5171 15414 3852 3933 3934 4461 4462 
schema 2 3728 3729 
decomposition 6 3711 5187 5188 6538 6539 6540 
providers 5 4177 4409 17109 17110 17111 
budapest 1 3852 
induction 2 3725 5025 
constraints 2 3795 5688 
impacts 2 14151 14152 
content 3 3761 3763 5833 
price 3 3711 5187 5188 
owl 2 3738 3739 
undertaking 3 3703 3704 3705 
conflict 3 3852 5649 5650 
trends 4 3832 3833 3834 3876 
textual 4 3799 3800 3801 3802 
image-based 4 3730 3731 3732 3733 
events 6 3839 3840 3841 3842 6214 4140 
data 20 3711 3713 4455 5249 3767 3768 3769 3792 3793 3794 4069 6445 3799 3800 3801 3802 3843 4011 4012 4013 
competences 5 15543 15539 15838 3788 3789 
vr 4 3828 3829 3830 3831 
digital 3 3777 3778 5048 
computer-based 3 3852 3933 3934 
prostheses 4 3705 5894 5895 4537 
equation 2 15585 15678 
facilitate 1 3744 
semantic-based 3 3781 3782 3783 
factor 5 15585 15678 15681 15682 15683 
top-down 9 15541 17252 17255 15447 15446 15448 15449 15450 15451 
immersive 4 4158 4159 4160 4161 
field 5 4535 4537 4533 4534 4536 
relationship 6 15541 17191 17192 3794 4409 16942 
passenger 3 3767 3768 3769 
enterprises 8 6111 6113 15312 15944 3761 3762 3763 3764 
pattern 3 3751 3752 3753 
modeling 24 3698 3699 3700 3713 3721 3722 3734 3735 3744 4143 4493 4494 6401 6400 6402 6403 6404 3756 3757 3758 3759 3760 3779 3780 
slice 2 3843 3844 
inhibitor 4 15420 16805 16806 16807 
infrastructure 2 14151 14152 
self-validation 5 3794 4177 5677 4179 4922 
re-configurable 3 3850 3851 3852 
mtm 2 3835 6221 
analysing 4 3865 6824 6825 6826 
selecting 3 3794 4409 16942 
inspection 4 3852 3933 3866 3867 
exploration 4 15543 15583 15585 15937 
haptic 4 3828 3829 3830 3831 
custom-fit 4 3705 5894 5895 4537 
benchmarking 3 3794 4409 16942 
st 2 16642 16671 
developable 3 3711 3713 5268 
layered-manufacturing 2 3843 3844 
fuzzy-control 5 3823 3824 3825 3826 3827 
networks 12 16643 16642 3799 3800 3801 3802 3850 3851 3852 6235 6236 6237 
text 3 3832 3833 3834 
maintenance 9 3723 3724 3725 4630 4631 3744 5250 5251 5252 
dmtsyn 5 3811 3812 3813 3814 3815 
workflow 4 3794 6579 5617 5618 
logic 6 6061 3803 6546 6547 3765 3766 
tolerancing 5 3811 3812 3813 3814 3815 
size 3 6113 15312 15944 
associated 1 3876 
service-oriented 3 4974 5238 5239 
shopping 4 3843 4011 4012 4013 
empirical 8 6111 6112 6113 15585 15420 16784 15678 16316 
natural 3 3832 3833 3834 
model 39 3711 3712 3713 3714 3734 6366 6367 6368 3738 3739 3742 3803 3804 3805 3806 3769 5476 5100 3792 3793 3794 5885 5617 5618 5615 5616 5619 3817 16309 3839 3841 3842 3852 4461 4462 3862 3863 3864 3865 
interconnection 2 14151 14152 
engineering 17 3721 3722 4974 4975 5238 5239 4069 3836 6440 3843 4012 3845 3868 3869 3870 3873 3874 
technology-driven 4 3799 3800 3801 3802 
rfid-based 2 3843 4012 
cited 2 3703 6146 
allocation 3 3792 3793 3794 
real-time 5 3756 3757 3758 3759 3760 
supply 13 3726 3727 4594 4595 3839 3840 3841 3842 6214 4140 3850 3851 3852 
machining 14 3794 4872 4873 4874 4875 3823 3824 3825 3826 3827 3828 3829 3830 3831 
web-based 15 3711 5495 5496 3726 3727 4594 4595 3744 5250 5251 5252 3751 3752 3753 3845 
v-realism 3 3725 4630 4631 
graded 2 3843 4012 
suppliers 5 3794 4409 16942 3852 3933 
discovering 3 4493 6662 6663 
ipm-epdl 4 3795 3796 3797 3798 
participative 2 17252 17251 
methodological 3 15585 16784 15678 
supporting 4 3703 3704 3705 5421 
service 25 3744 5250 5251 5252 3761 3762 3763 3764 4922 5617 5618 4409 4921 5615 5616 5619 4406 4407 4408 4410 3839 3841 3842 6214 4140 
grades 4 3730 3731 3732 3733 
success 4 3703 3704 3705 5421 
cycles 2 3777 6225 
test 2 15585 15678 
tag 4 3843 4011 4012 4013 
technical 2 3736 3737 
prototype 6 3725 3726 3727 4630 4631 5025 
shop-floor 2 15447 15716 
course 1 3852 
open 6 5251 6179 6180 6181 3874 4614 
initial 2 5476 5100 
evolutionary 3 15541 17252 17255 
deployment 4 3852 6235 6236 6237 
agile 3 5252 5856 5857 
information 38 15312 15543 3725 3726 3727 3738 3739 5829 5883 5884 3756 3757 3758 3759 3760 3763 3764 6176 6177 6178 4177 4409 17109 17110 17111 3816 3817 3818 3985 3986 3836 6440 3842 4140 4138 4139 3852 3933 
stereolithography 4 3784 3785 3786 3787 
experimental 3 3767 3768 3769 
strategic 7 15543 15838 15860 15363 15360 15361 15362 
analytics 3 3832 3833 3834 
present 2 3777 3778 
dispersed 4 3794 6579 5617 5618 
language 9 3795 3796 3797 3798 5688 5704 3832 3833 3834 
organising 6 15543 15585 15539 15450 15363 16925 
collaboration 3 3817 3985 3986 
ship 3 3769 5476 5100 
ore 4 3730 3731 3732 3733 
e-based 5 3756 3757 3758 3759 3760 
effective 4 3852 6235 6236 6237 
mode 2 16642 16671 
dual 2 15585 15420 
particle 4 3744 6374 6375 4974 
highly 4 4161 8075 8076 8077 
augmented 3 3711 5187 5188 
multidimensional 2 14151 14152 
scales 4 15363 15360 15361 15362 
research 26 15543 15541 15583 15585 15420 15937 16643 15450 16642 16711 16712 16713 16714 6401 6400 6402 6403 6404 3761 3763 5833 3794 6579 5617 5618 3876 
desiderata 3 3832 3833 3834 
integrated 28 3704 4535 4938 6483 3721 3722 4494 5827 5828 5829 4177 5617 5618 4409 17109 17110 17111 5615 5616 5619 3795 3797 5688 5704 3828 3829 3830 3831 
vectorisation 2 3873 3874 
mutual 2 3721 3722 
industrial 12 4630 6226 6401 6400 6402 6403 6404 3751 3752 3753 3777 6225 
conceptualization 4 3726 3727 4594 4595 
based 27 3711 4455 4456 4457 5008 5009 5187 5188 6401 6400 6402 6403 6404 3765 3766 3811 3812 3813 3814 3815 3839 3841 3842 4158 4159 4160 4161 
shop 4 3744 6374 6375 4974 
users 4 15420 15897 15898 15899 
on-line 3 5688 4069 5687 
impact 3 15543 15539 15838 
tools 10 15543 15585 16783 16784 5251 6179 6180 6181 3874 4614 
programmable 5 3803 6546 6547 3765 3766 
repair 4 3744 5250 5251 5252 
reactive 3 4143 4141 4142 
work 2 15420 16316 
systems 47 6334 6335 6336 6337 6338 6339 6111 6112 15666 15182 15363 15183 15360 15361 15362 3721 3722 4974 5829 4975 5238 5239 5883 5884 3781 3782 3783 3793 5885 3795 3797 4381 3842 4140 4138 4139 3843 4012 3852 4158 3862 3863 3864 3865 3868 3869 3870 
global 9 6334 6335 6336 6337 6338 6339 15543 15541 15542 
property 3 4537 4536 16204 
shape 4 3711 6538 6539 6540 
modelling 21 15585 15678 3728 3729 3736 3737 3763 3764 6176 6177 6178 3777 5048 3836 6440 3839 3840 3841 3842 3843 5534 
rough 2 3725 5025 
evolves 1 15449 
environment 8 3761 3762 3763 3764 3828 3829 3830 3831 
company 3 3777 4404 4405 
management 47 15543 15541 16229 16230 17252 17255 15683 17387 16643 3711 4455 5249 3744 3745 3763 5833 5171 15414 3777 6225 3792 3793 3794 4922 6579 5617 5618 4409 16942 4921 3795 3797 4381 5688 5704 4069 6445 3818 17131 3839 3841 3842 6214 4140 3852 4461 4462 
efficient 4 3704 3705 4399 4400 
specific 3 3803 6546 6547 
ecosystems 4 15543 15583 15584 15585 
object 14 3725 4630 4631 3742 3803 3804 3805 3806 4177 4179 4178 4180 3873 3874 
analytical 5 3706 3707 5688 4069 5687 
epc-rfid-based 5 3794 4177 5677 4179 4922 
interactive 5 4630 6226 5688 4069 5687 
order 3 3850 3851 3852 
dis 4 15539 14151 15537 15538 
rule 2 3725 5025 
die 4 3744 4143 4493 4494 
ships 3 3767 3768 3769 
york 1 3852 
aerospace 7 6111 6112 6113 3744 5250 5251 5252 
disruptive 6 3839 3840 3841 3842 6214 4140 
technologies 2 3874 4614 
safety 2 3777 5048 
mental 2 4922 4921 
industries 2 3818 17131 
negative 4 3711 6538 6539 6540 
