<Keyword> <No of vertices> <vertex1> <vertex2> .... <vertexN> 
analyzing 2 7520 7537 
nested 1 17569 
visibility 2 17864 17863 
desktop 9 10720 8422 8330 8331 8332 8333 8334 8535 8537 
parts 4 3878 3879 3880 3881 
advances 1 8351 
sensitizer 4 2554 1987 1988 1989 
knowledge-intensive 1 6155 
managing 1 4266 
prototyping 2 3878 3881 
wavelet 1 17616 
minimization 2 11230 17855 
networked 1 5519 
bpel 2 4968 4970 
time 12 6985 6986 18429 18433 17475 17630 4801 4802 4803 4804 4805 18518 
semantics 3 17890 17586 17469 
event 2 7118 17475 
adaptable 1 19810 
midhdc 1 7584 
advanced 1 7584 
planar 2 17481 19415 
cost-aware 1 11097 
taxonomy 1 12398 
generation 2 7584 19521 
objects 6 17864 17863 17618 18722 19222 17798 
video 1 17791 
intelligence 1 10720 
cogboost 1 19929 
hyponym 5 17910 10004 9958 2820 17911 
distinction 1 17890 
elasticity 1 11097 
loading 1 10720 
wide 1 17791 
partial 2 17481 19415 
reorganization 1 9289 
evolution 3 10765 16453 16455 
bis 4 1980 2614 2613 2427 
project 4 5984 2187 5986 19521 
neighbors 4 19731 18321 17568 19732 
median 4 19252 19253 5733 18250 
atelic 1 17890 
clustertree 1 18655 
quality 2 10239 2554 
inference-based 3 17523 17524 17526 
big 8 10720 9958 17867 19848 18902 10297 9955 4968 
attacks 2 18640 18641 
dynamic 20 11242 12300 12301 18597 7068 8551 8552 8553 9280 7825 12543 12544 12545 12546 17616 17834 6778 17618 17586 3926 
knowledge 13 9289 17890 18325 18326 18327 18328 17545 17475 19521 18677 17791 18262 17469 
incorporating 1 17878 
communications 1 10720 
behavior 3 8551 8552 8553 
net 2 5594 4267 
range-sum 2 17496 17497 
xen 3 7519 7520 7521 
object-oriented 1 12728 
log-based 1 18250 
preferences 3 18160 18161 18162 
tags 1 3921 
markets 1 8351 
dissemination 2 9289 17618 
ordinal 1 17772 
join 2 19014 19255 
super-peer 3 9289 10754 8988 
electronic 3 8351 17569 6778 
compensation 1 6778 
leases 1 17586 
new 1 12728 
utility 1 8351 
subgraphs 2 17544 17545 
next-generation 1 12728 
base 1 17791 
guest 4 17569 3992 3926 19614 
public 3 9289 10754 8988 
transactions 8 17586 17867 17634 17481 10019 19288 9816 19289 
resources 3 7515 9665 11213 
computational 3 11230 7787 8422 
easing 1 7278 
leakage 1 4363 
designing 1 7787 
gridrpc 3 7515 7516 7518 
paradigm 1 10720 
change 1 3926 
mecom 4 11240 6985 8807 11241 
consumption 2 7116 7118 
broadcast 2 1807 1808 
entity 2 17864 9372 
distributed 39 7371 7372 9289 8988 11265 11266 11267 11268 11269 11271 11836 7867 11242 12300 12301 9144 13294 18250 18597 7584 8422 7537 11510 9024 19200 19945 17950 17867 18116 6155 13583 8972 8973 8974 17493 17494 17495 10019 19670 
fbs 3 4363 4364 4365 
architecture 13 11242 12300 12301 7787 5733 17890 8422 9024 9023 12728 8537 9022 9025 
droplets 1 9640 
transporting 1 1987 
rct 2 11510 9024 
software 2 5733 17867 
medical 10 10765 11242 3992 5634 5635 5636 5637 3926 5638 5519 
component 1 5733 
rdf 4 17768 17770 17771 6155 
processing 3 10720 18677 3921 
overall 4 13140 13141 13142 4380 
cost-sensitive 3 19929 17867 17630 
processes 3 5528 3807 3809 
monitor 3 7519 7520 7521 
spectrum 1 7825 
colors 3 1987 1988 1989 
protocols 2 8422 10483 
automatic 3 9958 9955 18677 
ultrasound 5 4801 4802 4803 4804 4805 
mafia 1 17540 
double 1 1987 
proximity 8 18527 17864 19849 18673 18674 18675 18676 18677 
imprecise 2 18904 17696 
node 1 9144 
multiprocessors 3 6942 6943 4977 
gmone 1 7118 
determining 2 17864 17863 
assumptions 1 17798 
blackbox-oriented 1 10720 
delivering 1 8351 
ldv 1 19319 
active 5 9144 13294 7787 17867 18402 
orders 2 17481 19415 
streams 30 17540 18321 17854 19615 19616 19617 17884 17885 17886 17616 17496 17497 17626 17627 18722 18723 19081 17852 17853 17855 11097 18429 18433 17475 17791 17696 19698 19699 17693 18518 
fast 2 11271 19929 
sparse 6 17867 18262 18448 18449 9883 17469 
extending 2 9023 6155 
heterogeneous 8 8351 7584 10720 17867 10295 9372 19691 19692 
survivability 1 19810 
measure 6 238 5594 4267 18673 18677 3566 
indoor 7 10087 10088 5528 10089 7825 7584 17545 
espm 2 7068 9683 
analysis 18 10552 8351 10765 18325 18326 18327 18328 7116 7118 7825 7584 18408 6155 17630 4363 18904 3992 3926 
fds 1 1055 
simulation 4 7371 7372 8988 7515 
business 3 5528 4266 6155 
meets 1 7515 
out-of-order 1 8422 
brightness 2 2614 2613 
sequential 4 17618 17627 19081 19082 
wireless 2 7825 7584 
phenylene 2 2614 2613 
evidential 1 17568 
quantum 7 1973 1975 1976 1977 1978 1979 1980 
complementary 1 19200 
built-in 1 9023 
activity 1 11271 
calendar 1 17890 
e-tree 5 17854 17852 17853 17855 11097 
updates 1 19506 
layer 3 2614 2613 1987 
semantic 10 17568 8703 8704 8705 8706 10179 10180 17834 17791 17798 
disjointedness 1 1055 
iterative 1 17867 
compilation 2 17890 17475 
search-based 1 18250 
transformation 2 17568 1055 
svms 2 19250 19251 
n-way 1 19014 
relations 13 17569 8703 8704 8705 8706 5594 4267 18673 18674 18675 18676 18677 1055 
inside 1 1980 
biogeography-based 7 9958 10295 10296 10297 10298 9955 4968 
java 1 7278 
attributes 2 17864 17863 
regularized 1 17475 
adding 5 19422 19423 19424 19425 17878 
near-optimum 1 17569 
graphs 6 17709 17711 18325 18326 18327 18328 
generalized 1 17630 
suspicious 4 9958 10297 9955 4968 
inference 8 17867 18262 18448 18449 9883 17469 18640 18641 
minimized 2 17496 17497 
consolidated 7 9958 10295 10296 10297 10298 9955 4968 
diverse 3 13072 19200 18655 
filtering 6 8272 17867 17696 19698 19699 17693 
layers 3 2820 1987 1989 
formalization 1 13583 
influences 7 1973 1975 1976 1977 1978 1979 1980 
adversaries 1 17950 
bio-inspired 1 9289 
sensor 2 7584 17634 
languages 1 17469 
improved 4 2554 1987 1988 1989 
overhead 1 7787 
authenticity 1 9372 
replication 6 9777 9778 7068 7069 17696 17693 
social 4 17626 17627 18640 18641 
carrier 5 1976 2847 2848 2849 2850 
donating 2 6985 6986 
cloud-end 5 8714 8715 13678 13679 13680 
query-dependent 1 19110 
constructing 4 8714 8715 8716 8717 
rost 4 11510 9024 9023 13222 
transfer 2 17544 17545 
motif-based 5 17910 10004 9958 2820 17911 
support 5 5984 2187 5986 17475 18786 
rom 3 4363 4364 4365 
adaptive 14 11268 11269 10552 8351 7825 18370 18372 18374 18722 18723 19081 11097 17867 8331 
enhancers 1 1980 
privacy 8 17536 17537 17538 17540 7584 17950 3992 3926 
job 5 8330 8331 8332 8333 8334 
recommendation 1 13072 
cryptography 2 9640 3921 
health 2 18262 17469 
distribution 8 17854 19615 19616 19617 7068 9683 8422 17586 
epidemic 1 9289 
scaling 5 7116 7118 8551 8552 8553 
verification 1 13583 
querying 8 11836 7867 4267 4265 4266 1184 18904 17696 
histograms 1 17693 
tensor 1 10765 
heuristic 1 9883 
cybermatics 1 7584 
filters 2 6778 18641 
virtual 34 11240 6985 8807 11241 7068 7519 7520 7521 8714 8715 8716 8717 8933 8934 9280 9683 10720 8422 11963 8272 7537 13678 13679 13680 9958 5949 10295 10296 10297 10298 9955 4968 8535 8537 
repositories 4 4267 4265 4266 1184 
ontologies 1 19521 
group-based 1 8331 
road 1 17523 
space 2 18673 18677 
decision 5 5984 2187 5986 17545 17630 
statistical 1 9883 
short 2 17626 17627 
violations 1 8351 
acquisition 1 18677 
submatrices 1 18857 
labeling 2 17497 18602 
distance 2 18250 17693 
tests 1 8422 
subscribe 4 12543 12544 12545 12546 
dimensions 1 18655 
hierarchy 1 9883 
mobility 2 13386 13387 
construction 2 7373 17569 
products 1 8351 
hole 2 2614 2613 
concentration 6 2614 2613 2909 2427 2910 2911 
defining 2 10552 8351 
criteria 3 19288 9816 19289 
editorial 4 17867 17634 3992 3926 
green 7 7068 9280 9024 9023 8537 9022 9025 
boosting 1 19929 
trajectories 4 238 1889 18722 19222 
decoupled 5 6985 8807 8806 8808 8809 
frequent 5 17540 18856 18857 18858 17475 
master 1 10720 
emissive 1 1987 
health-related 5 18262 18448 18449 9883 17469 
multiclass 2 19250 19251 
reasoning 2 17568 17890 
preserving 3 1055 3992 3926 
prefetching 1 13141 
recall 1 1184 
maximal 1 17540 
improvement 2 2614 2613 
method 4 9958 19255 10295 9955 
efficiency 4 1980 2614 2613 17834 
high-end 2 16453 16455 
electrodes 1 1980 
manufacturing 8 18194 18195 18196 3878 3879 3880 3881 5519 
access-point 1 17545 
disk 5 6985 7115 7116 7117 7118 
discriminability 2 17867 18902 
uxds-driven 1 4977 
authorization 2 7520 7537 
iso-rectangles 1 238 
neighbor 1 17523 
iteration 1 18655 
on-demand 1 9289 
primary 3 1987 1988 1989 
disseminate 1 17834 
useful 1 17630 
multicast-based 1 9289 
fusion 2 7584 10004 
applications 17 8225 11230 12006 18250 17890 8807 10720 8422 7278 10483 10962 11097 1184 6155 12728 8535 8537 
recurring 8 18428 18429 18430 18431 18432 18433 18434 17475 
joint 3 9922 19949 5519 
joins 1 18527 
frameworks 5 7520 8714 11963 8272 7537 
cross-sectional 1 3881 
linkage 1 18641 
consumers 1 4968 
efficiently 2 8297 8298 
cost-benefit 2 10552 8351 
analyzer 3 7519 7520 7521 
recent-biased 1 17630 
embedded 1 7584 
unwanted 3 18030 18031 18033 
siloxane 6 2787 2788 2789 2790 2791 2792 
clusters 2 8422 7278 
proceedings 1 2850 
potassium 1 1980 
hybrid 7 11230 10720 4968 1807 1808 3992 3926 
quotation 4 3878 3879 3880 3881 
conceptual 2 4977 1184 
k-means 1 17634 
scale 11 7515 9665 11213 8704 8705 8706 10179 10180 6778 19105 10019 
goods 2 10552 8351 
coordinated 2 8422 10483 
resolution 4 17568 9372 18402 19531 
security 8 7584 8422 9024 9023 8537 9022 9025 19670 
disease 6 3926 18262 18448 18449 9883 17469 
requirements 1 1184 
subset 1 17855 
effectiveness 3 16624 16625 16626 
overcommitted 3 8551 8552 8553 
bipolar 3 1987 1988 1989 
submatrix 1 17855 
grid 36 8225 12006 7371 7372 7373 8979 9289 12398 11144 11145 11146 10765 7515 9665 11213 7787 8807 10720 8422 7278 10483 10962 7537 10239 11510 9024 9023 13222 6778 4968 4970 8330 8331 8332 8333 8334 
compute 1 238 
quantitative 1 17890 
drug 3 16624 16625 16626 
puzzle 1 19521 
executions 2 7520 7537 
answering 2 17475 18830 
building 1 9922 
reuse 1 5733 
vocabulary 2 18262 17469 
task 2 6985 6986 
problem 5 19828 19829 19830 17855 4363 
bloom 5 19828 19829 19830 6778 18641 
anonymization 2 17634 17772 
escience 1 7373 
provision 1 10720 
database 13 17568 17569 18370 18372 18374 17627 19081 19082 17791 12728 19319 19614 19670 
optimizing 4 11242 12300 12301 10720 
subgraph 4 18325 18326 18327 18328 
co-occurrence 1 17568 
identification 1 3921 
implementation 21 9289 11265 11266 11267 11268 11269 11271 18194 18195 18196 8807 8552 8714 7278 10483 10962 11644 11645 11646 17475 12299 
scientific 8 9289 10754 8988 7787 6155 17693 8297 8298 
locality 1 10720 
bridging 4 17867 18902 18262 17469 
competitive 2 6985 6986 
drtm 5 8714 8715 13678 13679 13680 
things 4 7584 10004 9900 7692 
consistent 6 17855 17867 17475 18975 18976 18977 
energy 9 7116 7118 10087 10088 5528 10089 7825 7584 10004 
changes 1 17867 
electroluminescent 2 1980 2427 
discussion 3 16624 16625 16626 
treatment 1 17890 
flow 1 1184 
production 4 11144 11145 11146 10765 
bittorrent 1 8422 
feedback 1 18250 
client-centric 1 13583 
concurrent 1 12299 
hypergraph 2 17867 18474 
oleds 5 1976 2847 2848 2849 2850 
comprehensive 1 17890 
script-based 1 12006 
boolean 1 9372 
feature 9 18250 9922 19949 18673 18674 18675 18676 18677 3926 
convergence 1 8422 
switching-frequency 3 8551 8552 8553 
orion 1 12728 
consistency 4 17586 13583 1807 1808 
entities 4 8703 8704 8705 8706 
models 10 17569 17854 8422 17852 17853 17855 11097 17475 4266 18518 
cataract 2 3992 3926 
telic 1 17890 
elastography 5 4801 4802 4803 4804 4805 
nondoped 3 2820 1987 1989 
examples 1 17475 
low 8 7787 2614 2613 2909 2427 2910 2911 17634 
devices 8 1973 1975 1976 1977 1978 1979 1980 1987 
complex 4 2187 2820 1987 1989 
organizing 5 8704 8705 8706 10179 10180 
minimum 1 17855 
malicious 3 17950 17481 10019 
coordination 3 1184 4968 4970 
domain-driven 1 17616 
on-the-fly 1 17693 
use 3 7373 7537 17798 
elimination 1 17867 
platforms 7 8351 7515 8552 8714 11644 11645 11646 
usa 2 16453 16455 
messages 3 18030 18031 18033 
virtualized 5 6985 7115 7116 7117 7118 
methodologies 1 18116 
schedulers 3 7515 7516 7518 
truth 1 17867 
cnc 1 5733 
electron 1 1987 
relevance 3 18250 17867 18902 
best 1 17855 
topology 4 12543 12544 12545 12546 
publish 4 12543 12544 12545 12546 
correctness 3 19288 9816 19289 
synopses 1 17616 
collections 1 4266 
diffusion 1 10765 
transactional 2 1807 1808 
documents 1 18597 
trust 2 7584 6778 
light-emitting 9 2187 2820 1980 2614 2613 2554 1987 1988 1989 
ip-based 2 13386 13387 
learning 19 9289 18250 17568 9922 19949 17544 17545 17867 18673 18674 18675 18676 18677 17772 18262 18448 18449 9883 17469 
time-variant 2 17496 18239 
medium 1 7825 
repeated 1 18857 
security-aware 2 7520 7537 
controllers 1 4380 
rfid 4 17523 17524 17526 3921 
assignment 5 5984 2187 5986 6154 6155 
presence 3 18160 18161 18162 
facial 1 18250 
practice 4 7787 18655 9640 3921 
biased 5 17854 19615 19616 19617 18527 
periodicity 3 17890 17618 17475 
hype 1 8351 
decentralized 1 7867 
world 2 17791 9816 
grids 20 7373 9289 11836 7867 9777 9778 10765 11242 7787 6985 8807 8714 8715 8716 8717 9241 10720 8422 10239 8331 
hierarchies 1 17864 
extracting 1 17545 
implicit 4 8703 8704 8705 8706 
multiscale 1 8225 
dividing 2 18722 19222 
computer-aided 2 3992 3926 
triage 1 17867 
science 1 7584 
service-based 6 11265 11266 11267 11268 11269 11271 
architectures 1 7584 
values 1 17630 
exploiting 2 13072 17586 
practical 1 7867 
automating 1 18581 
two-level 5 6985 7115 7116 7117 7118 
trustworthiness 4 11510 9024 9023 13222 
eperiodicity 1 17475 
control 5 9289 7825 1184 5785 19810 
scheduler 5 8330 8331 8332 8333 8334 
select 1 3566 
cpu 2 7116 7118 
cubes 1 17475 
linguistic 1 4363 
regularization 1 17867 
evolving 11 18722 18723 19081 18428 18429 18430 18431 18432 18433 18434 17475 
extraction 5 17910 10004 9958 2820 17911 
dbms 1 18402 
fundus 2 3992 3926 
cost 2 11230 17634 
imaging 3 10765 11242 3881 
economic 3 7515 9665 11213 
optimize 4 13140 13141 13142 4380 
gridlab--a 3 7371 7372 7373 
navigation 1 17864 
data-driven 1 17568 
photonics 1 2850 
islands 1 10004 
maximize 2 17864 17863 
estimation 8 9958 17545 9955 4801 4802 4803 4804 4805 
profiling 2 18722 19222 
governing 2 7116 7118 
stability 1 1980 
large-scale 12 9289 8351 11144 11145 11146 10765 6985 8807 9241 8422 10483 13583 
mechatronics 1 4968 
multiquality 2 17696 17693 
peer-to-peer 5 7515 18597 10720 8422 6778 
indirect 1 3921 
sampling 3 17709 17711 18527 
performance 24 7825 10720 8422 7537 10239 9958 2820 18527 1973 1975 1976 1977 1978 1979 1980 9955 13140 13141 13142 4380 2554 1987 1988 1989 
protein-protein 4 19434 19435 19436 19437 
question 1 17469 
introducing 1 5528 
transparent 1 10019 
multiple 9 17496 17497 18722 18723 19081 17475 6753 17469 18518 
cyber-transformer 1 10720 
protocol 3 13386 13387 3921 
diversity-aware 8 3992 5634 5635 5636 5637 3926 5638 5519 
evolvable 1 19810 
adapting 4 8807 7278 10483 10962 
general 11 19731 18321 17568 19732 17418 17496 17627 17952 18239 19081 19082 
one-pass 1 17616 
tables 1 18597 
limtopic 1 17878 
multi-site 1 7118 
effect 6 1976 1980 2847 2848 2849 2850 
pipeline 1 19014 
authentication 1 17523 
remapping 2 7068 9280 
infrastructures 3 11230 8351 7787 
implementing 1 18402 
mixed-drove 1 17568 
high 5 7515 7118 10239 18527 18655 
interoperable 1 8351 
personalized 1 17864 
automated 1 17569 
domains 1 6753 
mechanism 3 7068 7069 8331 
graph-based 3 17867 17475 18518 
laplacian 1 17475 
people 1 18904 
offloading 1 10720 
many-core 1 7584 
hierarchical 4 17418 17634 17772 5519 
annotation 3 18250 19250 19251 
optimizers 1 18581 
tree 3 18597 11510 9024 
why-not 1 18830 
trustworthy 2 7584 10004 
topic 1 17878 
strategies 3 7520 7537 18116 
continuous 5 17634 17696 19698 19699 17693 
predicates 2 9023 17798 
random 2 17709 17711 
cyber-physical-social-thinking 1 7584 
measurements 1 18857 
solid 3 1975 1976 2470 
scaling-out 1 7373 
visual 5 17867 17493 17494 17495 18474 
ws-based 2 4968 4970 
ranking 3 9144 17864 19110 
placement 11 9777 9778 9958 6778 6155 10295 10296 10297 10298 9955 4968 
qos-aware 1 10720 
stream 8 18428 18429 18430 18431 18432 18433 18434 17475 
textbooks 1 17569 
range 3 11510 9024 17798 
link 8 17878 8704 8705 8706 10179 10180 18841 18842 
power-efficient 1 17545 
secure 16 8714 8715 7584 13678 13679 13680 4363 8535 8537 19288 9816 19289 18641 19319 19614 19670 
switch 1 17586 
retrieval 11 18250 19200 3992 5634 5635 5636 5637 3926 5638 5519 17469 
mapping 4 10552 8351 10720 9372 
techniques 9 10720 19274 18527 19275 176 17867 17475 4266 13141 
indexer 1 18786 
multi-tier 1 11097 
tkde 1 17867 
ceo 1 6778 
optimized 2 7068 9683 
dependencies 4 9023 1055 17772 18297 
interval-based 1 17890 
top-k 4 13072 17496 17497 17475 
znse 3 1975 1976 2470 
nmf 1 17630 
uncertain 3 18856 18857 18858 
module 4 19434 19435 19436 19437 
robust 9 19252 19253 5733 18250 9922 19949 17418 17630 17772 
cases 1 18116 
cache 1 6778 
itemsets 1 17475 
kernel 3 7584 17867 17772 
framework 26 7371 7372 9289 8988 17878 17523 17524 17526 6985 8807 8552 8714 8806 8808 8809 11644 11645 11646 10239 9922 19949 5949 17496 18239 1184 17630 
blends 6 2614 2613 2909 2427 2910 2911 
periodic 6 17890 1976 2847 2848 2849 2850 
process 10 4977 17496 17497 4267 4265 4266 1184 6155 5785 6753 
encrypted 1 3921 
multi-tenant 3 18370 18372 18374 
electrowetting 6 2787 2788 2789 2790 2791 2792 
chain 1 4363 
databases 14 17569 17890 18856 18857 18858 19110 17834 17475 12728 17696 17693 17798 19691 19692 
recommender 1 18321 
bug 1 17867 
skyline 8 18325 18326 18327 18328 19110 19111 19112 17863 
bus 3 6942 6943 4977 
skydrive 1 9640 
acceleration 1 3926 
remote 4 11510 9024 9023 13222 
pay-as-you-go 1 9372 
sources 2 13072 9372 
scheduling 17 7515 6985 6986 7115 7116 7117 7118 7519 7520 7521 8551 8552 8553 10004 19506 17618 17586 
multi-view 1 5519 
cais 1 4977 
auto-grouped 1 17867 
survey 7 18746 18597 7692 19434 19435 19436 19437 
thickness 3 2820 1987 1989 
algorithms 9 9289 7867 12543 12544 12545 12546 18527 17418 17586 
low-granularity 4 17854 19615 19616 19617 
polyimide 6 2787 2788 2789 2790 2791 2792 
connection 2 18904 12299 
contradiction 1 4977 
checkpointing 2 8422 10483 
literature 1 4363 
enterprise 3 8422 9922 5949 
logging 3 18597 13386 13387 
formal 2 17586 4380 
factorization 1 17475 
prefix-filter 1 19255 
eic 1 17867 
representation 2 17890 18655 
policy 2 7068 9683 
diagram 3 4363 4364 4365 
suite 1 10239 
graphswith 1 17864 
joinless 1 17568 
e-learning 2 10720 4968 
slave 1 10720 
remnants 1 9640 
phosphor 3 2187 1987 1989 
issue 3 7584 10720 19614 
state 7 1975 1976 2470 18885 6778 17867 17634 
attribute 4 17568 17867 17634 17772 
co-allocation 1 10720 
solution 2 3992 3926 
point-based 1 17890 
pipe 1 9372 
tree-verified 3 6942 6943 4977 
microsoft 1 9640 
bandwidth 2 17496 18239 
evaluation 11 19731 18321 17568 19732 7825 18527 19200 19945 17791 3926 17798 
recursively-adjusting 1 10720 
sharing 6 8225 17950 3992 3926 8535 8537 
concept-drifting 4 18429 18433 17475 18518 
sla-based 1 8351 
machine-based 1 7584 
epsilon 1 17586 
toolkit 3 7371 7372 7373 
availability 7 8422 8330 8331 8332 8333 8334 9372 
definition 1 7515 
quantiles 1 17616 
discriminant 1 17772 
nearest-neighbor 1 18655 
vision 1 8351 
chains 1 4363 
evaluating 3 7787 19521 4363 
keyword 6 17768 17770 17771 18527 17864 19849 
potential 1 18116 
tasks 1 10004 
noise 1 17867 
weights 2 9922 19949 
special 12 8979 9289 8351 10765 11242 7787 17569 7825 7584 10720 8422 19614 
user 7 7068 9683 7584 19110 18030 18031 18033 
storage 5 17569 6985 8933 8934 13583 
using 40 7371 7372 7515 9665 11213 18597 4977 8807 7278 10483 10962 7537 8703 8704 8705 8706 1980 2614 2613 17834 6778 17586 18428 18429 18430 18431 18432 18433 18434 17475 10295 17469 19250 19251 2554 1987 1988 1989 18402 19531 
communities 1 6778 
controlling 1 17569 
distance-aware 1 6778 
self-adaptive 1 8351 
workflows 9 7867 8351 7520 7537 1184 6155 8297 8298 9816 
incrests 2 17626 17627 
symposium 1 2850 
missing 4 17630 8972 8973 8974 
search 21 17536 17537 17538 17540 17768 17770 17771 18527 17864 19849 8703 8704 8705 8706 17834 6778 18655 18904 9883 9372 19803 
protein 1 3566 
chemical 1 11271 
correlated 5 17540 17884 17885 17886 17616 
deep 6 17855 18262 18448 18449 9883 17469 
discrimination 1 3921 
patterns 6 17568 17867 18902 18975 18976 18977 
monitoring 21 12398 9144 13294 7118 8551 8552 8553 8714 11644 11645 11646 19274 18527 19275 176 18885 6778 17634 16624 16625 16626 
multi-core 1 10004 
moving 5 18722 19222 18904 17696 17798 
gz 1 3926 
achieving 2 17834 13367 
engine 1 7867 
petri 2 3807 3809 
electroluminescence 6 2614 2613 2909 2427 2910 2911 
portfolio 4 19252 19253 5733 18250 
optimization 12 17568 9958 19274 18527 19275 176 10295 10296 10297 10298 9955 4968 
image 7 10765 18250 17630 3992 3926 19250 19251 
papers 1 8979 
causal 4 17867 18902 13386 13387 
molecular 3 2187 1987 1989 
blocking 2 8422 10483 
voltage 1 10004 
explicit 4 8703 8704 8705 8706 
view 1 17855 
multitask 1 18250 
discovery 7 9289 7515 6778 17475 8972 8973 8974 
review 5 3878 4363 1055 17772 18297 
introduction 2 17569 19614 
consisting 3 1987 1988 1989 
multi-modal 1 18250 
imide 6 2787 2788 2789 2790 2791 2792 
declustering 1 17568 
handling 2 18250 17867 
adaptively 4 11240 6985 8807 11241 
execution 15 8225 11268 11269 7867 11242 12300 12301 8714 8715 8716 8717 8422 13678 13679 13680 
programming 4 8422 7278 18402 19531 
feasibility 1 17867 
datacenters 2 18885 6778 
domain 1 19521 
current 1 4266 
write 2 9958 9955 
relationships 1 17864 
non-doped 3 1987 1988 1989 
cross-view 4 17867 18975 18976 18977 
caching 1 6778 
clustering 16 18250 18527 17834 17418 17497 18602 18722 18723 19081 19222 17867 17475 18673 18677 9372 19803 
streaming 4 9289 7118 7825 19506 
clouds 13 7373 7515 9665 11213 6985 7118 7520 8714 8933 8934 11963 8272 7537 
workload 4 11268 11269 17569 10019 
linear 2 7867 17475 
multi-objective 7 9958 10295 10296 10297 10298 9955 4968 
pebl 1 17475 
virtualization 6 8351 9024 9023 8537 9022 9025 
web 13 7867 18250 8703 8704 8705 8706 19110 6778 17475 6155 17791 18904 10019 
fd 1 17569 
multi-factor 1 9144 
interbase-kb 1 17791 
solving 2 9289 4977 
sums 5 17540 17884 17885 17886 17616 
configuration 2 10552 8351 
expression 2 19474 17634 
methods 7 9777 9778 17568 8807 7278 10483 10962 
semi-supervised 1 18250 
pwlm 2 9958 9955 
normal 1 1055 
event-driven 2 6778 19105 
invocation 1 12006 
high-speed 2 7371 7372 
privacy-preserving 3 8272 6778 18408 
aware 1 10720 
mashups 1 9922 
ultrathin 5 2820 2554 1987 1988 1989 
balance 5 1976 2847 2848 2849 2850 
facts 1 17890 
bayesian 3 17523 17524 17526 
broadcasting 2 17496 18239 
future 3 7584 9640 3921 
enactment 1 8351 
reviewer 3 5984 2187 5986 
non-blocking 2 8422 10483 
light 7 1973 1975 1976 1977 1978 1979 1980 
key 2 1055 17469 
enhancing 2 9289 10239 
dimensional 1 18527 
engines 4 8703 8704 8705 8706 
environments 7 8351 18250 5785 1807 1808 18904 17696 
integrating 3 17890 3881 17791 
eeg 1 3926 
agent 1 9289 
tensor-based 3 8972 8973 8974 
semantically 4 17867 18975 18976 18977 
continual 2 6778 19105 
detection 15 8351 18527 18428 18429 18430 18431 18432 18433 18434 17475 19434 19435 19436 19437 18518 
bundles 1 19200 
recursive 2 17475 4363 
item-based 1 8272 
similarity 10 18527 19255 17834 17475 5594 4267 18673 18677 9372 19803 
cyberliveapp 2 8535 8537 
queries 16 18321 11510 9024 19200 19945 6778 17496 17497 19105 17475 17791 17696 19698 19699 17693 17798 
phase 6 2614 2613 2909 2427 2910 2911 
internet 7 7584 10720 10004 6778 19105 9900 7692 
amp 3 5984 2187 5986 
mobile 5 10720 1807 1808 13386 13387 
does 1 19110 
trusted 8 8552 8714 8715 8716 8717 11644 11645 11646 
set 1 238 
qos-based 1 9289 
consensus 2 17475 18518 
correction 1 18581 
understanding 2 7373 8422 
hdfs 2 9958 9955 
frequency 2 7116 7118 
statistics 1 18581 
tris 2 1980 2427 
integration 10 11836 7867 17568 17475 6155 7692 18655 6753 19691 19692 
butylphenyl 2 1980 2427 
skeletons 1 7373 
outlier 1 18527 
recoding 2 17634 17772 
parallel 3 8422 7278 7537 
communication 2 7787 17834 
poly 8 1980 2427 2787 2788 2789 2790 2791 2792 
prediction 5 11271 9144 13294 7537 17772 
methodology 3 3921 19691 19692 
memory 7 6942 6943 4977 11240 6985 8807 11241 
message 2 13386 13387 
materialization 1 17475 
hadoop 2 7116 7118 
topics 1 7584 
seekers 2 18262 17469 
spatiotemporally 2 18722 19222 
approximation 5 17540 17884 17885 17886 17616 
kdx 1 18786 
cooperative 3 9289 6778 17586 
approach 21 9289 10754 8988 10552 8351 17568 17890 7118 5984 2187 5986 17855 17475 6154 6155 4968 19474 17634 8535 8537 18518 
hyperspace 1 7584 
adjacency 2 5594 4267 
plug-in 3 7515 7516 7518 
correlations 2 18722 18723 
interlayer 1 1987 
embeddings 1 18655 
colocation 1 17568 
evasion 4 9958 10297 9955 4968 
multi-cloud 1 8351 
editors 2 17569 19614 
oled 1 1987 
operation 1 5949 
visualization 2 7371 7372 
barrier 4 6985 6986 18841 18842 
transforming 3 4363 4364 4365 
load-balancing 3 17568 10295 13141 
sliding-window 2 18321 17791 
lifecycle 1 2554 
morpho 5 6985 8807 8806 8808 8809 
guarantees 4 17536 17537 17538 17540 
approximate 4 18527 17834 9372 19803 
synthesis 2 18116 4380 
standardized 2 10552 8351 
ring 1 17630 
lesson 1 17569 
creating 1 8351 
programs 1 8422 
gene 2 19474 17634 
abduction 1 17890 
services 15 9289 7867 10765 7584 10239 17626 17627 4968 13140 13141 13142 4380 4970 9900 7692 
structure 17 17854 1973 1975 1976 1977 1978 1979 1980 2847 2848 2849 2850 17852 17853 17855 11097 1987 
heart 1 3926 
predictive 2 18250 3921 
questions 6 18830 18262 18448 18449 9883 17469 
channels 1 7825 
accountable 1 13367 
board 1 17867 
loccs 1 7787 
reality 1 8351 
multi-application 1 3921 
collaboratory 3 7371 7372 8988 
agent-based 1 4968 
composite 6 19200 13140 13141 13142 4380 18641 
microblogging 1 13072 
task-activity 1 5785 
enabling 6 11242 12300 12301 7118 6778 11097 
traffic 1 10720 
oxadiazoyl 2 2614 2613 
reporting 4 17634 16624 16625 16626 
records 8 3992 5634 5635 5636 5637 3926 5638 5519 
comment 2 17626 17627 
delivery 3 9665 6778 19105 
evaluations 4 8807 7278 10483 10962 
novel 14 7068 7069 2187 18428 18429 18430 18431 18432 18433 18434 17475 1987 1989 18518 
gap 2 18262 17469 
expert 1 18116 
series 1 17630 
development 7 3878 3879 3880 3881 16624 16625 16626 
two-class 2 19250 19251 
flubber 5 6985 7115 7116 7117 7118 
influence 3 2820 1987 1989 
followee 1 13072 
publisher 3 18160 18161 18162 
doped 7 1980 2614 2613 2909 2427 2910 2911 
algorithm 14 17540 19014 8272 17418 17952 17475 4363 4364 4365 4801 4802 4803 4804 4805 
mapreduce 8 7373 6985 8807 8806 8808 8809 10720 13367 
hashing 1 17630 
qcg-ompi 1 8422 
equivalence 1 1055 
fluorescent 4 2554 1987 1988 1989 
actionable 1 17545 
multi-keyword 1 6778 
unpredictable 1 9816 
closed 1 17475 
characterizing 1 8422 
similar 1 18830 
weakly 1 18250 
xtremweb 1 8422 
spatial 3 17568 17475 17693 
pages 4 11240 6985 8807 11241 
middleware 1 7584 
lars 1 18321 
machines 12 11240 6985 8807 11241 7068 7520 8714 9280 11963 8272 7537 18786 
ontology-based 3 6985 8807 9241 
extension 1 17867 
product 6 3878 3879 3880 3881 1184 2554 
location-aware 1 18321 
unified 1 18250 
walls 3 18030 18031 18033 
sql 1 17834 
nodes 2 13386 13387 
rule-based 4 18194 18195 18196 17772 
classification 11 9777 9778 19929 17867 18429 18433 17475 3992 3926 18474 18518 
item 3 18856 18857 18858 
screen-printing 6 2787 2788 2789 2790 2791 2792 
wikipedia 5 17910 10004 9958 2820 17911 
design 30 9289 11265 11266 11267 11268 11269 11271 7515 7516 7518 4977 8807 8552 8714 7278 10483 10962 11644 11645 11646 18370 18372 18374 18408 4968 4363 4364 4365 4970 19319 
cyberguarder 5 9024 9023 8537 9022 9025 
technology 3 5733 7584 19614 
multicore 3 6985 6986 7584 
selective 1 17475 
location 1 17545 
integrity 1 18402 
reliability 1 3566 
tert-butylphenyl 2 2614 2613 
perspectives 1 7787 
study 16 11144 11145 11146 10765 7515 17536 17537 17538 17540 1973 1975 1976 1977 1978 1979 1980 
computing 39 8979 9289 11271 10552 8351 7515 7787 6985 8807 8714 8715 8806 8808 8809 7584 8422 7537 10239 13678 13679 13680 11510 9024 9023 13367 7692 8330 8331 8332 8333 8334 13386 13387 17693 8537 9022 9025 16453 16455 
multi-class 1 17867 
self-stabilization 1 7515 
caused 1 4363 
directions 2 9640 3921 
buffer 2 2614 2613 
partitioning 1 17834 
partition 3 17418 17952 17630 
results 1 17864 
hydroxyquinoline 1 1980 
value 1 17568 
sets 9 7371 7372 7584 18527 18856 18857 18858 18655 17693 
developing 5 7520 8714 11963 8272 7537 
sla 2 10552 8351 
pre-scheduling 1 10720 
txop 1 7825 
live 8 11240 6985 8807 11241 7118 7825 8535 8537 
combining 3 17418 17475 18518 
protection 4 6942 6943 4977 17950 
challenges 1 4266 
crowdsourcing 1 17867 
capturing 1 17469 
chloride 1 1980 
workflow-based 4 13140 13141 13142 4380 
correlation 2 18673 18677 
machine 16 6985 7519 7520 7521 8933 8934 10720 8422 9958 10295 10296 10297 10298 9955 4968 12299 
comparison 1 1987 
content-based 5 12543 12544 12545 12546 17791 
matching 1 18830 
liquid 1 2850 
emerging 10 8351 7584 17867 18902 3992 5636 5637 3926 5638 5519 
incremental 7 19731 18321 17568 19732 17626 17627 17791 
locating 1 18597 
proteins 1 3566 
decompositions 1 17616 
mining 32 18250 17568 7584 10004 9958 18856 18857 18858 8703 8704 8705 8706 17418 17627 17952 19081 19082 17855 17867 19848 18902 17475 10297 9955 4968 3566 19474 17634 3921 18975 18976 18977 
concept 7 18250 17854 19615 19616 19617 17864 17475 
divide-and-conquer 1 238 
drifts 5 18250 17854 19615 19616 19617 
volunteer 1 9289 
application-level 1 7373 
theory 4 17890 18655 9640 3921 
way 1 19014 
grid-based 1 10765 
footprint 2 7116 7118 
enhanced 6 3992 5636 5637 3926 5638 5519 
hyperlinks 5 17910 10004 9958 2820 17911 
network 16 18597 7584 19274 18527 19275 176 19200 19945 8704 8705 8706 10179 10180 17626 17627 10295 
online 15 19252 19253 5733 18250 18325 18326 18327 18328 8704 8705 8706 10179 10180 17618 17586 
real 6 7515 4801 4802 4803 4804 4805 
autonomic 2 8351 10239 
staff 2 6154 6155 
selected 1 8979 
warehousing 1 17791 
conservation 4 17886 19506 19706 19707 
gaussian 1 17475 
scalable 17 9289 10754 8988 18321 17768 17770 17771 6985 8807 9241 10720 19506 6778 17586 13386 13387 3921 
spatiotemporal 3 17568 18746 18597 
read 2 9958 9955 
various 1 1980 
colored 2 3807 3809 
tuning 1 9289 
healthcare 9 8351 3992 5636 5637 3926 5638 5519 18262 17469 
application 4 7371 7372 7373 18250 
smp 1 8422 
acm 1 8979 
iv 3 6942 6943 4977 
synchronization 2 17481 19415 
fabrication 6 2787 2788 2789 2790 2791 2792 
resource 21 9289 10552 8351 9144 7068 7520 8714 9683 7825 8422 11963 8272 7537 6778 13140 13141 13142 4380 17493 17494 17495 
transition 3 176 5594 4267 
readers 1 3921 
growing 1 10720 
rapid 4 3878 3879 3880 3881 
section 10 8979 9289 8351 10765 11242 7787 17569 7825 10720 8422 
certification 1 8331 
opportunity 1 12299 
blue 3 1975 1976 2470 
local 3 17890 17634 17772 
smart 1 3921 
breaking 2 18841 18842 
intelligent 6 10720 7537 5984 2187 5986 17475 
mpi 2 8422 10483 
qos 2 7825 4968 
refinement 1 176 
collaborative 8 7371 7372 9144 13294 18250 8272 6778 3921 
characterization 1 17586 
optimal 1 238 
schema 8 19422 19423 19424 19425 17878 18370 18372 18374 
composer 1 8225 
lr-wpans 1 7825 
providers 1 4968 
scheme 5 18250 7825 7584 10720 6778 
maximization 2 17475 18518 
aluminum 1 1980 
unsupervised 2 17475 18518 
asynchronous 1 18250 
signature 2 17544 17545 
threshold-based 1 7825 
expiration 1 6778 
induction 1 17867 
constraints 13 17890 19422 19423 19424 19425 17878 17586 18429 18433 17475 18402 18518 19670 
international 1 8979 
high-performance 1 7373 
multi-attribute 2 11510 9024 
intervals 1 17569 
available 1 7825 
hpc 2 7116 7118 
cathodoluminescence 3 1975 1976 2470 
content 3 9289 6778 17586 
accruals 1 6778 
metric 1 18250 
ogsa-dqp 6 11265 11266 11267 11268 11269 11271 
coronary 1 3926 
hot 4 11510 9024 9023 13222 
entity-based 4 17696 19698 19699 17693 
conflict 3 17568 18402 19531 
load 1 7537 
elastic 5 6985 8807 8806 8808 8809 
probed 6 2614 2613 2909 2427 2910 2911 
face 1 18250 
vm 3 8551 8552 8553 
assurance 5 9024 9023 8537 9022 9025 
common 2 17544 17545 
events 8 17890 8704 8705 8706 10179 10180 18722 18723 
mri 4 11144 11145 11146 10765 
data 87 7371 7372 11836 7867 9144 17540 18321 17523 17524 17526 17854 19615 19616 19617 17768 17770 17771 7068 7069 7584 10720 8422 10239 10004 9958 17884 17885 17886 17616 18527 19506 18857 18370 18372 18374 17418 17496 17497 18239 18602 17586 17852 17853 17855 11097 17867 19848 18902 18428 18429 18430 18431 18432 18433 18434 17475 1184 6155 13583 10297 9955 4968 13141 17493 17494 17495 17791 18655 19474 17634 1055 17772 18297 18904 17696 19698 19699 17693 3992 3926 2554 9640 3921 18975 18976 18977 18518 
vs 2 8422 10483 
digital 1 9640 
running 1 8422 
reversion 4 19252 19253 5733 18250 
critical 2 8297 8298 
document 4 6778 17475 18673 18677 
composing 1 8225 
displacement 5 4801 4802 4803 4804 4805 
vsa 3 7519 7520 7521 
direct 1 3921 
reverse 5 19731 18321 17568 19732 3881 
itemset 1 17540 
news 5 8704 8705 8706 10179 10180 
kernelized 1 17867 
interoperability 1 7373 
fault 2 8422 10483 
cleansing 3 17523 17524 17526 
selection 17 7867 19252 19253 5733 18250 5984 2187 5986 17545 18673 18674 18675 18676 18677 17493 17494 17495 
supervised 2 17475 18518 
ensemble 14 9289 17854 17852 17853 17855 11097 18428 18429 18430 18431 18432 18433 18434 17475 
push-pull 1 17834 
pattern 6 17568 17627 19081 19082 17867 18902 
modeling 10 17878 7520 7537 17867 3807 3809 4363 4380 5519 18474 
mixture 1 17475 
freshness 1 17586 
infrastructure 3 10552 8351 9665 
agree 1 4968 
publishing 4 17536 17537 17538 17540 
astrophysics 3 7371 7372 8988 
multi-layer 5 1976 2847 2848 2849 2850 
serializability 1 17586 
pushing 1 17475 
hub 1 3566 
th 3 8979 8351 2850 
committability 4 17791 17792 12728 17793 
conference 1 8979 
deductive 1 17475 
dta 4 12543 12544 12545 12546 
networks 20 7371 7372 9289 9144 17523 7584 6778 17586 17475 18841 18842 3566 19434 19435 19436 19437 17634 9372 18640 18641 
text 5 17626 17627 4363 4364 4365 
categorical 3 17497 18602 1184 
index 1 18597 
contour 1 238 
cross-network 2 17544 17545 
association 6 17418 17952 17475 8972 8973 8974 
maintenance 1 17586 
transient 6 2614 2613 2909 2427 2910 2911 
relation 5 17910 10004 9958 2820 17911 
white 5 2820 2554 1987 1988 1989 
effort 1 17855 
xml 10 18597 19422 19423 19424 19425 17878 18527 17864 19849 1055 
spatio-textual 1 19255 
workflow 13 8225 11242 12300 12301 7520 7537 5594 4267 3807 3809 6154 6155 6753 
logic 3 4380 18402 19531 
size 1 19110 
self-merging 1 17418 
slcp 1 2850 
bursty 1 7825 
counting 5 17709 17711 19828 19829 19830 
partitioned 3 1055 17481 19415 
comparative 4 17536 17537 17538 17540 
service-oriented 5 11836 7867 11242 12300 12301 
osn 3 18030 18031 18033 
result 1 8331 
sub 2 17867 18474 
model 22 9289 7515 9665 11213 4977 7825 9958 17627 19081 19082 17475 4267 4265 4266 1184 9955 4968 4363 4364 4365 3926 2554 
one-class 2 19250 19251 
density 1 10295 
testbed 3 7371 7372 7373 
grading 2 3992 3926 
nets 2 3807 3809 
sup 2 9958 9955 
engineering 3 3881 4968 4363 
observations 1 17475 
incomplete 2 17569 17475 
journal 1 17634 
complete 1 7118 
ovm 1 8422 
servers 1 10019 
tolerant 2 8422 10483 
allocation 8 9144 7825 17496 18239 13140 13141 13142 4380 
real-time 5 17569 10004 17626 17627 19810 
lans 1 7825 
supply 1 4363 
h-benzimidazol 2 1980 2427 
functions 1 18250 
geographic 1 17568 
svm 1 18408 
web-based 4 3878 3879 3880 3881 
markov 5 8330 8331 8332 8333 8334 
recovery 2 17481 10019 
object-based 1 17475 
mvd 1 17569 
organic 19 2187 2820 1973 1975 1976 1977 1978 1979 1980 2847 2848 2849 2850 2614 2613 2554 1987 1988 1989 
discovering 6 17886 19506 19706 19707 8297 8298 
tracking 6 10087 10088 5528 10089 7825 7584 
supporting 4 11510 9024 17834 6778 
k-anonymization 3 18160 18161 18162 
temporal 16 17569 17890 19422 19423 19424 19425 17878 8703 8704 8705 8706 17418 17952 17586 17798 18402 
service 21 8225 8351 11242 12300 12301 7515 9665 6985 8807 9241 7825 10720 11510 9024 9023 13222 3878 3879 3880 3881 6155 
classifier 5 17854 19615 19616 19617 18408 
operations 3 12006 9958 9955 
emitter 4 2554 1987 1988 1989 
forensic 1 9640 
consolidation 5 7520 8714 11963 8272 7537 
explorations 2 8297 8298 
aggregate 2 18746 18597 
age-based 1 6778 
inferences 2 17569 4363 
utility-driven 2 11268 11269 
indexing 5 17854 17852 17853 17855 11097 
semijoin 1 19014 
regression 2 17867 17772 
prototype 3 16624 16625 16626 
class-based 8 18428 18429 18430 18431 18432 18433 18434 17475 
maintaining 3 17586 1807 1808 
iridium 4 2187 2820 1987 1989 
center 1 9144 
benzidine 2 1980 2427 
open 1 5733 
cover 1 17855 
trgraph 2 17544 17545 
grouping 3 11242 12300 12301 
page 1 17475 
file 2 9777 9778 
behaviors 1 7584 
prevention 1 3921 
dimension-reduction 1 17630 
false 3 19828 19829 19830 
deployment 4 11510 9024 9023 13222 
high-dimensional 5 17834 17867 18902 9372 19803 
processor 6 11265 11266 11267 11268 11269 11271 
groups 8 9958 19110 19111 19112 17863 10297 9955 4968 
cohesion 1 17418 
preventing 2 18640 18641 
information 32 9289 17568 18194 18195 18196 17569 6985 8807 13072 9241 17950 17834 6778 17618 19105 17475 18841 18842 4363 17493 17494 17495 3992 5636 5637 3926 5638 5519 9372 18640 18641 19810 
stereolithography 4 3878 3879 3880 3881 
problems 1 9289 
polymer 9 2187 2614 2613 2909 2427 2910 2911 1987 1989 
form 1 1055 
dht 3 6985 8807 9241 
moldable 5 7520 8714 11963 8272 7537 
reconciling 1 17890 
experimental 1 7515 
wvtdb 1 17791 
interaction 5 3566 19434 19435 19436 19437 
fair 1 176 
cluster-based 1 10295 
flows 1 7867 
fundamentals 1 1184 
record 1 18641 
partitional 1 17418 
ieee 1 8979 
tax 4 9958 10297 9955 4968 
compressing 4 11240 6985 8807 11241 
trees 5 18527 17864 19849 17545 17630 
computation 6 9289 10754 8988 7787 18746 18597 
language 1 12299 
registry 1 8225 
in-page 1 18597 
fault-tolerant 6 8807 7278 10483 10962 13386 13387 
collaboration 2 4363 5785 
subroutines 1 7787 
query 12 11265 11266 11267 11268 11269 11271 17568 17523 17864 17475 18581 9372 
ground 1 17867 
containment 1 1055 
effective 6 7371 7372 8988 10720 17864 17867 
chain-generated 3 6942 6943 4977 
offline 3 7519 7520 7521 
mode 1 17586 
qualitative 1 17890 
sensing 1 7584 
private 3 10720 18640 18641 
miner 2 17418 17952 
dual 3 2820 1987 1989 
dates 1 17890 
summarization 2 17626 17627 
reputation-based 1 6778 
command 1 19810 
highly 1 7825 
ubiquitous 1 3926 
search-as-you-type 1 17834 
migration 6 11240 6985 8807 11241 8535 8537 
labeled 1 18250 
edge 1 6778 
progressive 5 17418 17627 17952 19081 19082 
logs 4 17536 17537 17538 17540 
smartphones 6 10087 10088 5528 10089 7825 7584 
crystal 1 2850 
access 3 7825 10295 5785 
parallelizing 1 17568 
research 7 7371 7372 8988 5733 3926 9640 3921 
vehicular 1 10720 
integrated 3 18194 18195 18196 
knowle 5 8704 8705 8706 10179 10180 
mjsa 5 8330 8331 8332 8333 8334 
triangles 2 17709 17711 
balancing 1 7537 
directory 2 19200 19945 
relational 3 17569 17890 19319 
cloud 37 11230 11271 10552 8351 6985 8807 7118 8552 8714 8806 8808 8809 10720 11644 11645 11646 9024 9023 18885 6778 11097 6155 4968 13367 8972 8973 8974 9900 7692 3992 3926 8535 8537 9022 9025 9640 3921 
phrases 1 17469 
clem 1 4968 
perceptual 1 17630 
based 53 5733 19014 17569 17878 8714 8715 7584 10720 13678 13679 13680 2187 9958 17864 8704 8705 8706 10179 10180 1976 2847 2848 2849 2850 19255 3881 2787 2788 2789 2790 2791 2792 5594 4267 17630 10295 10296 10297 10298 9955 4968 5785 8330 8331 8332 8333 8334 6753 3992 3926 1987 1988 1989 
taxonomies 2 17634 17772 
cyber-physical 3 7584 10720 17586 
semi-automatic 2 6154 6155 
solutions 1 18116 
order-preserving 2 18857 17855 
functional 9 11144 11145 11146 10765 19434 19435 19436 19437 12299 
giss 1 10295 
tee 5 8714 8715 13678 13679 13680 
impact 2 7520 7537 
diodes 9 2187 2820 1980 2614 2613 2554 1987 1988 1989 
programmable 1 4380 
phosphorescent 4 2554 1987 1988 1989 
power 1 18655 
phenyl 2 1980 2427 
bregman 1 18250 
interactome 1 3566 
reduction 1 17867 
reactive 4 19274 18527 19275 176 
user-defined 1 17890 
cards 1 3921 
tfp 1 17475 
systems 39 9289 12398 17568 18194 18195 18196 17569 6942 6943 4977 6985 13072 6986 7116 7118 7825 7584 10720 8422 7537 176 17950 3878 17586 18116 17493 17494 17495 17791 17792 12728 17793 13386 13387 19614 19810 16624 16625 16626 
spaces 3 17834 9372 19803 
multidatabase 4 17791 17792 12728 17793 
hash 1 18597 
portal 3 7371 7372 8988 
global 7 17496 17497 4363 17791 17792 12728 17793 
discover 3 1055 17772 18297 
symbolic 3 238 1889 17890 
class 14 17854 19615 19616 19617 17867 18428 18429 18430 18431 18432 18433 18434 17475 18518 
properties 2 1980 2427 
modelling 3 7515 1184 4363 
jetstream 1 7118 
throughput 2 7515 7118 
environment 29 7515 7516 7518 6985 7068 7115 7116 7117 7118 8714 8715 8716 8717 9683 13678 13679 13680 17496 18239 4363 8330 8331 8332 8333 8334 3992 3926 8535 8537 
market 3 7825 16453 16455 
importance 1 17878 
program 2 19014 176 
decision-aware 1 5528 
images 4 18250 6985 8933 8934 
conditional 1 9023 
emitting 7 1973 1975 1976 1977 1978 1979 1980 
ensembling 1 17867 
management 19 9289 10552 8351 9665 7116 7118 7520 7825 7537 18370 18372 18374 6778 5949 4363 18581 10019 19319 19670 
efficient 45 9144 13294 17540 18321 17890 17854 6985 6986 10087 10088 5528 10089 7825 7584 8422 8272 11510 9024 10004 17884 17885 17886 17616 18527 17864 18856 18857 18858 6778 17418 17496 17497 17952 17852 17853 17855 11097 17475 4267 4265 4266 1184 13386 13387 18830 
filter 6 19828 19829 19830 18030 18031 18033 
agents 3 7537 13386 13387 
crown 4 11510 9024 9023 13222 
image-rich 1 17475 
object 3 4363 18904 17696 
vod 2 7068 7069 
multilevel 6 17569 19288 9816 19289 19319 19670 
recent 1 8351 
transferring 2 18841 18842 
cost-guided 1 17867 
displays 6 2787 2788 2789 2790 2791 2792 
fit 1 19110 
graph 2 19929 18830 
interactive 2 19474 17634 
vector 1 18786 
rule 2 17481 19415 
reinforced 1 17475 
extendible 2 17481 19415 
film 3 2820 1987 1989 
warehouses 1 19506 
error 3 7825 17496 17497 
locally 1 17475 
exascale 2 7116 7118 
separation 6 2614 2613 2909 2427 2910 2911 
nearly 1 17890 
strategy 6 19252 19253 5733 18250 10720 6155 
processors 1 10004 
benzene 2 1980 2427 
nearest 5 19731 18321 17568 19732 17523 
rules 11 17568 17886 19506 19706 19707 17418 17952 17475 8972 8973 8974 
intra-ac 1 7825 
technologies 9 9289 10720 8422 3992 5636 5637 3926 5638 5519 
multimedia 2 17696 17693 
safety 4 8807 7278 10483 10962 
peertrust 1 6778 
context 1 6155 
cluster 5 7787 7068 9280 10239 18655 
negative 4 19828 19829 19830 17475 
yl 2 1980 2427 
rethink 3 6985 8933 8934 
