<Keyword> <No of vertices> <vertex1> <vertex2> .... <vertexN> 
need 3 4893 4894 4895 
using 41 11205 11204 4744 4745 4746 4747 4763 4764 4765 4800 6534 6535 4833 4834 4835 4902 4903 4904 4905 4906 4943 4944 4967 4979 4980 4981 5103 5104 4993 4994 5001 5002 5065 5066 5067 5166 5167 5168 5169 5172 5173 
plastic 1 4971 
workflows 1 4927 
parts 11 4722 4723 4724 4772 4773 4774 4775 4776 4777 5041 5042 
managing 6 5193 5194 5195 5196 5232 5233 
preface 1 9710 
time 6 7237 7239 10514 10515 10516 10517 
free 1 4891 
system-based 1 4732 
materials 6 4772 4773 4774 4775 4776 4777 
principal 4 4840 4841 4842 4843 
event 2 5172 5173 
e-commerce 8 4725 4726 4727 4728 5075 5076 6104 6105 
contribution 4 5154 5155 5156 5157 
advanced 5 4995 4996 4997 6232 6490 
features 9 4771 4822 5127 6119 6120 6121 6122 5210 5211 
generation 6 4722 4723 4724 4822 4909 4910 
intelligence 5 7237 11205 5065 5066 5067 
monitoring 6 4800 6534 6535 5026 5054 5055 
achieving 3 5197 5198 5199 
texture 4 4744 4745 4746 4747 
petri 7 4837 6082 6083 6084 4959 4960 4961 
image 4 5079 5080 5142 5143 
optimization 5 6311 6312 6313 4943 4944 
gis 2 4902 4903 
e-business 1 4739 
traceability 2 5054 5055 
blocking 3 4678 4679 4680 
scenario 2 4995 6345 
quality 13 4744 4745 4746 4747 4943 4944 5964 6231 6232 5228 5229 5230 5231 
air 3 4899 4900 4901 
bim 2 4902 4903 
view 4 4860 4904 4905 4906 
big 2 5107 5108 
mechanisms 2 5047 5586 
acquisitions 4 4787 4788 4789 4790 
hospital 7 5200 5201 5202 5203 5204 5205 5206 
review 5 5052 5053 5964 6231 6232 
tunnel 5 4833 4834 4835 5063 5064 
dynamic 7 4862 6100 4933 9692 5151 5152 5153 
assessing 2 4972 4973 
knowledge 35 4707 4708 4709 4710 4725 4726 4727 4728 4826 6827 6828 6829 4840 4841 4842 4843 4909 4910 4931 4932 4933 4934 4980 4981 5103 5104 5079 5080 5146 5147 5148 5193 5194 5195 5196 
optimum 1 4971 
incorporating 2 4793 4794 
behavior 3 5146 5147 5148 
geometric 5 4847 4848 4849 4972 4973 
net 5 4861 4862 4959 4960 4961 
commerce 4 4813 4815 5031 5032 
oil 3 6311 6312 6313 
execution 2 4862 6100 
programming 6 4683 4684 4685 4686 5054 5055 
experiments 1 8634 
current 2 5107 5108 
emphasis 2 5079 5080 
domain 4 4823 4824 4825 4945 
logistics 4 5073 5074 5075 5076 
lflc 4 4740 4741 4742 4743 
manet 2 11205 11204 
virtualization 2 5107 5108 
web 23 4708 13601 13602 13603 4771 5026 5459 5091 5092 5093 5094 5095 5124 5125 5154 5815 5966 5967 5968 5969 5197 5198 5199 
constrained 1 4891 
prospects 3 5090 5963 5964 
cutting 4 4826 4827 4828 4829 
indicators 4 4995 5522 5523 5524 
electronic 4 5154 5155 5156 5157 
bird 5 5091 5092 5093 5094 5095 
new 16 4702 4703 4704 4933 9692 4973 5324 5325 5326 5327 4980 4981 5103 5104 5124 5125 
reg 5 5091 5092 5093 5094 5095 
slates 4 4744 4745 4746 4747 
guest 2 8634 9710 
successful 2 5026 5459 
methods 3 4716 4717 4718 
sculptured 3 4722 4723 4724 
resources 4 4931 4932 4933 4934 
physical 7 4737 8213 8214 8215 8216 5144 5145 
computational 3 5065 5066 5067 
holonic 11 4759 4760 4761 4762 4837 6082 6083 6084 6384 6385 6311 
visible 7 5200 5201 5202 5203 5204 5205 5206 
zigbee-based 1 4967 
greenhouse 3 4833 4834 4835 
change 5 4757 4758 4903 6156 6157 
entity 5 5132 5133 5134 5135 5136 
tool 30 7237 7239 10514 10515 10516 10517 4722 4723 4724 4729 4730 4731 4732 5803 4891 4973 5324 5325 5326 5327 5037 5038 5039 5040 5154 5815 5966 5967 5968 5969 
distributed 11 7237 11205 11204 4757 4758 4862 6100 5026 5178 5179 5180 
architecture 27 7237 7238 7239 11205 13275 13276 13277 13278 11204 4752 4753 4754 4755 4756 4837 6083 6384 6385 6311 4956 4957 5073 5074 5075 5076 5218 5219 
capital 2 4956 4957 
boundary 3 5065 5066 5067 
exploring 5 4725 4726 4727 4728 4771 
usability 2 5144 5145 
software 6 4729 4730 4731 5964 6231 6232 
deal 6 7237 7239 10514 10515 10516 10517 
volumetric 2 5174 5175 
component 4 4840 4841 4842 4843 
future 2 5107 5108 
technological 4 5193 5194 5195 5196 
composition 2 11205 11204 
processing 2 5142 5143 
pdc 4 5212 5213 5214 5215 
perspective 7 4826 6827 6828 6829 4945 5124 5125 
light 7 5200 5201 5202 5203 5204 5205 5206 
key 4 4995 5522 5523 5524 
net-based 4 4837 6082 6083 6084 
processes 11 4793 4794 4847 4848 4849 4894 4895 6328 6329 6232 6490 
freeform 8 4734 4735 4736 4737 5089 5090 5963 5964 
outlook 2 5107 5108 
automatic 14 11205 11204 4826 4827 4828 4829 4909 4910 4991 4992 5154 5155 5156 5157 
environments 5 4752 4753 4754 4755 4756 
efficacy 3 5146 5147 5148 
equations 4 5212 5213 5214 5215 
ontology 14 4903 6156 6157 4982 4983 4991 4992 5052 5053 5058 5059 5060 5079 5080 
agent 7 5068 5069 5091 5092 5093 5094 5095 
measurement 3 4847 4848 4849 
detection 3 5065 5066 5067 
cm 5 4837 6083 6384 6385 6311 
determining 1 4766 
similarity 2 4980 4981 
active 6 4902 4903 5073 5074 5075 5076 
behavioral 4 4931 4932 4933 4934 
factory 2 5218 5219 
queries 1 4771 
fast 3 5058 5059 5060 
internet 7 4943 4944 5026 5896 5897 6268 6269 
specs 4 4707 4708 4709 4710 
mobile 16 4707 7236 7237 7238 7239 7240 13275 13276 13277 13278 5026 5144 5145 5146 5147 5148 
subdivision 3 4722 4723 4724 
update 3 4893 4894 4895 
feature-based 1 4822 
plug-and-play 1 4967 
indoor 7 5200 5201 5202 5203 5204 5205 5206 
edi 1 4739 
datasets 4 4708 13601 13602 13603 
edc 2 4956 4957 
freezers 2 5063 5064 
routing 2 4836 4837 
in-process 4 4840 4841 4842 4843 
analysis 24 4678 4679 4680 4744 4745 4746 4747 4861 4862 4888 4889 4890 5029 5030 5052 5053 5068 5069 5964 6231 6232 5178 5179 5180 
simulation 16 4683 4684 4685 4686 4690 4691 4692 4693 4694 4729 4730 4731 4808 4809 4861 4862 
business 10 4893 4894 4895 6328 6329 4909 4910 5018 5019 5020 
life-cycle 3 4924 5176 5177 
triz 2 4982 4983 
fuzzy 9 4752 4753 4754 4755 4756 5033 5034 5035 5036 
integration 12 4739 5555 4800 6534 6535 5154 5155 5156 5157 5197 5198 5199 
coal 5 4719 4720 4721 5001 5002 
co-operative 2 5218 5219 
activity 3 4945 4993 4994 
garments 2 5174 5175 
sites 9 5075 5076 6104 6105 5091 5092 5093 5094 5095 
axis 7 4683 4684 4685 4686 4722 4723 4724 
requirement 8 4995 6345 5154 5815 5966 5967 5968 5969 
correspondence 5 5132 5133 5134 5135 5136 
communication 13 7237 7239 10514 10515 10516 10517 5200 5201 5202 5203 5204 5205 5206 
injection 3 4971 5046 5047 
semantic 7 5193 5194 5195 5196 5197 5198 5199 
prediction 4 5166 5167 5168 5169 
business-oriented 4 5126 12899 12120 12900 
interacting 2 5210 5211 
gray 2 5079 5080 
transformation 4 5212 5213 5214 5215 
methodology 15 4837 6082 6083 6084 4924 5176 5177 4995 6345 5154 5815 5966 5967 5968 5969 
main 2 5233 5972 
urban 2 4902 4903 
outsourcing 2 4793 4794 
heating 4 5166 5167 5168 5169 
madip 1 5026 
approach 46 4695 4696 4702 4703 4704 4708 13601 13602 13603 4732 4733 4766 4840 4841 4842 4843 4903 6156 6157 4927 4943 4944 4973 5324 5326 4980 4981 5103 5104 4995 4996 4997 5001 5002 5018 5019 5020 5058 5059 5060 5079 5080 5193 5194 5195 5196 
numerical 4 5212 5213 5214 5215 
regularized 2 5077 5078 
assessment 4 4980 4981 5234 5235 
conflict-free 2 4836 4837 
automobile 11 4690 4691 4692 4693 4694 4772 4773 4774 4775 4776 4777 
sustainable 7 4945 5154 5815 5966 5967 5968 5969 
sensor 5 4967 5073 5074 5075 5076 
operation 5 5137 5138 5139 5140 5141 
tandem 3 4678 4679 4680 
replication 2 4933 9692 
lifecycle 3 5126 5127 5128 
social 10 7237 7239 10514 10515 10516 10517 4826 6827 6828 6829 
buyer 4 5075 5076 6104 6105 
oriented 2 5026 5459 
combine 3 4702 4703 4704 
tweet 2 4909 4910 
activities 2 4972 4973 
synthesis 7 4959 4960 4961 5047 5586 5052 5053 
aided 2 5124 5125 
capability 3 5058 5059 5060 
co-linearity 4 4840 4841 4842 4843 
structure 2 5068 5069 
services 8 4808 4809 5126 5127 5128 5197 5198 5199 
support 12 4725 4726 4727 4728 4813 4815 5031 5032 5964 6231 6232 6490 
adaptive 5 4752 4753 4754 4755 4756 
predictive 5 12120 12117 8634 12118 12119 
privacy 5 5091 5092 5093 5094 5095 
recommendation 4 5075 5076 6104 6105 
reality 3 5026 5896 5897 
flexible 8 4837 6083 6384 6385 6311 5197 5198 5199 
distribution 2 4980 4981 
agent-based 5 4923 4924 4925 4926 4927 
gas 3 6311 6312 6313 
enabling 5 5026 5459 5126 5127 5128 
user-based 2 4995 6345 
decisions 2 4793 4794 
verification 4 4931 4932 4933 4934 
delivery 3 5151 5152 5153 
novel 3 4924 5176 5177 
different 5 5091 5092 5093 5094 5095 
virtual 16 4737 8213 8214 8215 8216 4826 6827 6828 6829 5026 5896 5897 6268 6269 6232 6490 
plant 11 4690 4691 4692 4693 4694 4956 4957 5166 5167 5168 5169 
creation 4 4734 4735 4736 4737 
development 17 4729 4730 4731 4973 5324 5325 5326 5327 4982 4983 5026 5459 5897 6268 6269 5124 5125 
ontologies 2 4902 4903 
diabetes 3 5146 5147 5148 
vehicle 3 4678 4679 4680 
influence 5 5091 5092 5093 5094 5095 
five-axis 2 5041 5042 
workplace 3 5897 6268 6269 
space 4 4995 5522 5523 5524 
build 4 4708 13601 13602 13603 
decision 2 5172 5173 
statistical 2 5216 5217 
algorithm 8 4933 9692 5222 5223 5224 5225 5226 5227 
acquisition 7 5126 5127 5128 6119 6120 6121 6122 
patients 3 5146 5147 5148 
case-based-reasoning 3 4823 4824 4825 
rolling 1 5078 
supported 2 4732 5803 
interpretation 2 5079 5080 
construction 2 5191 5192 
products 7 5126 5127 5128 6119 6120 6121 6122 
editorial 6 8634 9710 5154 5813 5814 5815 
epistheme 4 4707 4708 4709 4710 
middleware 4 4712 4713 4714 4715 
rmt 2 4995 6345 
enhancement 4 5228 5229 5230 5231 
machines 5 4737 8213 8214 8215 8216 
ontology-based 9 5154 5155 5156 5157 5815 5966 5967 5968 5969 
product 43 4840 4841 4842 4843 4923 4924 4925 4926 5176 5177 4927 4943 4944 4973 5324 5325 5326 5327 4980 4981 5026 5459 5896 5897 5073 5074 5075 5076 6104 6105 5124 5125 5137 5138 5139 5140 5141 5228 5229 5230 5231 5232 5233 
classification 2 5079 5080 
one-of-a-kind 2 4980 4981 
method 15 4822 4893 4894 4895 4949 4995 4996 4997 5132 5133 5134 5135 5136 5142 5143 
design 64 4695 4696 7237 7238 7239 13275 13276 13277 13278 4716 4717 4718 4729 4730 4731 4757 4758 4793 4794 4822 4833 4834 4835 4923 4924 4925 4926 5176 5177 4927 4971 4972 4973 4980 4981 4995 6345 5026 5896 5897 5046 5047 5586 5964 6231 6232 5137 5138 5139 5140 5141 5154 5815 5966 5967 5968 5969 5178 5179 5180 5212 5213 5214 5215 
produce 4 4759 4760 4761 4762 
manufacturing 19 4702 4703 4704 4732 4733 4837 6082 6083 6084 4860 4891 5029 5030 5054 5055 5107 5108 5142 5143 
cause 2 5172 5173 
technology 2 5026 5459 
single 4 4826 4827 4828 4829 
parametric 4 4695 4696 4972 4973 
recognition 4 4991 4992 5210 5211 
defect 3 4949 5079 5080 
reliability 3 4800 6534 6535 
actuator 3 4729 4730 4731 
study 8 4995 5522 5523 5524 5105 5106 5234 5235 
segmentation 1 4949 
computing 13 4707 7236 7237 7238 7239 7240 11205 5222 5223 5224 5225 5226 5227 
studies 3 4899 4900 4901 
scanned 2 5001 5002 
barriers 2 4739 5555 
level 2 5144 5145 
family 6 7237 7239 10514 10515 10516 10517 
plm 5 4995 5522 5523 5524 6345 
value 3 4904 4905 4906 
developing 2 4732 5803 
applications 17 4732 5803 4740 4741 4742 4743 5126 12899 12120 12900 5200 5201 5202 5203 5204 5205 5206 
penalty 4 4840 4841 4842 4843 
flexibility 4 4837 6082 6083 6084 
parallelism 1 8634 
patents 4 5193 5194 5195 5196 
competence 5 4813 4814 4815 4816 4817 
cycle 9 5127 6119 6120 6121 6122 5228 5229 5230 5231 
congruence 2 5029 5030 
painted 4 4744 4745 4746 4747 
frameworks 1 4739 
e-health 1 5026 
topological 5 5132 5133 5134 5135 5136 
linkages 4 4725 4726 4727 4728 
machine 4 4971 5001 5002 5078 
matching 7 5058 5059 5060 5075 5076 6104 6105 
stationary 1 4971 
manufacture 2 4956 4957 
controller 4 5212 5213 5214 5215 
hybrid 14 4837 6083 6384 6385 6311 5200 5201 5202 5203 5204 5205 5206 5210 5211 
conceptual 4 4980 4981 5047 5586 
fixturing 1 4822 
profibus 4 5033 5034 5035 5036 
scale 2 5079 5080 
alteration 2 4972 4973 
mining 5 4823 4824 4825 5216 5217 
concept 4 4740 4741 4742 4743 
inter-vehicle 3 4678 4679 4680 
trailtrade 4 4813 4815 5031 5032 
theory 8 4826 6827 6828 6829 4904 4905 4906 4945 
security 2 5218 5219 
requirements 3 4766 5232 5233 
network 6 4757 4758 4967 5151 5152 5153 
curves 4 4734 4735 4736 4737 
online 3 5058 5059 5060 
matrix-based 2 4695 4696 
risk 7 4888 4889 4890 5144 5145 5234 5235 
guided 2 4836 4837 
driven 5 4690 4691 4692 4693 4694 
layout 3 5897 6268 6269 
path 3 4722 4723 4724 
ideology 4 4826 6827 6828 6829 
premature 1 4979 
innovation 7 4973 5324 5325 5326 5327 5124 5125 
healthcare 3 5151 5152 5153 
application 20 4800 6534 6535 4823 4824 4825 4899 4900 4901 4902 4903 5058 5059 5060 5119 5120 5121 5197 5198 5199 
standard 4 5054 5055 5068 5069 
reuse 2 5047 5586 
validation 2 4750 4751 
task 2 4909 4910 
resource 11 12120 12117 8634 12118 12119 5222 5223 5224 5225 5226 5227 
problem 3 5119 5120 5121 
interface 2 5144 5145 
registration 4 4787 4788 4789 4790 
concepts 5 5047 5586 5090 5963 5964 
intent 3 4771 4972 4973 
rapid 1 4891 
human 7 4931 4932 4933 4934 4995 4996 4997 
implementation 6 4923 4924 4925 4926 5105 5106 
scientific 4 4707 4708 4709 4710 
workspaces 7 7237 7238 7239 13275 13276 13277 13278 
merging 5 4902 4903 5018 5019 5020 
local 4 5166 5167 5168 5169 
things 2 4943 4944 
characteristic 4 4734 4735 4736 4737 
gradients 2 5077 5078 
intelligent 14 4697 4698 4699 4719 4720 4721 4949 5041 5042 5068 5069 5126 5127 5128 
technique 4 4840 4841 4842 4843 
category-based 4 5075 5076 6104 6105 
collaborative 34 4707 4708 4709 4710 13601 13602 13603 4757 4758 4793 4794 4923 4924 4925 4926 5026 5459 5896 5897 5046 5047 5054 5055 5058 5059 5060 5132 5133 5134 5135 5136 5178 5179 5180 
ansi 2 5068 5069 
microstructure 3 5065 5066 5067 
characterization 2 5001 5002 
flow 4 4980 4981 5103 5104 
extendable 2 5089 5090 
production 12 4690 4691 4692 4693 4694 6311 6312 6313 4928 4929 5029 5030 
feedback 1 5078 
differential 4 5212 5213 5214 5215 
convergence 1 4979 
feature 12 4734 4735 4736 4737 4991 4992 5041 5042 5089 5090 5963 5964 
foundry 4 4840 4841 4842 4843 
structured 6 5154 5815 5966 5967 5968 5969 
integrate 6 4707 7236 7237 7238 7239 7240 
chaos 6 5222 5223 5224 5225 5226 5227 
landmarking 3 4995 4996 4997 
specificity 4 4740 4741 4742 4743 
cell 3 4959 4960 4961 
coordinating 1 4927 
structures 3 4833 4834 4835 
models 4 4734 4735 4736 4737 
teams 4 4826 6827 6828 6829 
e-catalogs 4 5075 5076 6104 6105 
cloud-based 10 7237 7239 10514 10515 10516 10517 4931 4932 4933 4934 
devices 6 4707 7236 7237 7238 7239 7240 
face 3 4995 4996 4997 
assurance 3 5964 6231 6232 
complex 5 4690 4691 4692 4693 4694 
welding 2 5079 5080 
mill-turn 2 5041 5042 
intergenerational 6 7237 7239 10514 10515 10516 10517 
coordination 6 4763 4764 4765 6311 6312 6313 
data 34 4690 4691 4692 4693 4694 4840 4841 4842 4843 4933 9692 4956 4957 4967 5068 5069 5107 5108 5126 5127 5128 6119 6120 6121 6122 5154 5155 5156 5157 5815 5966 5967 5968 5969 
applicability 2 4739 5555 
digital 4 4750 4751 5218 5219 
scenarios 2 5054 5055 
methodologies 5 5137 5138 5139 5140 5141 
performance-based 2 4836 4837 
self-organising 1 4860 
life 9 5127 6119 6120 6121 6122 5228 5229 5230 5231 
dynamics 3 5178 5179 5180 
cnc 5 4722 4723 4724 5054 5055 
electron 2 5001 5002 
assess 3 4904 4905 4906 
topology 1 4971 
customization 4 4725 4726 4727 4728 
multi-scale 4 4683 4684 4685 4686 
direct 2 5077 5078 
replicated 5 5132 5133 5134 5135 5136 
previous 2 5047 5586 
trust 5 5091 5092 5093 5094 5095 
matrix 4 4840 4841 4842 4843 
resource-based 3 4904 4905 4906 
cryogenic 2 5063 5064 
competencies 2 4993 4994 
learning 2 5001 5002 
interoperability 7 4945 5154 5815 5966 5967 5968 5969 
selection 11 4772 4773 4774 4775 4776 4777 4822 5228 5229 5230 5231 
top-down 3 4973 5324 5326 
adaptation 3 4893 4894 4895 
field 3 5197 5198 5199 
enterprises 3 4860 6232 6490 
assignment 8 4737 8213 8214 8215 8216 5119 5120 5121 
rfid 3 4697 4698 4699 
modeling 27 4690 4691 4692 4693 4694 4833 4834 4835 4847 4848 4849 4931 4932 4933 4934 4973 5324 5326 5154 5155 5156 5157 5815 5966 5967 5968 5969 
chart 4 4980 4981 5103 5104 
trail-aware 4 4813 4815 5031 5032 
annotations 2 4972 4973 
arbitrary 4 4787 4788 4789 4790 
grids 2 4933 9692 
complexes 3 6311 6312 6313 
alenia 4 4995 5522 5523 5524 
analysing 2 4909 4910 
e-maintenance 2 4800 4958 
inspection 1 4949 
ambient 2 7237 11205 
computer-aided 5 4973 5324 5325 5326 5327 
exploiting 3 5197 5198 5199 
care 3 5151 5152 5153 
networks 10 5033 5034 5035 5036 5073 5074 5075 5076 5234 5235 
shared 10 4707 7236 7237 7238 7239 7240 13275 13276 13277 13278 
alcatel 4 4995 5522 5523 5524 
control 24 4732 5803 4752 4753 4754 4755 4756 4757 4758 4837 6083 6384 6385 6311 4928 4929 4956 4957 4959 4960 4961 5063 5064 5078 
index 4 4840 4841 4842 4843 
uml-based 2 4732 4733 
condition 3 4800 6534 6535 
association 3 4823 4824 4825 
maintenance 4 4766 4800 6534 6535 
iot 2 4732 4733 
electric 3 4800 6534 6535 
spare 6 4772 4773 4774 4775 4776 4777 
xml 1 4739 
cost 8 5037 5038 5039 5040 5228 5229 5230 5231 
workflow 5 4757 4758 4861 4862 6100 
imaging 3 4899 4900 4901 
economic 3 5058 5059 5060 
reduce 5 4840 4841 4842 4843 4979 
modified 2 4982 4983 
pneumatic 3 4729 4730 4731 
recognizing 1 4771 
assets 2 4799 4800 
product-related 3 5126 5127 5128 
case-based 2 5047 5586 
stereo 2 5077 5078 
service-oriented 4 4837 6082 6083 6084 
case 8 4995 5522 5523 5524 5105 5106 5234 5235 
subsidiary 3 4973 5324 5326 
inbound 3 4888 4889 4890 
model 38 4697 4698 4699 4813 4814 4815 4816 4817 5031 5032 4826 4827 4828 4829 4862 6100 4888 4889 4890 4928 4929 4959 4960 4961 4972 4973 5063 5064 5079 5080 5126 12899 12120 12900 5191 5192 5218 5219 
weight 2 4980 4981 
estimation 6 4993 4994 5037 5038 5039 5040 
grading 4 4744 4745 4746 4747 
garment 3 4716 4717 4718 
era 2 5124 5125 
sup 10 4837 6083 6384 6385 6311 5091 5092 5093 5094 5095 
engineering 15 4732 5803 4956 4957 5058 5059 5060 6232 6490 5154 5155 5156 5157 5218 5219 
additive 3 4702 4703 4704 
pddra 2 4933 9692 
peer-to-peer 3 5151 5152 5153 
bi-directional 2 4836 4837 
indirect 6 4772 4773 4774 4775 4776 4777 
cad 10 4716 4717 4718 5054 5055 5132 5133 5134 5135 5136 
micro 3 4899 4900 4901 
facility 4 4902 4903 6156 6157 
federation 4 5126 12899 12120 12900 
performance 19 4678 4679 4680 4683 4684 4685 4686 4861 4862 4993 4994 4995 5522 5523 5524 5033 5034 5035 5036 
clairvoyance 6 4707 7236 7237 7238 7239 7240 
isa 2 5068 5069 
sketching 5 4973 5324 5325 5326 5327 
real-time 5 4949 5126 12899 12120 12900 
supply 7 4888 4889 4890 5052 5053 5234 5235 
cam 2 5054 5055 
machining 15 4683 4684 4685 4686 4702 4703 4704 4722 4723 4724 4822 5228 5229 5230 5231 
multiple 4 4678 4679 4680 4979 
tolerances 3 4847 4848 4849 
cai 2 5124 5125 
microelectronics 3 5197 5198 5199 
camera 4 4826 4827 4828 4829 
web-based 8 4808 4809 5216 5217 5228 5229 5230 5231 
deformation 3 4891 5174 5175 
defects 4 4840 4841 4842 4843 
exploit 2 4732 4733 
general 5 4690 4691 4692 4693 4694 
reference 9 7237 7238 7239 13275 13276 13277 13278 4956 4957 
recovery 2 4943 4944 
multi-site 3 4763 4764 4765 
tracking 4 5073 5074 5075 5076 
supporting 7 4695 4696 4924 5176 5177 4995 6345 
fragments 3 5018 5019 5020 
genetic 1 4979 
grain 3 5065 5066 5067 
smes 3 4904 4905 4906 
service 26 11205 11204 4719 4720 4721 4823 4824 4825 5026 5459 6232 6490 5137 5138 5139 5140 5141 5151 5152 5153 5222 5223 5224 5225 5226 5227 
microscopic 2 5001 5002 
increase 4 4837 6082 6083 6084 
coupled 4 4840 4841 4842 4843 
mismatch 6 7237 7239 10514 10515 10516 10517 
erp 7 4904 4905 4906 5068 5069 5105 5106 
skills 4 4931 4932 4933 4934 
personalized 3 5151 5152 5153 
automated 14 4722 4723 4724 4836 4837 4931 4932 4933 4934 5001 5002 5018 5019 5020 
surface 11 4722 4723 4724 4734 4735 4736 4737 5077 5078 5089 5090 
buffers 3 4678 4679 4680 
milling 2 5210 5211 
graph-based 2 5210 5211 
technical 2 4982 4983 
uml 7 4732 4733 4800 6534 6535 4928 4929 
hierarchical 4 5037 5038 5039 5040 
smme 2 5029 5030 
open 5 4800 6534 6535 5124 5125 
page 4 4708 13601 13602 13603 
gathering 1 4967 
weather 4 5166 5167 5168 5169 
deployment 2 5105 5106 
vehicles 5 4836 4837 4899 4900 4901 
agile 2 4928 4929 
industry 13 4712 4713 4714 4715 4719 4720 4721 4739 5555 4750 4751 5191 5192 
exchange 6 4826 6827 6828 6829 5218 5219 
tissues 3 4995 4996 4997 
platform 7 5026 5459 5058 5059 5060 5218 5219 
information 9 4847 4848 4849 5026 5459 5191 5192 5216 5217 
customizing 2 5174 5175 
form 1 4891 
art 5 5964 6231 6232 5124 5125 
interaction 3 5178 5179 5180 
logical 2 5172 5173 
plug 4 4759 4760 4761 4762 
planning 10 4750 4751 4928 4929 4979 5041 5042 5119 5120 5121 
organised 2 5218 5219 
trees 2 5172 5173 
warranty 2 4799 4800 
approaches 4 5166 5167 5168 5169 
mimd 1 8634 
ranking 6 5222 5223 5224 5225 5226 5227 
bpmn 3 4800 6534 6535 
hint-based 2 5210 5211 
port 3 4697 4698 4699 
collaboration 11 4695 4696 5026 5459 5151 5152 5153 5191 5192 5233 5972 
fragmentation 2 4862 6100 
fms 3 4959 4960 4961 
query 4 5075 5076 6104 6105 
assembly 10 4690 4691 4692 4693 4694 4759 4760 4761 4762 4979 
power-efficient 5 4737 8213 8214 8215 8216 
secure 2 4695 4696 
line 7 5200 5201 5202 5203 5204 5205 5206 
techniques 3 4833 4834 4835 
rest-based 2 5026 5459 
effective 7 4771 4823 4824 4825 5026 5896 5897 
private 6 5222 5223 5224 5225 5226 5227 
dual 6 5222 5223 5224 5225 5226 5227 
telecommunications 2 4739 5555 
ubiquitous 2 7237 11205 
catalogues 4 5154 5155 5156 5157 
cuda 4 4683 4684 4685 4686 
multidimensional 2 4861 4862 
logs 2 5172 5173 
delays 2 5172 5173 
computerised 1 4766 
automation 3 4732 5142 5143 
evaluated 4 4708 13601 13602 13603 
hcontology 4 5193 5194 5195 5196 
framework 27 4707 4708 4709 4710 7236 7237 7238 7239 7240 4799 4800 4823 4824 4825 4931 4932 4933 4934 4991 4992 5046 5047 5586 5089 5090 5210 5211 
self-care 3 5146 5147 5148 
process 40 4732 5803 4772 4773 4774 4775 4776 4777 4840 4841 4842 4843 4893 4894 4895 4973 5324 5325 5326 5327 4980 4981 5103 5104 4993 4994 5018 5019 5020 5041 5042 5054 5055 5142 5143 5172 5173 5178 5179 5180 
integrated 11 4823 4824 4825 4847 4848 4849 4973 5324 5326 5218 5219 
pre-fetching 2 4933 9692 
industrial 12 4732 4752 4753 4754 4755 4756 4799 4800 5077 5078 5105 5106 
chain 4 5052 5053 5234 5235 
databases 4 5154 5155 5156 5157 
platen 1 4971 
recommender 6 4772 4773 4774 4775 4776 4777 
dfm 3 4702 4703 4704 
cloud 10 5126 12899 12120 12900 5222 5223 5224 5225 5226 5227 
improving 6 5897 6268 6269 5058 5059 5060 
based 31 4697 4698 4699 4734 4735 4736 4737 4840 4841 4842 4843 4861 4862 4933 9692 4959 4960 4961 4991 4992 5026 5041 5042 5063 5064 5068 5069 5079 5080 5174 5175 
cyber-physical 4 4732 4733 5107 5108 
phone 2 5144 5145 
solutions 2 7237 11205 
infer 3 4893 4894 4895 
structural 2 4836 4837 
photometric 2 5077 5078 
on-line 4 5033 5034 5035 5036 
context-aware 12 4719 4720 4721 4813 4814 4815 4816 4817 4894 4895 6328 6329 
impact 5 4972 4973 5146 5147 5148 
sub-suppliers 2 5233 5972 
scheduling 6 5222 5223 5224 5225 5226 5227 
mass 4 4725 4726 4727 4728 
automotive 5 4750 4751 4823 4824 4825 
multi-view 4 4787 4788 4789 4790 
tools 6 4826 4827 4828 4829 4995 6345 
decom 5 4813 4814 4815 4816 4817 
power 11 4740 4741 4742 4743 5200 5201 5202 5203 5204 5205 5206 
survey 6 4716 4717 4718 4739 5107 5108 
transformer 3 4800 6534 6535 
reduction 4 5228 5229 5230 5231 
repair 3 4823 4824 4825 
business-to-business 2 4739 5555 
user-defined 4 4734 4735 4736 4737 
molding 2 5046 5047 
systems 21 4732 4733 4766 4800 6534 6535 4822 4837 6082 6083 6084 6384 6385 6311 5107 5108 5137 5138 5139 5140 5141 
situations 3 4893 4894 4895 
status 2 5107 5108 
discover 6 4840 4841 4842 4843 5172 5173 
enterprise 1 4945 
modelling 14 4800 6534 6535 5089 5090 5963 5964 5127 6119 6120 6121 6122 5232 5233 
producing 6 4772 4773 4774 4775 4776 4777 
rs-imsp 6 4772 4773 4774 4775 4776 4777 
cognitive 4 5166 5167 5168 5169 
formal 4 4894 4895 6328 6329 
environment 11 4707 4708 4709 4710 5026 5896 5897 5046 5047 5218 5219 
promote 5 4973 5324 5325 5326 5327 
moderator 4 4826 6827 6828 6829 
representation 11 4847 4848 4849 4894 4895 6328 6329 4980 4981 5103 5104 
images 5 5001 5002 5065 5066 5067 
policy 2 4836 4837 
management 37 4707 4708 4709 4710 4725 4726 4727 4728 4766 4799 4800 6534 6535 4813 4814 4815 4816 4817 4902 4903 6156 6157 4943 4944 4995 6345 5033 5034 5035 5036 12120 12117 8634 12118 12119 5234 5235 
media 6 7237 7239 10514 10515 10516 10517 
efficient 2 5233 5972 
modularization 2 4695 4696 
specific 4 4840 4841 4842 4843 
issue 2 4800 4958 
state 9 5073 5074 5075 5076 5964 6231 6232 5124 5125 
commercial-packages 3 4904 4905 4906 
evaluation 15 4683 4684 4685 4686 4995 5522 5523 5524 5137 5138 5139 5140 5141 5144 5145 
displays 6 4707 7236 7237 7238 7239 7240 
share 4 4931 4932 4933 4934 
parameter 8 4980 4981 5103 5104 5228 5229 5230 5231 
graph 2 11205 11204 
sharing 4 4826 6827 6828 6829 
order 4 4840 4841 4842 4843 
operators 1 4979 
meta-applications 5 12120 12117 8634 12118 12119 
stakeholder 2 5232 5233 
warehouses 6 5154 5815 5966 5967 5968 5969 
vision 3 5063 5064 5078 
evaluating 2 4909 4910 
strategy 8 4725 4726 4727 4728 4995 6345 5029 5030 
steel 1 5078 
soft 3 4995 4996 4997 
wide-area 1 5026 
technologies 4 4725 4726 4727 4728 
multi-agent 7 4763 4764 4765 5026 5119 5120 5121 
safety 3 5897 6268 6269 
state-of-the-art 5 5137 5138 5139 5140 5141 
applied 6 4772 4773 4774 4775 4776 4777 
industries 3 4973 5324 5326 
realization 6 4740 4741 4742 4743 4808 4809 
special 2 4800 4958 
benefits 6 4739 5555 4995 5522 5523 5524 
reconstruction 6 4826 4827 4828 4829 5077 5078 
user 8 4771 5091 5092 5093 5094 5095 5144 5145 
