<Keyword> <No of vertices> <vertex1> <vertex2> .... <vertexN> 
periods 1 434 
external 2 45 139 
multisite 4 8653 10082 10083 8941 
refining 4 18542 19565 19566 19567 
desktop 2 9697 11801 
parts 2 3946 3947 
advances 4 10902 7939 7982 6988 
managing 4 14476 14507 14508 14509 
alkali 2 2920 2922 
determinants 3 15608 15609 15610 
prototyping 9 4214 18378 18379 18380 18381 18382 18383 18384 18385 
performance-directed 1 9530 
lambda 9 11814 11815 7382 11816 11817 11818 11819 11820 11821 
time 2 7002 89 
semantics 3 677 18 678 
materials 1 2680 
event 4 8247 4214 11492 11493 
adaptable 5 14476 14507 14508 14509 18135 
generation 2 5852 6988 
design-while-engineering 3 5096 5098 5099 
right 2 6708 6709 
video 3 9697 11801 10395 
organisational 4 5836 5837 5838 5839 
oauth 1 2594 
partial 4 3946 3947 45 89 
evolution 4 15610 16003 16606 17380 
aggregation 3 10978 10979 10980 
initialization 2 18635 18636 
biological 1 18862 
multi 1 89 
sticker 5 165 201 446 139 159 
quality 3 11406 19834 19835 
steering 4 12565 8935 8653 8941 
components 1 7000 
big 2 7656 7657 
dynamic 14 12095 10908 8935 9879 9880 9881 8653 8941 3872 4183 1890 1885 645 19815 
knowledge 2 6008 6009 
communications 2 9050 7982 
net 2 8211 18 
training 1 8211 
prohpc 7 8761 8762 8763 8764 8765 8766 8767 
experiments 1 7188 
synthesizing 1 12012 
re-encryption 3 7929 10344 10347 
canonical 1 18 
journeys 1 18 
classes 1 45 
wavelet-time 1 7031 
markets 1 15610 
interconnects 1 3546 
dissemination 1 7734 
connectivity 2 757 758 
increasing 1 3546 
electronic 1 7188 
register 1 89 
transatlantic 6 12177 12178 12179 11492 11493 12180 
new 11 9393 9396 9397 12369 5852 5853 89 18 434 9166 9167 
red 8 2679 2680 2681 2682 2919 2920 2921 2922 
subgraphs 1 17780 
testing 1 1071 
analyses 3 8935 8653 8941 
public 3 8935 8653 8941 
libraries 1 7382 
resources 10 6968 6969 11406 12012 12013 12014 12015 12016 12017 12018 
gridway 3 12146 12148 12149 
computational 6 12565 11378 11380 12551 12552 7188 
designing 7 12787 10274 12788 10278 8935 8653 8941 
process-view 3 4768 4769 4770 
consumption 3 12527 12528 3595 
tool 3 5852 5853 5404 
distributed 37 8211 3546 8442 8443 8444 8445 8446 8447 10824 10825 17555 17556 17557 8137 8138 8140 8141 12146 12148 12149 10978 10979 10980 8293 8294 8296 13208 5852 10426 5853 19166 19167 11195 11620 11621 11622 7188 
firms 3 15608 15609 15610 
architecture 1 7188 
policies 2 12095 10908 
sized 1 3872 
software 5 9750 9751 9752 7703 7704 
medical 1 8828 
terminal 1 73 
basic 1 45 
component 1 18166 
composition 2 6989 89 
processing 2 8828 18135 
motion 2 3130 3131 
facilitating 1 16606 
embedding 3 13545 45 434 
processes 2 89 18 
fibers 1 165 
automatic 2 7703 7704 
instinct-based 2 19067 19068 
hardware-assisted 1 8247 
display 4 9697 11801 13615 2680 
pcp 1 434 
untraceability 1 10908 
code 2 7171 7173 
cofids 3 17761 19256 19257 
node 2 7656 7657 
factors 4 3872 5640 5641 5642 
items 2 17759 17761 
linking 1 16606 
active 1 139 
orders 2 45 434 
fast 7 3946 3947 7939 8166 8167 8168 8169 
sparse 1 13535 
heterogeneous 4 12369 6968 6969 6989 
update 1 13208 
set-based 4 18542 19565 19566 19567 
evidence 3 6008 6009 15610 
scientists 15 6989 11420 11421 6988 11422 11423 11424 11425 11426 11427 11428 11429 11430 11431 11432 
landscape 2 45 139 
analysis 24 3546 8442 8443 8444 8445 8446 8447 10824 10825 8247 8828 11492 11493 13208 11180 9532 9530 10593 8871 8872 8873 6989 8868 8870 
simulation 8 8442 8443 8444 8445 8446 8447 3754 3755 
life-cycle 2 10274 10278 
business 5 3872 5431 757 758 16606 
workforce-efficient 1 11363 
possible 1 201 
sequential 6 7706 7707 19166 19167 434 676 
wireless 14 14476 14507 14508 14509 8293 8294 8296 8166 8167 8168 8169 12527 12528 3595 
membrane 3 139 1674 820 
fuzzy 2 11378 11380 
pilot 3 12146 12148 12149 
rational 1 676 
universal 1 820 
homomorphisms 4 45 200 201 202 
nonscientific 1 9050 
stereoscopic 2 3130 3131 
sites 1 10395 
generative 3 201 73 676 
updates 2 19166 19167 
estimates 4 17808 19968 19969 19970 
layer 3 2592 2593 2594 
injection 3 2592 2593 2594 
laboratory 6 10279 10280 10281 10282 10283 10284 
semantic 9 12012 12013 12014 12015 12016 12017 12018 6989 9442 
codings 3 200 201 202 
source 3 15608 15609 15610 
relations 2 73 676 
cellml-based 5 11109 11110 11111 11112 11113 
approaching 5 11109 11110 11111 11112 11113 
mating 2 19067 19068 
graphs 4 6989 6988 165 89 
generalized 1 89 
jobs 5 12146 12148 12149 11378 11380 
pre-cache 3 13458 13459 13460 
filtering 6 17761 19256 19257 9633 9634 9635 
neural 1 8211 
substitution 2 16606 89 
layered 2 9695 9696 
sensor 14 14476 14507 14508 14509 8293 8294 8296 8166 8167 8168 8169 12527 12528 3595 
languages 9 45 165 208 89 91 1094 446 139 676 
improved 4 8293 8294 8296 645 
replication 7 9393 9396 9397 13208 6977 6979 89 
social 5 7002 6989 7114 13165 13166 
mechanical 3 5096 5098 5099 
capability 1 15610 
transfer 8 8247 8761 8762 8763 8764 8765 8766 8767 
support 6 5836 5837 5838 5839 7000 3595 
secured 1 8828 
adaptive 3 6977 6979 9530 
privacy 4 8137 8138 8140 8141 
recommendation 3 9633 9634 9635 
health 1 10908 
overhang-free 1 446 
catenative 1 753 
scaling 1 3595 
verification 2 757 758 
auto 2 9166 9167 
branch 3 9393 9396 9397 
multi-label 1 17968 
ctdnet 1 10278 
virtual 21 9050 9073 9074 9075 9076 13578 6969 12582 12583 11974 11976 11977 11978 5852 10426 5853 8941 7656 7657 6989 7114 
pebble 1 89 
contextual 2 45 139 
binary 3 7171 7173 645 
repositories 3 5431 757 758 
tropical 2 10824 10825 
developmental 1 753 
proof 1 434 
co-clusterd 2 19166 19167 
tods 2 10772 10773 
road 3 19991 19992 19993 
decision 11 5836 5837 5838 5839 19834 19835 18542 19565 19566 19567 17605 
autopilot 1 9530 
anonymous 2 12095 10908 
ksr 1 12227 
carts 2 17759 17761 
distance 1 7939 
application-based 1 7939 
mobility 4 9750 9751 9752 3595 
probabilistic 3 17941 17942 18542 
trading 1 139 
hole 3 2592 2593 2594 
defining 1 45 
restart 2 18635 18636 
editorial 2 10902 7939 
green 3 2592 2593 2594 
trajectories 3 19991 19992 19993 
loosely 1 18862 
frequent 1 17780 
enhancement 8 12889 12890 12891 12892 2919 2920 2921 2922 
giga-pixel 2 9695 9696 
authoring 2 5852 5853 
preserving 1 13545 
labwo 1 2680 
improvement 5 8242 8243 8244 8245 8247 
method 12 11392 11393 11394 12369 9695 9696 12551 12552 18542 19565 19566 19567 
matchmaking 3 10978 10979 10980 
warning 2 6046 6047 
gwpilot 3 12146 12148 12149 
deformable 2 3946 3947 
manufacturing 4 3872 16003 16606 17380 
scalability 3 5852 10426 5853 
disk 3 9397 12387 3546 
ecosystem 1 16606 
coarsening 4 18542 19565 19566 19567 
synthetic 1 5852 
proposition 1 89 
algebraic 2 7575 159 
iteration 6 8935 9879 9880 9881 8653 89 
disc 3 18302 6708 6709 
foundations 2 757 758 
on-demand 6 8442 8443 8444 8445 8446 8447 
surveillance 4 8137 8138 8140 8141 
family 1 1094 
primary 1 498 
experiment 2 6989 7114 
action 3 5431 757 758 
self-scheduling 4 12478 12479 12480 12481 
applications 18 9396 9733 11649 12923 12924 12925 9050 7382 13284 7706 7707 8828 11974 11976 11977 11978 10593 2680 
edpepps 2 10274 10278 
medicine 1 13284 
concatenation 1 89 
motifs 2 18862 6989 
congruence 1 89 
axioms 1 89 
depth 2 5852 5853 
clusters 5 8242 8243 8244 8245 8247 
e-tourism 4 16247 16426 16248 7031 
hybrid 5 9633 9634 9635 5853 820 
scrambling 2 13545 13616 
scale 3 9393 9396 9397 
membranes 1 139 
collaborations 1 16003 
security 9 11406 12889 12890 12891 12892 7928 7929 7575 10466 
high-energy 3 8247 11492 11493 
afterglow 4 2919 2920 2921 2922 
path 10 11814 11815 7382 11816 11817 11818 11819 11820 11821 7002 
grid 44 9835 9836 9837 9050 11814 11815 7382 11816 11817 11818 11819 11820 11821 7447 7448 7449 7451 12787 10274 12788 10278 11358 8828 10279 10280 10281 10282 10283 10284 9750 9751 9752 12012 12013 12014 12015 12016 12017 12018 11195 11620 11621 11622 9442 
workloads 1 3546 
coordinates 2 7656 7657 
innovation 6 15608 15609 15610 16003 16606 17380 
privacy-aware 2 1890 1885 
pattern-matching 3 19991 19992 19993 
fault-tolerance 1 498 
customisation 2 3872 4183 
geospatial 6 10279 10280 10281 10282 10283 10284 
problem 5 7002 45 18 9166 9167 
generating 1 13542 
pervasive 6 9750 9751 9752 17806 17807 17808 
suffix 1 645 
entreeings 1 73 
database 12 7000 7002 7715 19916 18378 18379 18380 18381 18382 18383 18384 18385 
optimizing 1 8941 
grammar 2 73 139 
balanced 1 201 
implementation 7 6008 6009 7000 7002 7715 12160 8828 
redundancy-based 4 12889 12890 12891 12892 
identification 3 13545 13616 7031 
preemptive 4 12478 12479 12480 12481 
scientific 9 10067 10593 8935 8653 10082 10083 8941 6989 16003 
workspaces 4 9695 9696 9697 9698 
step 3 677 18 678 
energy 5 12527 12528 3595 9166 9167 
electroluminescent 3 2592 2593 2594 
cope 4 11974 11976 11977 11978 
flow 1 12160 
iterated 1 89 
production 1 3872 
right-boundary 2 45 165 
fluid 1 18166 
hypergraph 1 89 
concurrent 1 45 
two-way 1 89 
phylogenetic 3 8935 8653 8941 
wam-based 1 7000 
boolean 3 677 18 678 
rigorous 2 7171 7173 
structured 5 4811 4812 18862 7171 7173 
non-deterministic 2 11180 12819 
structures 2 45 18 
models 6 6708 6709 6989 3872 4183 498 
teams 1 139 
cawo 4 2919 2920 2921 2922 
stred 1 11406 
anonymity 2 10908 19766 
itnc 1 676 
devices 1 200 
low 2 9697 11801 
identity-based 2 7730 9164 
complex 1 2488 
archives 1 13578 
coordination 9 11814 11815 7382 11816 11817 11818 11819 11820 11821 
use 5 9396 9733 11649 45 165 
user-level 2 7703 7704 
luminescent 3 2680 2920 2922 
influential 2 13165 13166 
pmi 4 17808 19968 19969 19970 
designed 2 10772 10773 
syntactic 1 446 
proxy 3 7929 10344 10347 
ciliates 1 165 
pfrf 2 6977 6979 
vivo 1 446 
collections 1 13615 
site 1 498 
seer 1 3546 
light-emitting 9 2487 2488 2679 2680 2681 2682 2592 2593 2594 
learning 2 13284 10767 
stochastic 2 18635 18636 
medium 1 3872 
cglxtouch 4 9695 9696 9697 9698 
voauth 1 2594 
multiway 1 73 
subset-sum 1 201 
elementary 2 200 976 
pss 3 2592 2593 2594 
grids 19 9393 9396 9397 9732 9733 7706 7707 11406 6977 6979 6989 7734 7736 11378 11380 12551 12552 45 434 
turbine 3 16003 16606 17380 
computer-aided 3 5096 5098 5099 
science 5 11109 11110 11111 11112 11113 
architectures 1 8211 
values 4 18542 19565 19566 19567 
practical 1 9050 
challenge-response-based 2 13545 13616 
vitro 1 446 
metal 2 2920 2922 
eol 3 200 201 73 
definiteness 1 1349 
automating 1 7188 
replica 3 9835 9836 9837 
china 4 15610 16003 16606 17380 
control 12 12160 14476 14507 14508 14509 9530 6988 9442 6046 6047 200 676 
morphisms 2 139 159 
scheduler 12 9397 12387 3546 11814 11815 7382 11816 11817 11818 11819 11820 11821 
prudent 1 17968 
explanation 2 18635 18636 
preference-based 2 13165 13166 
preliminary 1 12227 
evolving 1 12565 
dbms 3 18302 6708 6709 
prolog 3 7000 7002 7715 
medigrid 1 8828 
case 5 18086 8868 8870 9166 9167 
tele-immersive 4 9073 9074 9075 9076 
early 2 6046 6047 
car 5 13473 13474 13475 13476 13477 
forwarding 3 3595 7734 12812 
animations 1 13542 
multi-level 6 11392 11393 11394 12146 12148 12149 
estimation 5 13473 13474 13475 13476 13477 
lambdaram 2 10824 10825 
large-scale 12 4338 4214 7706 7707 11180 9532 9530 10593 12819 8868 8870 645 
peer-to-peer 5 5852 10426 5853 7734 7736 
adaption 1 7188 
completeness 1 1616 
sampling 4 12787 10274 12788 10278 
performance 27 8242 8243 8244 8245 8247 4811 4812 13458 13459 13460 5852 10426 5853 11180 9532 9530 10593 11312 11313 12819 8935 8653 8941 2592 2593 2594 7188 
node-label 1 208 
multiple 8 10395 8242 8243 8244 8245 8247 7706 7707 
on-disk 1 645 
sounds 1 7031 
chip 3 18302 6708 6709 
regular 1 676 
counter 1 165 
circularity 1 1071 
community 6 10279 10280 10281 10282 10283 10284 
extended 1 89 
general 3 18862 11358 8828 
reference 2 3872 4183 
effect 5 2920 2922 2592 2593 2594 
coverage 3 8293 8294 8296 
regional 1 16003 
genetic 2 19067 19068 
ordered 1 12160 
authentication 6 12095 10908 8166 8167 8168 8169 
trajectory 5 13473 13474 13475 13476 13477 
infrastructures 3 12146 12148 12149 
core 1 6988 
implementing 4 3872 5640 5641 5642 
gridftp 1 8247 
high 6 12582 12583 13458 13459 13460 89 
wear 1 5404 
erp 2 6008 6009 
competition 2 3754 3755 
clause 1 7715 
automated 4 17761 19256 19257 7188 
typechecking 1 89 
phylogenomic 3 8935 8653 8941 
inhibitors 3 139 1674 820 
mechanism 3 9633 9634 9635 
milling 1 5404 
extensions 1 434 
control-theoretic 2 18571 18572 
hierarchical 5 9397 12387 3546 7171 7173 
simulating 1 165 
tree 6 11392 11393 11394 7171 7173 89 
augmenting 4 17808 19968 19969 19970 
expressiveness 1 201 
industry 5 16003 16606 17380 3754 3755 
topic 4 17785 17786 17787 17788 
strategies 6 17555 17556 17557 8935 8653 8941 
platform 12 12923 12924 12925 9050 12582 12583 10772 10773 11620 11621 11622 16606 
anthracene 2 2487 2488 
o-intensive 1 3546 
infiniband 3 11180 11312 11313 
matchtree 3 10978 10979 10980 
visual 7 14476 14477 14478 7656 7657 3130 3131 
probable 2 18635 18636 
tree-systems 2 139 159 
planning 1 3872 
star-topology 2 6977 6979 
push-down 2 45 165 
closure 1 1094 
approaches 2 18571 18572 
monoid 1 446 
stream 1 3546 
range 1 165 
outliers 3 17555 17556 17557 
physics 3 8247 11492 11493 
complexity 3 6968 6969 89 
secure 16 8247 8137 8138 8140 8141 7928 7929 10908 10344 10347 18302 6708 6709 13545 13616 7734 
emergent 3 9835 9836 9837 
techniques 1 3546 
retrieval 3 4811 4812 19916 
computers 2 3754 3755 
excellence 1 3872 
words 1 434 
transport 2 11180 12819 
nonuniform 4 12787 10274 12788 10278 
capacity 5 3546 7734 7736 201 73 
biocollections 1 11363 
stimulating 1 3872 
accelerating 2 10824 10825 
top-k 5 18769 18770 18771 13165 13166 
uncertain 2 18862 18542 
post 1 201 
switched 1 3546 
cache 7 10824 10825 12889 12890 12891 12892 13535 
meshes 1 5852 
scalar 1 12565 
friendly 1 8828 
promoters 3 139 1674 820 
undecidability 1 434 
ens 7 8761 8762 8763 8764 8765 8766 8767 
framework 12 6008 6009 11406 19166 19167 10593 3872 6046 6047 5640 5641 5642 
bottom-up 1 89 
notions 1 45 
periodic 4 12787 10274 12788 10278 
process 6 4768 4769 4770 5431 757 758 
degree 2 89 91 
discrete 2 4214 18 
chain 6 3872 6046 6047 5640 5641 5642 
databases 4 7000 7002 645 19815 
improving 4 17808 19968 19969 19970 
cfd 1 12227 
swift 1 8653 
discomfort 2 3130 3131 
transaction 1 18135 
structural 1 89 
remote 3 7575 10466 5853 
nlc 1 1094 
sentential 1 201 
concerns 2 6708 6709 
scheduling 26 11392 11393 11394 12369 8242 8243 8244 8245 8247 6968 6969 7706 7707 11358 8828 12146 12148 12149 12582 12583 8653 10082 10083 8941 11378 11380 
mass 2 3872 4183 
co-doping 2 2920 2922 
model-based 9 8242 8243 8244 8245 8247 16247 16426 16248 7031 
survey 4 4214 8935 8653 8941 
algorithms 7 9835 9836 9837 8828 19067 19068 73 
ultraviolet 4 2679 2680 2681 2682 
recursion 1 18 
high-latency 3 8247 11492 11493 
decision-making 1 4214 
format 1 13535 
gridice 4 7447 7448 7449 7451 
formal 1 89 
phishing 1 2594 
representation 3 45 18 159 
floating 5 13473 13474 13475 13476 13477 
alignment 1 12012 
acton-based 1 6989 
laziness 1 10278 
phosphor 6 2679 2680 2681 2682 2920 2922 
issue 4 4214 10902 7939 3872 
state 1 45 
attribute 8 1071 10767 18542 19565 19566 19567 89 91 
solution 2 18086 2594 
bandwidth 4 9697 11801 12582 12583 
evaluation 11 7939 2680 8935 8653 8941 17941 17942 16247 16426 16248 7031 
sharing 8 7929 10908 10344 10347 6989 7114 1890 1885 
traded 7 12012 12013 12014 12015 12016 12017 12018 
finding 1 18542 
toolkit 3 11620 11621 11622 
computations 1 12227 
bubba 8 18378 18379 18380 18381 18382 18383 18384 18385 
nonlogical 1 7000 
check 1 7575 
abnormal 1 7031 
vision 1 5404 
discriminant 3 8871 8872 8873 
stratified 1 73 
chains 2 16247 16248 
potential 1 2680 
signatures 1 7575 
context-free 7 45 201 208 89 91 73 1154 
signcryption 2 10908 9164 
addition 4 2919 2920 2921 2922 
searches 3 14476 14477 14478 
decidable 1 1616 
wide-area 5 10824 10825 10978 10979 10980 
maps 2 5852 5853 
special 8 4214 10902 7939 11180 9532 9530 10593 3872 
round-trip 2 6989 6988 
group 5 14476 14507 14508 14509 820 
user 2 8828 10908 
merged 1 18 
formula 1 753 
storage 15 11406 7730 7928 7929 7575 10466 10772 10773 18152 18153 18154 18156 18157 89 13535 
auction 2 12551 12552 
predicting 4 17759 17761 12582 12583 
reliable 5 12582 12583 3595 7734 12812 
vacuum-deposited 1 2488 
using 24 10824 10825 8242 8243 8244 8245 8247 8828 11492 11493 7575 5852 5853 12012 7031 7703 7704 11378 11380 7188 18 17605 645 13535 
self-adaptive 2 12095 10908 
workflows 11 8935 9879 9880 9881 8653 10082 10083 8941 6989 7114 6988 
covering 1 73 
gb 3 8247 11492 11493 
oblivious 1 13535 
term-generating 1 89 
missing 2 17759 17761 
free 2 3754 3755 
high-resolution 1 13615 
cyclone 2 10824 10825 
search 4 18635 18636 73 645 
features 5 10278 14476 14477 14478 7031 
nondeterministic 3 200 201 202 
monitoring 4 7447 7448 7449 7451 
patterns 4 5431 757 758 17605 
engine 1 10067 
petri 2 89 18 
ciphertext-policy 4 7929 10908 10344 10347 
universality 4 201 446 139 159 
image 7 13615 8828 14476 14477 14478 13545 13616 
optimization 10 11974 11976 11977 11978 8868 8870 11378 11380 7188 89 
companies 1 3872 
number 1 820 
sleep 1 8828 
tiled 5 9695 9696 9697 11801 13615 
lyon 7 8761 8762 8763 8764 8765 8766 8767 
provenance 3 8653 6989 6988 
scenario 3 9396 9733 11649 
automata 3 45 165 201 
view 2 6988 16606 
mechanisms 4 7000 7928 7929 3595 
discovery 5 10978 10979 10980 7734 7736 
review 2 4811 4812 
r-tree 5 18152 18153 18154 18156 18157 
low-time 2 6968 6969 
imagery 2 9695 9696 
pedot 3 2592 2593 2594 
optimum 1 73 
dy 1 2680 
wam-plus 2 7000 7002 
adaptively 3 8871 8872 8873 
theoretic 3 7706 7707 1094 
uniformization 1 159 
execution 1 7382 
gridvideo 1 9050 
current 3 11180 11312 11313 
logistics 1 4214 
checking 2 7575 10466 
clustering 7 14476 14477 14478 8293 8294 8296 7734 
clouds 14 12923 12924 12925 9050 8242 8243 8244 8245 8247 8935 8653 10082 10083 8941 
streaming 3 9697 11801 10395 
multi-objective 7 11392 11393 11394 8653 10082 10083 8941 
eu 8 2679 2680 2681 2682 2919 2920 2921 2922 
linear 7 8871 8872 8873 45 89 434 139 
prescribed 1 139 
virtualization 2 7703 7704 
constrained 4 7002 6968 6969 5852 
web 15 11109 11110 11111 11112 11113 18166 10279 10280 10281 10282 10283 10284 4768 4769 4770 
unfoldability 1 1349 
attribute-based 4 7929 10908 10344 10347 
server-centric 5 18152 18153 18154 18156 18157 
possession 2 7575 10466 
linkable 1 19766 
construct 1 17605 
grid-enabled 3 8247 11492 11493 
categorization 1 18086 
methods 2 8211 12012 
communicating 1 139 
versus 2 45 676 
normal 1 7031 
aware 3 9750 9751 9752 
long 1 7939 
boundary 1 1094 
one-visit 1 89 
hairpin-free 1 446 
transparency 1 1349 
ultra-high-resolution 4 9695 9696 9697 9698 
bo 2 2920 2922 
phenomena 1 12565 
bayesian 5 18635 18636 3595 7734 12812 
future 1 13578 
enactment 1 6988 
rewriting 2 45 73 
net-based 1 676 
staging 1 7382 
classifiers 2 19067 19068 
enhancing 2 18571 18572 
dimensional 2 3946 3947 
engines 1 6988 
environments 18 9050 9697 11801 12478 12479 12480 12481 6969 9750 9751 9752 5852 10426 5853 11195 17806 17807 17808 
eager 1 10278 
burst 4 11974 11976 11977 11978 
vault 4 8137 8138 8140 8141 
ontology 1 12012 
agent 3 11620 11621 11622 
measurement 1 5404 
mergesort 1 645 
near 4 2679 2680 2681 2682 
pushdown 1 89 
maximum 1 13545 
similarity 4 17808 19968 19969 19970 
educational 5 9073 9074 9075 9076 13284 
queries 9 17941 17942 18769 18770 18771 19991 19992 19993 1885 
example 1 9050 
internet 4 4338 4214 3754 3755 
amp 1 15610 
provisioning 1 9050 
mobile 12 12923 12924 12925 9050 10902 7939 10908 12527 12528 3595 7734 12812 
set 1 45 
datasets 2 7656 7657 
ict 2 3872 4183 
consensus 2 11363 1885 
polarizations 1 139 
china-europe 1 16003 
analytic 1 498 
apex 2 89 91 
multiplication 1 13535 
integration 3 16247 16248 3872 
cray 3 11180 11312 11313 
grammars 11 1071 45 165 201 208 89 91 73 1154 139 676 
terrain 2 5852 5853 
parallel 27 8211 9396 9732 9733 11649 12478 12479 12480 12481 10274 10278 8935 8653 8941 18378 18379 18380 18381 18382 18383 18384 18385 7656 7657 8868 8870 139 
subclassifiers 1 18086 
correspondence 1 201 
pruned 1 17968 
audio 2 10834 10835 
communication 1 7382 
sdr 2 4811 4812 
prediction 8 13473 13474 13475 13476 13477 10593 8868 8870 
ar 2 5852 5853 
game 5 7706 7707 3595 7734 12812 
readiness 2 3872 4183 
memory 2 45 165 
realisation 2 6989 7114 
urban 5 13473 13474 13475 13476 13477 
ultra-fast 2 10824 10825 
cooperative 2 7706 7707 
approach 19 9396 9733 11649 9695 9696 9697 9698 7706 7707 17761 17968 19256 19257 4768 4769 4770 7656 7657 498 
numerical 3 8868 8870 139 
spatially 1 18542 
arrays 1 645 
dst-based 1 18086 
multi-user 4 9695 9696 9697 9698 
ninf 1 7382 
entropy 1 7031 
nn 2 19067 19068 
implementations 1 7382 
operation 2 7000 7002 
visualization 3 13615 5853 12565 
macro 1 89 
lifecycle 1 16606 
concurrency 1 18 
federated 2 9050 8941 
synthesis 1 2680 
programs 1 89 
ring 1 19766 
structure 10 12889 12890 12891 12892 2679 2680 2681 2682 2920 2922 
services 12 4768 4769 4770 10772 10773 12012 12013 12014 12015 12016 12017 12018 
gene 3 11180 11312 11313 
heart 1 7031 
data-centric 5 8935 9879 9880 9881 8653 
flexible 3 10978 10979 10980 
bluish-green 1 2488 
collaboratory 1 12565 
enabling 3 12146 12148 12149 
compiler-based 1 7715 
traffic 9 11974 11976 11977 11978 13473 13474 13475 13476 13477 
bounded 2 89 91 
spreading 1 7002 
confident 1 17968 
pm 1 7382 
records 1 10908 
simplified 1 8828 
novel 11 9396 9733 11649 13458 13459 13460 2487 2488 13545 7656 7657 
different 3 200 201 202 
astronomical 1 13578 
satellite 1 9050 
experiences 3 8247 11492 11493 
development 8 10274 10278 4768 4769 4770 11620 11621 11622 
high-available 1 6969 
influence 3 7002 3130 3131 
iii-an 1 10278 
protect 1 2594 
fairness 2 6708 6709 
stepwise 2 757 758 
algorithm 18 17780 9750 9751 9752 8293 8294 8296 6977 6979 12012 16247 16426 16248 7031 7171 7173 11378 11380 
doped 1 2680 
biometric 3 9164 13545 13616 
condensed 1 18 
mg 4 2679 2680 2681 2682 
solution-processed 1 2488 
mm 1 4214 
spatial 1 1885 
schemes 1 5853 
organisation 1 16606 
sequences 8 12787 10274 12788 10278 17785 17786 17787 17788 
carbazole 2 2487 2488 
machines 3 13542 12582 12583 
extension 2 16606 13535 
product 10 4768 4769 4770 5096 5098 5099 16247 16426 16248 7031 
quadtree 1 13535 
walls 1 13615 
energy-efficient 4 6969 8293 8294 8296 
vrml 1 13284 
nodes 4 3595 13165 13166 820 
classification 1 17968 
rule-based 1 12565 
nonterminals 4 45 200 201 202 
design 9 7382 8137 8138 8140 8141 19916 7939 6989 7114 
load-aware 2 7734 7736 
technology 15 4811 4812 4338 4214 8761 8762 8763 8764 8765 8766 8767 5096 5098 5099 16606 
selective 1 73 
location 3 9835 9836 9837 
recognition 4 8871 8872 8873 13545 
reliability 2 9532 9530 
study 10 8211 7000 18086 8935 8653 8941 8868 8870 9166 9167 
computing 27 9396 9733 11649 10834 10835 7382 12787 10274 12788 10278 6969 10067 10902 7939 7982 7730 10908 18635 18636 11195 17806 17807 17808 201 446 139 159 
e-vlbi 1 7939 
overlapped 1 7382 
procedures 2 5852 5853 
chinese 3 15608 15609 15610 
variations 3 200 201 202 
partitioning 3 9750 9751 9752 
level 1 89 
results 4 14476 14477 14478 12227 
cloud-computing 2 7703 7704 
train 1 18 
sets 4 17555 17556 17557 18542 
transducers 2 89 820 
biology 1 13284 
competence 2 6008 6009 
live 1 10395 
combining 2 12160 18086 
high-fidelity 1 4214 
challenges 9 11109 11110 11111 11112 11113 4214 9532 9530 3872 
colocations 1 18542 
controlled 1 208 
workflow-based 1 8828 
machine 3 9050 8941 5404 
comparison 4 11180 11312 11313 89 
retelab 6 10279 10280 10281 10282 10283 10284 
li 4 2679 2680 2681 2682 
telehealth 2 12582 12583 
emerging 3 15610 16003 17605 
branching 1 89 
issues 3 11620 11621 11622 
decompositions 1 45 
post-production 2 10834 10835 
mining 16 3546 17555 17556 17557 18862 11195 11620 11621 11622 17785 17786 17787 17788 13165 13166 7188 
cutter 1 5404 
illustrated 1 89 
volunteer 3 9396 9733 11649 
theory 5 19834 19835 10767 7188 18 
estimating 2 18571 18572 
improve 5 4811 4812 8935 8653 8941 
enhanced 3 13284 7575 10466 
prefixes 1 18 
network 9 11392 11393 11394 8247 11492 11493 16003 16606 17380 
warehousing 2 4338 4214 
gmpls 9 11814 11815 7382 11816 11817 11818 11819 11820 11821 
scalable 13 14476 14507 14508 14509 10978 10979 10980 10772 10773 6988 18769 18770 18771 
swarm 2 11378 11380 
tuning 4 19067 19068 9166 9167 
crowdsensing 4 12923 12924 12925 9050 
healthcare 1 3595 
abstract 1 13542 
playground 3 6989 6988 11428 
application 12 9050 8247 4338 4214 7002 12787 10274 12788 10278 11492 11493 16606 
etol 1 45 
synchronization 1 139 
ii 4 45 200 201 202 
resource 12 9750 9751 9752 10978 10979 10980 11974 11976 11977 11978 12551 12552 
transition 2 200 976 
rapid 1 4214 
oms-wpd 1 7031 
section 4 11180 9532 9530 10593 
blue 5 2487 2488 11180 11312 11313 
ol-systems 3 200 201 202 
hidden 6 12582 12583 16247 16426 16248 7031 
transductions 1 159 
local 2 18635 18636 
smart 1 3546 
intelligent 1 7382 
lyonsite 4 2679 2680 2681 2682 
refinement 2 200 976 
collaborative 26 8442 8443 8444 8445 8446 8447 10834 10835 9695 9696 9697 9698 11801 17761 19256 19257 4768 4769 4770 9633 9634 9635 16003 16606 17380 1885 
datatag 6 12177 12178 12179 11492 11493 12180 
visualizing 4 9695 9696 13542 12565 
characterization 2 45 208 
optimal 4 12787 10274 12788 10278 
ions 2 2920 2922 
sub-directional 3 8871 8872 8873 
schema 3 13458 13459 13460 
competitions 2 3754 3755 
providers 2 3754 3755 
scheme 13 9393 9396 9397 14476 14507 14508 14509 9164 18152 18153 18154 18156 18157 
builtins 2 7000 7002 
maximization 1 7002 
co-clustering 2 19166 19167 
asynchronous 4 17785 17786 17787 17788 
genomics 3 8935 8653 8941 
opportunities 1 3872 
signature 1 19766 
xe 3 11180 11312 11313 
multi-touch 4 9695 9696 9697 9698 
multinational 1 15610 
constraints 3 9750 9751 9752 
wo 4 2679 2680 2681 2682 
moo 7 2919 2920 2921 2922 2592 2593 2594 
neighborhood 1 13545 
high-performance 2 3546 7382 
stacks 1 89 
hpc 6 11180 11312 11313 8935 8653 8941 
content 2 3754 3755 
oceanographic 6 10279 10280 10281 10282 10283 10284 
metric 1 18862 
load 3 11392 11393 11394 
invariants 1 18 
vlsi 1 201 
reduced-space 1 645 
trends 1 3872 
face 4 8871 8872 8873 13545 
common 1 6989 
choice 3 15608 15609 15610 
data 62 9393 9396 9397 3546 9835 9836 9837 10824 10825 8247 7382 17555 17556 17557 18862 11406 7730 7929 10344 10347 7575 10466 13473 13474 13475 13476 13477 19166 19167 6977 6979 17941 17942 6989 11420 11421 6988 11422 11423 11424 11425 11426 11427 11428 11429 11430 11431 11432 18571 18572 3595 11195 11620 11621 11622 7734 12812 17806 17807 17808 7188 18542 
vs 3 2592 2593 2594 
digital 2 6708 6709 
loops 4 12478 12479 12480 12481 
fabs 1 4214 
critical 4 3872 5640 5641 5642 
document 4 4811 4812 645 19815 
personal 3 10908 13545 13616 
dna 4 201 446 139 159 
belief-theoretic 3 17761 19256 19257 
multi-criteria 2 11358 8828 
uk 2 6008 6009 
g-lambda 9 11814 11815 7382 11816 11817 11818 11819 11820 11821 
multi-installment 1 12369 
selection 5 9835 9836 9837 7734 7736 
ttn 7 8761 8762 8763 8764 8765 8766 8767 
combined 3 4768 4769 4770 
top-down 4 5096 5098 5099 73 
cantor-bernstein 1 89 
enterprises 1 3872 
lung 1 3546 
pattern 2 676 645 
modeling 13 11109 11110 11111 11112 11113 4214 11180 9532 9530 10593 5096 5098 5099 
string 1 208 
robustness 1 498 
annotations 3 14476 14477 14478 
infrastructure 3 18166 7382 8828 
cancer 1 3546 
recording 2 45 165 
apptcp 1 7939 
simplest 1 201 
congestion 5 13473 13474 13475 13476 13477 
nano-science 1 16003 
inspection 2 3946 3947 
finite 1 820 
corporations 1 15610 
benchmarking 5 4338 4214 18302 6708 6709 
ordering 1 13208 
networks 31 10824 10825 14476 14507 14508 14509 7939 9633 9634 9635 8293 8294 8296 8166 8167 8168 8169 18635 18636 12527 12528 3595 19991 19992 19993 6046 6047 13165 13166 16003 820 
text 9 18086 17785 17786 17787 17788 45 1154 645 19815 
index 2 19834 19835 
sm 1 2680 
association 1 3546 
labels 1 139 
relation 2 73 676 
unstructured 1 12227 
workflow 17 8242 8243 8244 8245 8247 6968 6969 11358 8828 8935 8653 8941 6989 6988 11428 757 758 
hybrids 2 2487 2488 
generated 2 89 91 
sa 2 12095 10908 
comparative 3 8935 8653 8941 
e-markets 7 12012 12013 12014 12015 12016 12017 12018 
shopping 2 17759 17761 
empirical 3 6008 6009 6989 
natural 2 5852 89 
intuitive 3 6989 6988 11428 
matrix-vector 1 13535 
model 25 18166 9393 9396 9397 10834 10835 7000 7002 12160 10278 11358 8828 11180 12819 16247 16426 16248 7031 6988 7171 7173 5431 757 758 18135 
sub 13 2679 2680 2681 2682 2919 2920 2921 2922 6989 7114 2592 2593 2594 
android 3 13458 13459 13460 
testbed 6 12177 12178 12179 11492 11493 12180 
unconditional 1 19766 
sum 2 17941 17942 
nets 6 757 758 89 677 18 678 
massively 2 9695 9696 
sup 10 12095 10908 2679 2680 2681 2682 2919 2920 2921 2922 
engineering 2 4811 4812 
referential 1 1349 
weighted 5 8871 8872 8873 820 17605 
complete 1 820 
stacking 1 17968 
servers 4 12889 12890 12891 12892 
allocation 3 8941 12551 12552 
real-time 4 12582 12583 18571 18572 
supply 8 16247 16248 3872 6046 6047 5640 5641 5642 
dispatch 2 9166 9167 
cross-border 2 3754 3755 
b-trees 1 498 
functions 3 89 434 676 
systolic 1 201 
symport 1 165 
expanding 3 9396 9733 11649 
word-aligned 1 645 
web-based 1 7188 
principles 1 13542 
markov 6 12582 12583 16247 16426 16248 7031 
dataflow 1 12160 
notebook 1 7188 
discovering 1 17780 
organic 2 2487 2488 
supporting 3 19991 19992 19993 
views 2 3946 3947 
directed 1 208 
temporal 4 9073 9074 9075 9076 
long-haul 1 8247 
service 22 12923 12924 12925 9050 11814 11815 7382 11816 11817 11818 11819 11820 11821 7447 7448 7449 7451 6989 18571 18572 7734 7736 
server 1 3546 
certain 1 45 
operations 3 4338 4214 7715 
success 4 3872 5640 5641 5642 
ball-end 1 5404 
indexing 10 18862 18769 18770 18771 18152 18153 18154 18156 18157 645 
diagnosis 1 7188 
iridium 1 2488 
circular 1 434 
open 2 6989 6988 
file 3 9396 9732 9733 
evolutionary 1 820 
weather 2 8868 8870 
giga-stack 2 9695 9696 
deployment 2 7703 7704 
margin 1 13545 
compression 2 645 19815 
processor 4 12478 12479 12480 12481 
corrigendum 2 3754 3755 
computationally 1 820 
wind 3 16003 16606 17380 
information 19 4811 4812 19916 11363 12012 12013 12014 12015 12016 12017 12018 16247 16248 6989 3872 4183 5640 5641 5642 
problems 1 201 
pi-calculus 1 89 
fair 1 165 
disks 1 3546 
analytics 2 7656 7657 
tree-based 1 645 
fundamentals 1 18 
trees 3 201 73 17605 
computation 1 6989 
fault-tolerant 7 12889 12890 12891 12892 10978 10979 10980 
generators 2 201 73 
budget-deadline 2 6968 6969 
enzymatic 1 139 
google 1 10067 
collaboration 3 16247 16248 16003 
traces 2 677 18 
unfoldings 1 18 
observatory 1 13578 
ensuring 3 5852 10426 5853 
updating 5 18542 19565 19566 19567 73 
sensing 4 12923 12924 12925 9050 
particle 7 8247 11492 11493 11180 12819 11378 11380 
highly 8 18378 18379 18380 18381 18382 18383 18384 18385 
velocity 1 3595 
deterministic 6 200 201 202 89 434 676 
hotspot 1 3546 
ubiquitous 3 10902 7939 7982 
purely 1 73 
app 1 10067 
labeled 1 45 
t-based 3 2592 2593 2594 
delays 2 18571 18572 
access 8 4811 4812 14476 14507 14508 14509 6988 9442 
research 9 8828 10279 10280 10281 10282 10283 10284 6989 7114 
tree-walking 1 89 
vehicular 3 3595 7734 12812 
integrated 8 5836 5837 5838 5839 7715 10274 10278 19916 
handover 2 10908 3595 
cardiac 5 11109 11110 11111 11112 11113 
paradigms 1 18 
industrial 2 5852 5853 
balancing 3 12527 12528 3595 
relational 1 18 
cloud 29 9050 6969 12889 12890 12891 12892 7730 7928 7929 10908 10344 10347 7575 10466 11974 11976 11977 11978 8935 8653 8941 3595 7734 12812 18152 18153 18154 18156 18157 
tcp 1 7939 
based 26 3546 8828 9750 9751 9752 13473 13474 13475 13476 13477 6977 6979 8935 8653 8941 7031 19834 19835 7171 7173 18152 18153 18154 18156 18157 5404 
cyber-physical 1 7734 
solutions 1 201 
polysemy 4 17808 19968 19969 19970 
on-line 1 5404 
polysomnographies 1 8828 
max-sum 1 12012 
impact 1 3595 
diodes 9 2487 2488 2679 2680 2681 2682 2592 2593 2594 
tools 6 11109 11110 11111 11112 11113 7188 
divisible 3 11392 11393 11394 
grand 1 4214 
phosphorescent 1 2488 
lods 1 5852 
integrative 2 6008 6009 
power 3 89 139 676 
reduction 2 10278 165 
linked 15 6989 11420 11421 6988 11422 11423 11424 11425 11426 11427 11428 11429 11430 11431 11432 
transcription 1 11363 
antiport 1 165 
systems 41 9397 12387 3546 12369 6008 6009 4214 7447 7448 7449 7451 7000 13208 5853 11180 9532 9530 11312 11313 12819 10767 3872 6046 6047 5640 5641 5642 7734 18135 45 165 200 201 202 753 976 446 139 159 1674 820 
spaces 2 18862 45 
videos 2 3130 3131 
global 4 9396 9732 9733 7382 
prevalent 1 18542 
discover 1 12565 
class 4 12787 10274 12788 10278 
data-intensive 6 8442 8443 8444 8445 8446 8447 
modelling 2 4214 18 
properties 3 2920 2922 1094 
rough 6 19834 19835 18542 19565 19566 19567 
sticky-free 1 446 
environment 16 9073 9074 9075 9076 5836 5837 5838 5839 10274 10278 6989 7114 6988 11428 7188 1885 
food 2 6046 6047 
crowdsourced 1 11363 
word 4 17808 19968 19969 19970 
merlin-randell 1 18 
management 18 4811 4812 8828 19916 4768 4769 4770 11974 11976 11977 11978 8653 6708 6709 3872 17806 17807 17808 
efficient 17 17780 7929 10908 2487 2488 10344 10347 17941 17942 7734 18152 18153 18154 18156 18157 73 13535 
ride 2 1890 1885 
precedence 1 73 
behaviour 1 18 
agents 3 12527 12528 3595 
object 2 10772 10773 
recent 3 10902 7939 6988 
displays 2 9695 9696 
graph 4 208 89 91 1094 
interactive 4 13542 5853 7656 7657 
fluorescence 4 2919 2920 2921 2922 
vector 1 676 
triple 1 16606 
rule 1 3546 
bone 4 9073 9074 9075 9076 
two-dimensional 3 8871 8872 8873 
zn 2 2920 2922 
representations 2 7715 201 
coalition 3 3595 7734 12812 
forms 3 201 73 1616 
proactive 2 6046 6047 
contention-aware 3 3595 7734 12812 
locally 2 5852 753 
proving 1 45 
strategy 1 16606 
processors 1 820 
rules 4 18542 19565 19566 19567 
technologies 3 16247 16248 6988 
multimedia 7 9397 12387 3546 8137 8138 8140 8141 
representable 1 45 
applied 2 19067 19068 
context 1 73 
industries 2 6008 6009 
specification 3 6989 6988 11428 
cluster 5 7382 10772 10773 19834 19835 
auditing 2 7928 7929 
