<Keyword> <No of vertices> <vertex1> <vertex2> .... <vertexN> 
lightpath 2 7076 7075 
analyzing 1 7573 
rescheduling 1 7439 
incentive 1 7789 
desktop 2 7265 10125 
awareness 3 9800 8158 8088 
advances 5 7559 8904 9402 9790 9005 
managing 4 7078 8810 5514 8088 
prototyping 2 4819 4475 
lambda 4 8746 7288 8789 7894 
networked 2 7667 7668 
time 11 18731 17774 7387 9785 8897 7856 4277 3256 7881 7268 7769 
semantics 1 8020 
materials 1 8963 
levels 3 9057 9058 9059 
event 2 7094 13561 
movement 1 10932 
advanced 6 5514 7076 12034 12035 7894 9308 
role 3 7833 7832 7830 
constanza 1 8063 
taxonomy 1 7560 
generation 8 18483 18484 18485 4819 4475 7667 7668 7894 
paging 2 350 240 
video 4 11834 11835 10932 9308 
intelligence 1 8885 
numerics 1 10287 
archeological 1 7288 
consistencies 2 4277 3256 
liquids 1 7591 
queueing 1 350 
wide 2 11997 12171 
reorganization 1 8533 
aggregation 2 7847 7846 
project 7 7591 9026 9027 9028 8344 8576 7592 
gridless 1 6994 
biological 2 9790 7667 
european 1 11997 
native 2 7076 8853 
experimentally 1 350 
quality 4 5514 7076 10932 8088 
steering 5 10704 10705 10706 10707 9056 
nimrod-g 2 9790 13472 
multi 1 7400 
codes 4 7573 7094 7095 6994 
bioinformatics 1 8532 
components 1 7573 
network-aware 2 7573 5514 
big 5 7559 10145 10601 7385 10061 
array 1 7387 
dynamic 24 5003 4507 7559 7564 12842 7847 7846 12843 4819 4475 8777 8778 8779 7573 8665 8324 5514 12869 7076 11309 8853 7075 7894 7641 
knowledge 6 6696 6697 6699 7558 8533 9288 
incorporating 4 2723 9057 9058 9059 
behavior 4 8362 8301 8363 7591 
dependent 1 350 
coupling 1 8885 
net 1 9790 
currency 1 7573 
javasymphony 1 7268 
aviation 1 4642 
patient 4 8013 8532 9638 9639 
object-oriented 3 6617 10199 10200 
token 5 7076 9680 7075 7093 7641 
experiments 4 5514 7076 8853 8576 
vladymir--a 1 8885 
multiagent 1 8088 
mapfs 1 8088 
data-aware 8 7559 8362 12794 7385 8182 8183 7388 7387 
canonical 1 6617 
recomputation 1 6617 
ogsa-dai 2 8158 8088 
time-series 2 18731 17774 
chromatic-stable 1 2723 
markets 3 8566 7573 7622 
forecasting 1 7622 
topology-aware 1 8301 
interconnects 2 7591 7592 
dissemination 1 8533 
aggregating 1 12647 
indicators 1 11458 
super-peer 1 10365 
electronic 1 8566 
analyze 1 7591 
transatlantic 3 7076 11997 12171 
hardware-oriented 1 10287 
new 5 7559 8362 12794 4475 8885 
red 1 2723 
utility 6 8897 7881 8348 8349 8350 13282 
leveraging 2 8013 13401 
sequence 1 7667 
library 2 8885 11360 
base 1 4269 
guest 2 7856 12515 
multiprocessor 2 9295 9056 
public 2 7265 7266 
resources 10 7789 8108 8109 8110 7078 8867 7059 7063 8088 8885 
lightpaths 1 7076 
backplanes 1 7894 
computational 26 7559 7560 7562 7563 7564 7400 10140 10141 8904 10142 8362 7847 7846 9790 13472 9056 8949 8574 8521 7667 9276 7833 8885 7894 7832 7830 
client 2 7622 10892 
designing 1 8533 
pde 2 10287 7975 
consumption 1 7573 
change 4 5003 4507 4642 9790 
tool 3 9658 9056 8533 
broadcast 1 350 
distributed 89 350 4795 7559 7560 10140 10141 8904 10142 7302 7301 8362 11321 11322 6920 7385 8182 7387 9786 8777 7265 7573 7078 12276 12277 10704 10705 10706 8301 7059 7063 9800 7094 7363 7364 7365 7366 9658 9056 9659 9660 12869 7076 7267 7268 6994 7667 7769 11297 11298 11299 7668 7181 7182 8013 8018 8019 8020 8532 8533 9288 9639 8158 9005 8088 13401 13524 8885 7288 13612 8024 8576 7592 8986 8987 8989 8990 8991 11123 11693 9308 11694 11695 11119 7832 11118 11124 11696 11697 10777 
firms 1 5004 
metascheduler 1 7573 
architecture 27 7789 7559 7560 7302 2723 7301 11141 11142 11143 7265 9444 9445 9446 7078 8171 8172 8173 8174 4269 8532 8533 8158 8088 9180 11576 11577 11578 
pdm 2 5003 4507 
pyroclastic 3 8277 8278 8279 
policies 5 8108 9672 9673 9674 7622 
gjmf 1 8301 
transporting 1 2723 
grid-aware 2 8158 8088 
software 10 10287 7559 10145 8362 8566 7059 7063 7442 7443 8363 
retrospective 1 4475 
medical 2 18127 8574 
energy-efficiency 7 9786 12842 7847 7846 12843 4819 4475 
description 1 7076 
terascale 6 11459 13021 13022 9800 13023 7288 
heuristics 2 11026 7078 
technological 2 5004 7302 
reputation 3 8348 8286 8283 
rdf 4 9679 8853 9680 9681 
processing 11 13516 7129 7130 7387 8777 7094 12869 7076 13561 7667 7668 
perspective 3 12647 240 4475 
pinatubo 3 8277 8278 8279 
two-layer 2 7591 7592 
planes 1 7894 
climate 1 9790 
workload-aware 2 12276 12277 
processes 1 10427 
automatic 6 6407 6524 18127 18483 18484 18485 
nonconformance 1 4295 
display 2 7288 9308 
code 4 12278 8363 12279 12280 
double 1 2723 
cinegrid 1 7076 
das 8 8777 8778 8779 8780 7076 11335 11336 11337 
gmone 1 8088 
factors 2 17566 7302 
delivering 3 8348 8349 8350 
behavioral 1 17566 
active 2 3557 18750 
streams 1 7573 
economics 3 7789 8566 7573 
aerodynamic 1 8083 
fast 2 19982 11758 
toolset 4 8362 9185 9186 9187 
sparse 1 7975 
heterogeneous 15 19693 11305 7559 9402 7558 10704 10705 10706 9400 9401 9403 9404 8063 7075 7641 
roll-off 1 2723 
insurance 1 7560 
subtrees 3 17986 17987 17988 
repartitioning 2 12276 12277 
asip 1 9800 
analysis 37 4507 4642 18246 18247 18248 19431 19432 19433 9676 9677 8756 8362 7387 7265 10061 10062 10063 10064 8566 7078 10553 9790 7622 9658 9056 7267 7268 8949 8574 8521 11731 11732 11733 11734 11997 8158 8088 
simulation 19 12647 7559 7560 8904 7302 2723 7301 11141 11142 11143 9402 6994 7591 8885 8986 8987 8989 8990 8991 
business 2 8349 5514 
meets 2 9514 8083 
response 1 240 
sequential 7 17731 17734 18063 18064 19445 18252 9056 
wireless 1 7859 
evidential 1 17566 
openrte 1 7668 
fuzzy 3 18483 18484 18485 
membrane 1 1191 
complementary 1 7573 
scada 4 7856 7558 7859 7857 
file-based 3 9276 8063 11805 
activity 1 11577 
reconfigurable 1 7387 
population 2 7559 10427 
picos 4 8171 8172 8173 8174 
taks 1 7667 
layer 1 2723 
semantic 13 12647 1191 18483 18484 18485 7400 7856 7558 7573 8013 9288 8158 8088 
laboratory 7 8777 8778 8779 8780 7076 7288 8789 
search-based 1 18252 
bpm 1 8349 
source 4 12278 8363 12279 12280 
relations 1 1191 
metered 3 8348 8349 13282 
kerberos 1 9180 
java 9 7573 7442 7443 9658 9056 9659 9660 12034 12035 
nature-inspired 2 7129 7130 
attributes 1 5514 
regularized 6 17731 17733 17734 17735 18869 18870 
assessment 3 3256 7573 8574 
contamination 1 8533 
graphs 3 19431 19432 19433 
generalized 1 1191 
suspicious 1 7385 
jobs 1 9056 
inference 3 18101 18102 7591 
metamodeling 1 4512 
filtering 2 4277 3256 
layers 1 2723 
package 2 7442 7443 
aggregates 1 8885 
openmp 1 7975 
neural 5 7559 7560 8362 9785 9786 
deploying 5 8108 9672 9673 9674 7667 
layered 1 11458 
bio-inspired 2 7129 7130 
sensor 3 8897 7859 8283 
languages 1 7591 
replication 4 7560 9785 9786 5514 
tolerance 2 5514 7667 
oriented 8 7385 7411 7412 7413 7414 7415 5514 8885 
tokens 2 7076 7075 
smile 2 8362 8363 
holes 1 8746 
convex 2 17731 17734 
constructing 1 12647 
transfer 4 9785 8897 7856 7288 
support 19 1191 7559 7560 7562 8362 7439 7573 9790 8171 8172 8173 8174 8810 11757 11758 11759 11760 8746 7288 
searching 1 18127 
adaptive 21 7302 8362 7385 7388 7387 7847 7846 4819 4475 7078 10124 10125 10126 10127 10128 10129 5514 8363 7591 8532 8533 
bag 2 8109 8867 
privacy 8 7856 7558 7859 7857 7265 8286 8283 6994 
inter-view 2 11834 11835 
phased 5 7411 7412 7413 7414 7415 
job 15 7560 7439 9785 9786 8897 7856 10124 10125 10126 10127 10128 10129 8301 9056 7769 
recommendation 1 7560 
stalking 1 7789 
health 3 7560 10145 10601 
runtimes 4 8948 8949 12028 12029 
epidemic 1 8533 
hopfield 3 7560 9785 9786 
scaling 3 8108 8109 8721 
session 1 8810 
g-hadoop 5 7302 7301 8362 11321 11322 
heuristic 1 7591 
optimised 1 8083 
virtual 28 8756 8963 8777 8778 8779 8780 8302 7622 4269 7076 7667 11997 7668 9680 8746 7288 8789 13571 7075 13572 7894 7093 7641 13573 13574 11576 11577 11578 
home 1 11455 
accident 1 8885 
boltzmann 1 8885 
europe 1 8574 
ontologies 6 7076 7267 7268 8532 9638 9639 
albatross 2 7591 7592 
dalton 4 11731 11732 11733 11734 
vehicle 3 4512 5599 5601 
proof 1 13662 
space 2 4277 3256 
decision 5 1777 1778 7562 11834 11835 
statistical 3 3557 18750 8885 
violations 4 8109 10553 8866 8867 
distance 1 18252 
eacute 1 350 
supported 1 4475 
dimensions 3 11453 8302 8301 
dependable 1 12725 
construction 3 9005 7830 11480 
mobility 1 8810 
products 1 8566 
probabilistic 4 350 1002 17731 17734 
identifying 1 8566 
trading 2 12647 5514 
note 3 7559 8362 12794 
analyse 1 350 
hole 1 2723 
resource-level 1 7622 
defining 3 8566 10553 8063 
editorial 3 11572 7591 11571 
green 2 7560 11458 
sciences 1 9790 
loosely 1 13662 
links 1 7076 
virtual-to-physical 1 9800 
composable 1 8301 
heigen 3 19431 19432 19433 
frequent 6 17986 17987 17988 17731 17734 11758 
reasoning 1 17566 
prefetching 1 7400 
preserving 4 7856 7558 7859 7857 
omis 1 9056 
maximal 4 17986 17987 17988 1408 
improvement 1 2723 
rooted 3 17986 17987 17988 
road-vehicle 1 8083 
method 2 9790 8277 
capabilities 1 7667 
efficiency 4 2723 7622 7181 7182 
manufacturing 2 4819 4475 
scalability 4 11731 11732 11733 11734 
initiatives 1 7076 
summarisation 1 7573 
authorization 8 7412 7414 7415 12523 7063 7076 7075 7641 
related 2 8362 8363 
experiment 5 7076 9680 7075 7093 7641 
exact 1 350 
plm 3 5003 5111 4507 
self-scheduling 3 10704 10705 10706 
fusion 4 7856 7558 7859 7857 
applications 65 10601 7385 8182 8183 7388 7387 8897 8777 8779 7881 8108 8109 8110 8348 8721 9672 9673 9674 10061 7573 8286 8283 12276 12277 9790 10704 10705 10706 10707 8324 8810 5514 7094 7365 9658 9056 9659 9660 4269 11102 11103 11104 11105 11106 7076 7268 8574 7667 9513 9514 10892 9186 7591 8533 8158 9005 8088 7500 8885 11309 7075 7894 13612 7592 11480 
photonic 3 7076 7288 7894 
profit-driven 1 7622 
biomedical 3 4819 4475 8532 
concatenation 2 7288 8789 
workshop 1 7268 
keyword-based 1 7400 
cost-benefit 2 8566 10553 
nurbs 3 5004 5006 5007 
corba 1 7573 
clusters 3 6920 8088 8885 
hybrid 24 12647 7559 7560 7302 2723 7301 11141 11142 11143 10601 9785 8897 7856 4277 3256 4819 4475 8108 8109 8110 8566 12725 8083 8885 
holistic 22 10707 11452 11453 8302 8301 11454 7059 7622 11455 7063 8665 11456 8324 8810 5514 11457 11458 11459 11460 11461 11462 11463 
eruption 3 8277 8278 8279 
scale 6 8904 7302 7833 11997 7832 7830 
griz 1 7591 
differentiated 3 9057 9058 9059 
goods 2 8566 10553 
coordinated 1 7400 
starplane 1 7076 
microbial 2 8746 7288 
security 13 7559 7560 7562 7563 7564 7400 8362 7265 7076 6994 8088 9180 7075 
resolution 3 17566 7288 8789 
requirements 6 8961 4277 8962 8963 3256 8964 
super 1 7076 
subset 1 1499 
cross-stream 1 7288 
http-based 1 7847 
paths 5 8778 7076 8853 7075 7641 
path 5 7076 9679 8853 7075 7641 
cloud-oriented 2 7856 7859 
grid 56 7789 7559 7560 8904 7302 2723 7301 11141 11142 11143 7847 7846 8779 7265 7412 7414 7415 7573 7078 12515 12523 9790 13472 10704 10705 10706 10707 8302 8301 5514 7094 9056 13561 7267 7268 6994 7667 8063 9185 9186 9187 7591 8083 9917 8013 8532 8533 9638 9639 8158 9005 8088 7500 11309 7592 10777 
drum 2 350 240 
compute 4 7769 11297 11298 11299 
workloads 1 7076 
marketplace 2 7573 5514 
revenue 1 7622 
billion-scale 3 19431 19432 19433 
building 5 9790 12725 8533 8746 7288 
reuse 3 5004 5006 5007 
task 10 7559 7560 7400 7302 8108 9672 9673 9674 5514 7591 
agreement 9 7573 8810 5514 9256 9257 9258 7500 9259 9260 
coarse-grain 1 8576 
problem 3 350 8582 8583 
anonymization 1 17774 
escience 4 9005 7093 7830 11480 
interface 4 6994 7667 7288 8789 
arranging 2 7076 7075 
concepts 1 10287 
database 4 1191 1193 17566 8024 
optimizing 5 8348 8286 8283 7268 7591 
environmental 1 12125 
subgraph 1 3557 
convenient 2 7442 7443 
commodity 1 9308 
plan 1 7560 
implementation 14 240 4295 9790 13472 5514 7076 13662 9288 8158 8088 9679 8853 8344 11360 
identification 1 4507 
side-effects 1 6617 
cultivate 1 8344 
weighting 3 18246 18247 18248 
scientific 26 10601 8963 8108 8109 8110 10061 9790 11453 8302 8301 4269 7268 7667 7975 9513 9514 9917 11997 8533 8277 8278 8279 7288 11576 11577 11578 
inter-firm 1 7302 
locality 2 8362 8363 
things 5 8286 8283 12609 12610 12611 
advance 4 8302 8301 7075 7641 
energy 11 7559 7560 7562 7563 7564 7400 10125 7622 9056 7181 7182 
technique 2 7288 8789 
exposing 2 7094 7095 
flow 1 8885 
cave 2 8746 7288 
validated 1 350 
production 3 5514 7591 11577 
suppressing 3 18246 18247 18248 
fluid 1 8885 
concurrent 5 13516 4507 4642 4795 4475 
comprehensive 1 8362 
feature 11 4642 17731 17733 17734 17735 18247 18248 7856 7558 7859 7857 
pipelined 1 7387 
elements 4 12609 12610 12611 4269 
structured 8 7559 9402 9400 9401 9403 9404 12034 12035 
hpdmnet 2 7076 7894 
static 1 8897 
swedish 1 7975 
topic-specific 1 17566 
blood 1 8885 
koan 1 11902 
structures 1 8521 
models 22 350 6407 6524 1777 1778 4819 4475 9790 8013 8014 8015 8016 8017 8018 8019 8020 8533 9679 11707 11708 11709 9180 
pricing 5 8348 8349 8566 7573 13282 
ionic 1 9790 
packet 2 350 9308 
devices 1 2723 
low 1 2723 
spectral 5 19431 19432 19433 3256 8574 
teravision 1 7288 
complex 5 7302 7094 4269 13561 8277 
moire 1 350 
coordination 2 9513 9514 
use 5 7442 7443 9005 7830 11480 
platforms 11 7385 7388 7387 8348 8349 8350 8566 7622 8324 5514 9514 
user-level 2 8779 11309 
run 1 8885 
meta 4 8013 8532 9638 9639 
data-parallel 2 7268 8885 
messages 1 8904 
virtualized 8 8109 8866 8867 7622 8324 8810 5514 9679 
methodologies 1 4475 
archaeostor 1 7288 
graduate 1 7975 
truth 2 18101 18102 
autonomous 1 6994 
worker 1 7591 
best 2 11572 12125 
correctness 1 13662 
procedure 4 1777 1778 11834 11835 
dht-based 2 8013 9288 
rule-driven 2 9513 9514 
site 1 1191 
impreco 2 8532 9639 
replicated 2 7078 7591 
trust 5 7265 7622 7076 7075 8344 
light-emitting 1 2723 
learning 9 5004 6696 6697 6699 18063 18064 19445 18252 13524 
resource-aware 1 7559 
stochastic 9 7387 8897 12842 7847 7846 12843 4819 4475 10427 
identifiable 1 9790 
cloud-aware 1 7265 
dapsys 1 7268 
presence 1 9308 
facial 1 18252 
practice 5 6994 7769 11297 11298 11299 
hype 3 8348 8349 8350 
sci-basedclusters 2 8362 8363 
decentralized 5 12647 9419 8897 7265 8301 
optiputer 5 7076 8746 7288 8789 7894 
intrusion 1 8756 
gestion 1 350 
grids 67 7559 7560 7562 7563 7564 7400 10140 10141 8904 10142 9419 9785 9786 8897 8778 7265 7411 7412 7413 7414 7415 7881 8108 8109 9672 9673 9674 8867 10124 10125 10126 10127 10128 10129 10704 10705 10706 8301 8810 5514 7076 7547 7667 9276 12725 7833 8008 8013 8014 8015 8016 8017 8018 8019 8020 8533 10365 8158 8088 8853 9180 7075 7641 7832 11656 11657 7830 
complexes 2 8532 9639 
cemetery 1 8885 
download 1 7387 
multiscale 6 11102 11103 11104 11105 11106 8885 
mpi-based 1 7573 
ambient 2 7856 7859 
science 11 8362 9056 7076 8949 8574 8521 7833 8532 8885 7832 7830 
service-based 3 8810 7267 7268 
frontier 4 9785 8897 7856 7288 
architectures 11 8756 8362 9402 9786 5514 9056 9400 9401 9403 9404 8363 
practical 2 7076 8574 
ipsc 1 11902 
acoustic 1 12125 
card 1 8344 
dutch 5 9026 9027 9028 8344 8576 
brokering 2 8302 8301 
two-level 6 10124 10125 10126 10127 10128 10129 
performance-aware 6 7559 7560 7562 7563 7564 7400 
replica 8 7411 7412 7413 7414 7415 9276 8063 11805 
china 2 5004 7302 
gpu 6 9402 9400 9401 9403 9404 9308 
ion 1 7591 
shared 2 9056 7181 
control 7 7400 8109 8866 8867 7894 8576 7592 
enabled 2 7859 7894 
localization 1 1191 
sensitivity 3 9790 7591 7592 
iot 3 12609 12610 12611 
economy 2 9790 13472 
cpu 8 9402 7847 7846 9400 9401 9403 9404 9308 
cloudflow 5 7385 8182 8183 7388 7387 
extraction 2 18247 18248 
cost 3 8897 7881 8566 
economic 1 7181 
watchdog 1 9800 
sweep 1 9790 
specular 1 5514 
prolog 1 6617 
enables 1 4269 
internet-enabled 2 4507 4795 
stereo 1 5514 
case 2 18127 6920 
cstp 1 7288 
innovative 1 5514 
janet 2 7442 7443 
car 1 8083 
lattice 1 8885 
internet-based 4 8756 10704 10705 10706 
estimation 3 7622 8324 5514 
reconsolidation 1 8301 
stability 1 350 
hull 2 17731 17734 
large-scale 10 7302 8362 11322 8963 7078 8948 8949 7181 7182 10365 
dental 1 4507 
peer-to-peer 18 7789 9736 7387 7573 10125 9514 12725 8013 8014 8015 8016 8017 8018 8019 8020 8532 9638 9639 
cad 3 4507 4277 3256 
federation 5 6920 7363 7364 7365 7366 
performance 29 7302 2723 8362 7265 7078 8302 8301 11458 9658 9056 7076 7267 7268 8574 7667 8063 11902 8083 10932 7668 8533 8088 8277 8278 8279 7288 7894 13612 8024 
orchestration 1 7265 
architecture-based 1 7400 
transparent 2 7591 7668 
successive 2 4507 8283 
non-stationary 1 7302 
multiple 4 8108 8109 8721 8302 
formation 1 8885 
non-linear 1 7302 
protocol 3 8810 7668 7288 
plasma 1 6994 
regular 1 7975 
community 1 9056 
reference 4 4269 11576 11577 11578 
general 1 350 
multi-gigabit 1 9308 
amroeba 1 7894 
effect 1 240 
genetic 4 7400 8348 8286 8283 
smes 1 7302 
device 2 7288 8789 
infrastructures 8 8109 10553 8866 8867 7059 7063 7181 9679 
optiplanet 4 7076 8746 7288 8789 
usage 3 8301 7667 7668 
shared-nothing 2 12276 12277 
high 16 7302 9056 7076 8574 8083 8532 8533 8088 8277 8278 8279 7288 7894 7093 13612 8024 
wear 1 4507 
competition 1 9790 
automated 2 7573 5514 
event-based 1 8521 
mechanism 5 7789 7847 7846 5514 9800 
graph-based 4 18062 18063 18064 18065 
zero 2 9679 8853 
laplacian 3 4507 18869 18870 
many-core 1 7400 
teraflows 2 7076 8853 
distances 2 7076 8853 
hierarchical 18 17774 7559 7560 7302 2723 7301 11141 11142 11143 10124 10125 10126 10127 10128 10129 9800 8576 7592 
annotation 1 18252 
simulating 1 8277 
equivalences 1 1499 
invariant 1 4507 
ngssc 1 7975 
co-processor 1 13023 
industry 5 7769 11297 11298 11299 11997 
lhc 1 7591 
exchange 2 7789 7076 
strategies 2 8109 8867 
citation 1 12647 
platform 6 10145 10601 8108 8109 8110 9790 
dipas 2 7267 7268 
operational 1 8020 
highlighting 1 6617 
overhaul 1 4642 
sigmcc 4 8013 8532 9638 9639 
nonpolar 1 7591 
genetic-based 1 7559 
lgf 2 7094 7095 
huge 8 7559 7560 7302 2723 7301 11141 11142 11143 
gaps 1 5514 
scaling-out 3 11656 11657 7830 
visual 2 3256 7288 
planning 3 4795 7302 7301 
start 1 7387 
mediator 1 7558 
pharmaceutical 4 7769 11297 11298 11299 
coordinator 3 8108 8109 8721 
ranking 6 18062 18063 18064 18065 7881 7882 
legacy 5 7573 7094 7095 7442 7443 
drivers 1 8566 
placement 2 8566 8302 
qos-aware 1 5514 
stream 1 13516 
bootstrap 4 18063 18064 19445 18252 
physics 1 9056 
translation 1 9800 
assembly 4 6406 6407 6408 6524 
synchronisation 1 8063 
link 1 12647 
secure 5 7560 7563 10145 10601 8665 
centers 17 7302 7301 8362 11321 11322 12842 7847 7846 12843 4819 4475 8109 11026 7078 8866 8867 7622 
line 1 5514 
emergent 1 8301 
mapping 3 8566 10553 5514 
retrieval 5 4507 18062 18063 18064 18065 
techniques 6 7559 10145 7078 7268 8582 8583 
emr 4 18062 18063 18064 18065 
hydrodynamic 1 8885 
modern 8 7559 8362 12794 7385 8182 8183 7388 7387 
computers 5 10704 10705 10706 8532 8533 
optimized 2 7789 8302 
transport 1 8885 
deadline-driven 3 8108 8109 8110 
tool-path 2 4819 4475 
rationale 1 7076 
slim-trees 1 19982 
multiprogrammed 1 7078 
networking 13 4269 7076 8574 10892 8083 11997 9680 7288 8789 7075 7894 7093 7641 
uncertain 3 17731 17734 7387 
switched 3 7833 7832 7830 
cache 2 8362 8363 
itemsets 1 11758 
snipe 2 7667 7668 
automation 1 12125 
superscalar 4 10704 10705 10706 10707 
model-driven 1 10601 
framework 38 6406 6407 6408 7302 7385 7388 7387 7856 7558 7859 7857 4277 3256 7881 7882 9790 8301 7622 8665 7094 7095 7076 6994 7667 12028 12029 7769 8018 8019 8020 9288 8088 7075 8986 8987 8989 8990 8991 
p-based 4 7265 9444 9445 9446 
periodic 1 8897 
process 2 4795 8349 
encrypted 1 7400 
combinatorial 1 8182 
databases 10 19693 17986 17987 17988 17731 17734 18127 12276 12277 8063 
recommender 1 5514 
fpga-based 1 9800 
pagination 1 350 
fractal 2 7859 8885 
broker 8 7411 7412 7413 7414 7415 7078 9790 13472 
improving 1 6617 
cfd 1 9186 
checkpoints 1 350 
skyline 1 7387 
ranked 1 7400 
bus 1 7387 
acceleration 1 9800 
structural 2 1191 8020 
remote 3 7302 7301 7591 
context-aware 2 7856 7859 
scheduling 34 11305 7559 7560 7400 7302 8362 9419 12794 7385 7388 7387 9295 9785 9786 8897 8779 7265 7881 7078 9790 10124 10125 10126 10127 10128 10129 8301 13023 6994 7667 7500 11309 8576 7592 
automotive 1 4512 
multi-view 2 11834 11835 
granary 1 7385 
granularity 4 8108 9672 9673 9674 
survey 2 7560 7563 
synchronous 1 13662 
warping 2 18731 17774 
algorithms 10 7400 4277 3256 10704 10705 10706 8302 8301 7667 8533 
genius 1 9276 
enterprise 3 4475 7265 7078 
logging 1 8301 
algorithme 1 350 
stable 7 7856 7558 7859 7857 6617 10199 10200 
role-based 3 5003 5111 4507 
formal 1 8344 
derivation 3 10704 10705 10706 
cognitive 1 12647 
mars 1 7769 
representation 4 5004 5006 5007 6617 
regulation 1 7181 
energy-aware 8 7559 7560 7564 7400 7302 11026 7078 7622 
policy 2 12647 7078 
authorization-security 1 7558 
suite 1 8088 
output 1 7078 
media 2 7076 7894 
gridsim 3 9057 9058 9059 
soil 1 8533 
generic 6 4295 10145 10601 7076 7075 7641 
alignment 2 4507 7667 
ompss 4 8171 8172 8173 8174 
ogsa-based 2 8810 5514 
issue 9 8904 9786 7265 8566 7573 12515 9005 8344 11480 
state 1 8349 
attribute 2 17774 17566 
oltp 2 12276 12277 
pyr 3 8277 8278 8279 
bandwidth 2 7591 7592 
evaluation 2 11902 7591 
sharing 16 350 10145 10601 7385 11102 11103 11104 11105 11106 7668 8013 8532 9638 9639 8158 8088 
sla-based 2 7059 7063 
finding 3 7076 9679 8853 
poisson 3 5004 5006 5007 
automata-based 3 8777 12869 7076 
toolkit 9 8777 8778 8779 8780 7076 7288 11335 11336 11337 
allocations 1 8897 
qos-driven 3 8108 8109 8110 
availability 1 350 
definition 1 7076 
discriminant 5 18246 18247 18248 9676 9677 
vision 7 8348 8349 8350 12609 12610 12611 5514 
demanding 1 5514 
keyword 1 7789 
evaluating 8 8777 8778 8779 8780 7076 11335 11336 11337 
marshaling 3 8018 8019 8020 
problem-solving 1 7573 
potential 1 7847 
tasks 5 7385 7388 7387 8109 8867 
searches 1 7789 
soft 3 8324 8810 5514 
wide-area 4 7288 8789 7894 13612 
centrale 1 350 
address 1 9800 
maps 1 17774 
self-healing 2 7667 7668 
architectural 3 12609 12610 12611 
special 40 7789 8904 8362 9786 7856 8777 7265 8566 7573 7078 12515 5514 11459 13021 13022 9800 13023 7365 9056 7076 7268 8949 8574 8521 6994 7667 8063 12725 8083 8532 8158 9005 8088 8746 7288 8789 8582 8583 8344 11480 
fundamental 3 11453 8302 8301 
reconstruction 4 17731 17733 17734 17735 
group 2 7076 7075 
user 5 7560 9185 9186 9187 7591 
browsing 1 6424 
storage 6 7385 7288 8789 6617 10199 10200 
sdn-aware 4 7363 7364 7365 7366 
reliable 1 7439 
using 55 12647 18063 18064 19982 19445 18252 4512 5599 5601 17566 9295 8897 3256 11455 9658 9056 7076 7667 8063 7591 7181 8532 8533 9638 9639 9256 9257 9258 7500 9259 9260 8885 9679 8853 9680 9681 7288 7075 7894 7093 8344 11577 11360 11123 11693 9308 11694 11695 11119 7832 11118 11124 11696 11697 10777 
predictions 3 8302 8301 7268 
communities 7 6696 6697 6699 7573 9185 9186 9187 
hla-based 1 8904 
self-adaptive 1 7387 
benefit 1 5514 
workflows 6 8362 11322 7265 7094 7267 7268 
seamless 9 9680 13571 7075 13572 7894 7093 7641 13573 13574 
preface 4 7265 8566 7573 7975 
high-resolution 2 7302 7301 
transmissions 1 9308 
search 5 18731 17774 7789 9736 7591 
e-commerce 1 6424 
protein 3 3557 8532 9639 
thread 1 13023 
interfaces 4 9800 9185 9186 9187 
features 4 5004 5006 5007 4507 
spider 1 7268 
propagation 2 4642 17566 
guaranteeing 6 8961 4277 8962 8963 3256 8964 
black 1 8746 
application-specific 2 9658 9056 
limits 1 5004 
patterns 16 17731 17734 19893 11305 10287 19894 9402 6424 9400 9401 9403 9404 12278 8363 12279 12280 
monitoring 18 7559 7560 10145 8362 10601 10704 10705 10706 10707 7622 7094 9658 9056 9659 9660 13561 8363 8088 
achieving 2 7288 8789 
engine 1 7094 
recombination 1 7591 
harness 2 7667 7668 
hosting 4 10061 10062 10063 10064 
image 6 4507 18062 18063 18064 18065 18127 
optimization 12 4795 4512 7400 8362 8182 8961 4277 8962 8963 3256 8964 8363 
hd 1 9308 
papers 3 8904 11572 12125 
causal 1 8904 
molecular 9 10140 10141 8904 10142 9790 11731 11732 11733 11734 
provenance 1 11577 
two-tier 1 7789 
explicit 2 8576 7592 
reservation 2 7075 7641 
automata 5 8533 8277 8278 8279 8885 
contingency 2 7302 7301 
third-generation 2 8746 7288 
artificial 3 7559 7560 8362 
discovery 21 6696 6697 6699 7265 9444 9445 9446 7573 9514 8013 8014 8015 8016 8017 8018 8019 8020 8533 9288 10365 9679 
mechanisms 9 7559 7560 7562 7563 7564 7400 8302 8532 8533 
introduction 2 7856 12515 
assessing 1 7622 
sage 1 8789 
user-centric 1 7076 
optimum 1 350 
handling 1 6617 
ec 1 8885 
execution 16 7400 9785 8897 7856 11453 8302 8301 11102 11103 11104 11105 11106 7076 7268 7769 6617 
industrialisation 1 5004 
programming 17 8362 7385 8182 8183 7388 7387 7094 9056 12034 12035 7268 8363 11902 7591 8533 8344 7592 
surrogates 3 4512 5599 5601 
current 1 7076 
laboratories 4 4269 11576 11577 11578 
optimizations 2 1499 9790 
man 9 9680 13571 7075 13572 7894 7093 7641 13573 13574 
checking 1 7591 
metacomputing 15 5514 7769 11297 11298 11299 7833 9917 12048 12049 10932 12050 11997 12171 12637 7668 
caching 1 12725 
clustering 5 18869 18870 18252 18101 18102 
clouds 28 8756 7559 10145 7439 9785 8897 7856 8961 4277 8962 8963 3256 8964 8108 8109 8110 8721 8566 7622 9256 9257 9258 7500 9259 9260 11656 11657 7830 
intensive 3 7559 7564 7265 
streaming 7 7385 7388 7387 7076 8746 7288 8789 
workload 3 8779 7500 11309 
adoption 1 8566 
multi-objective 3 7385 7388 7387 
linear 1 7387 
udt 2 7076 8853 
cocamaal 2 7856 7859 
guigen 3 9185 9186 9187 
web 11 18252 1191 18483 18484 18485 9790 6424 7059 7063 8810 9180 
blocks 1 1408 
unforgeability 2 8286 8283 
living 2 7856 7859 
solving 4 8533 13524 8582 8583 
attribute-based 3 8286 8283 7063 
independent 2 1191 1193 
g-pm 2 9658 9056 
ecoinformatics 1 9790 
group-by 1 8182 
configuration 3 7573 9679 8853 
grid-enabled 1 8533 
atmospheric 1 9790 
videostreaming 1 7547 
tightly 1 8885 
methods 3 8885 10427 8344 
body 2 4512 7859 
semi-supervised 6 18063 18064 19445 18252 9676 9677 
versus 2 6994 7975 
privacy-preserving 2 4277 3256 
high-speed 14 11834 11835 11123 11693 9308 11694 11695 11119 7832 11118 11124 11696 11697 10777 
aware 4 7559 7560 8362 8283 
market-based 1 8897 
long 6 7847 7846 7076 8948 8949 8853 
completion 1 7439 
exploring 1 7076 
phenomena 1 8277 
latency 2 7591 7592 
deal 2 8158 8088 
run-time 1 7668 
future 5 7573 12609 12610 12611 8063 
tiling 1 7591 
enactment 3 8362 11322 7094 
low-latency 5 11123 9308 11119 11118 11124 
victoria 1 9790 
ant 1 8885 
light 1 8746 
compressible 1 8521 
key 1 8566 
ppfscada 4 7856 7558 7859 7857 
accessibility 1 17774 
freeform 3 5004 5006 5007 
enhancing 2 7559 8088 
decomposing 1 1408 
environments 23 7559 7560 7400 8362 10601 4277 3256 7265 7266 7573 8324 8810 5514 6994 7667 7591 12637 7668 7288 8582 8583 7592 9308 
instrumented 1 11360 
integrating 1 1191 
ontology 3 18483 18484 18485 
proximity-aware 4 7265 9444 9445 9446 
agent 2 7078 8088 
switching 2 350 7894 
eeg 1 3256 
cs 1 11360 
measurement 2 4507 7302 
detection 6 8109 10553 8866 8867 8948 8949 
right-sizing 6 12842 7847 7846 12843 4819 4475 
item-based 2 4277 3256 
similarity 4 18127 18731 17774 8182 
queries 4 17731 17734 8182 7387 
lightweight 3 4512 5599 5601 
meetings 4 19893 11305 10287 19894 
internet 9 7400 8286 8283 12609 12610 12611 12725 7668 8024 
provisioning 29 7559 8362 12794 10601 8108 8109 8110 10707 11452 11453 8302 8301 11454 7059 7622 11455 7063 8665 11456 8324 8810 5514 11457 11458 11459 11460 11461 11462 11463 
mobile 4 7560 7563 7400 5514 
enforcement 1 7622 
sdms-o 6 8961 4277 8962 8963 3256 8964 
reflection 1 5514 
qos-based 2 7078 8533 
correction 1 9308 
understanding 3 11656 11657 7830 
today 1 9005 
routing 2 8532 8533 
cycloidgrid 4 7265 9444 9445 9446 
flying 1 10777 
area 2 11997 12171 
semistructured 1 1191 
style 1 7591 
integration 6 19693 4642 17774 17566 12028 12029 
intercontinental 6 7833 9917 12048 12049 10932 12050 
skeletons 3 9005 7830 11480 
experience 11 7591 11997 12171 9026 8344 8576 7592 12712 12713 12714 12715 
inter-cloud 1 8665 
outlier 3 18246 18247 18248 
sample 3 18246 18247 18248 
recoding 1 17774 
parallel 58 7559 7560 7400 8904 7302 8362 9402 7129 7130 8897 8779 7881 7078 10124 10125 10126 10127 10128 10129 9400 9401 9403 9404 11757 11758 11759 11760 12034 12035 7268 8948 8949 8574 8363 7591 8083 8532 8533 8158 8088 8277 8278 8279 11309 7288 9026 9027 9028 8344 8576 6617 10199 10200 7592 12712 12713 12714 12715 
software-as-a-service 1 8566 
speed 1 7093 
uniform 1 240 
communication 18 7265 7078 8665 13662 12278 8363 12279 12280 12028 12029 8532 8533 11360 11123 9308 11119 11118 11124 
maker 1 7573 
ecg 5 7859 10061 10062 10063 10064 
behavioral-based 2 8324 5514 
prediction 5 1191 7847 7846 8532 9639 
message-passing 2 12637 7668 
memory 3 9056 11758 8521 
methodology 5 19693 11757 11758 11759 11760 
reservations 2 8302 8301 
message 4 6994 7667 8532 8533 
hadoop 1 7573 
systemic 1 9800 
propositional 2 1777 1778 
color 1 2723 
multi-dimensional 1 8182 
cooperative 3 7789 6920 9419 
e-science 4 8777 9790 7365 9005 
ad 1 6617 
approach 49 3557 18750 6407 6524 12647 18246 18247 18248 8756 17566 7560 7400 8897 7856 7558 7859 7857 4819 4475 8566 7078 10553 10707 11452 11453 8302 8301 11454 7059 7622 11455 7063 8665 11456 8324 8810 5514 11457 11458 11459 11460 11461 11462 11463 7094 6994 10892 8088 8885 
numerical 2 7667 7975 
test-bed 2 11997 12171 
akl 1 8020 
nonlinear 4 18063 18064 19445 18252 
clustered 8 9026 8344 8576 7592 12712 12713 12714 12715 
multi-user 1 9308 
automobile 1 5514 
evasion 1 7385 
simultan 1 350 
multi-cloud 2 8362 11322 
actor 6 9256 9257 9258 7500 9259 9260 
multi-criterion 4 7856 7558 7859 7857 
editors 2 7856 12515 
perturbed 1 4507 
visualization 22 4795 19982 10140 10141 8904 10142 7547 7591 7288 8789 11123 11693 9308 11694 11695 11119 7832 11118 11124 11696 11697 10777 
garbled 1 8182 
dxt 1 9308 
transforming 5 12278 8363 12279 12280 6617 
lifecycle 7 4642 9256 9257 9258 7500 9259 9260 
minimizing 1 7769 
guarantees 1 7622 
federated 7 8566 8301 6994 7833 9679 7832 7830 
standardized 2 8566 10553 
programs 8 11757 11758 11759 11760 7268 8948 8949 6617 
creating 4 8566 9185 9186 9187 
ring 1 7789 
bartering 1 7789 
epass 2 8286 8283 
structure 5 4512 11731 11732 11733 11734 
services 26 7400 10601 7881 7882 10061 10062 10063 10064 8566 7573 9790 11455 8665 5514 7094 7095 7076 8013 8533 10365 8088 13401 9180 7075 7894 8024 
aaa 3 7076 7075 7641 
fixed-length 1 240 
ecological 1 7622 
pyxis-dt 1 7591 
data-centric 1 7265 
flexible 3 7094 7095 8088 
reality 5 8348 8349 8350 8746 7288 
collaboratory 9 7076 8746 7288 8789 8986 8987 8989 8990 8991 
agent-based 2 8904 7302 
composite 1 2723 
microblogging 1 17566 
gas 1 8885 
enabling 5 8302 8301 9917 7894 9308 
traffic 4 7856 7558 7859 7857 
operating 1 8344 
e-infrastructure 1 11577 
negotiation 1 7622 
delay 1 11305 
records 4 8013 8532 9638 9639 
delivery 2 8904 7288 
optimis 22 10707 11452 11453 8302 8301 11454 7059 7622 11455 7063 8665 11456 8324 8810 5514 11457 11458 11459 11460 11461 11462 11463 
novel 4 8756 7789 2723 7894 
optimisation 2 7789 7573 
mapfs-dai 2 8158 8088 
different 1 7667 
region 1 1408 
metagenomics 2 8746 7288 
creation 1 8566 
experiences 1 8063 
hardware 5 8171 8172 8173 8174 9308 
development 10 4512 8362 9056 11757 11758 11759 11760 8949 8574 8521 
interval 1 1002 
addressing 2 9679 8853 
algorithm 12 4642 4795 1408 7559 7387 4277 3256 8348 8286 8283 7078 7667 
mapreduce 11 7302 7301 8362 11321 11322 7385 7388 7387 11656 11657 7830 
hashing 4 18063 18064 19445 18252 
qcg-ompi 1 7667 
optiportal 3 8746 7288 8789 
multi-keyword 1 7400 
initiation 1 8810 
closed 4 17986 17987 17988 11758 
casts 1 4507 
characterizing 3 7265 7266 11577 
cuts 1 6617 
weakly 3 18252 1191 1193 
schemes 4 1191 1193 8566 9308 
spatial 3 3557 18750 7400 
discriminative 1 3557 
simultaneous 3 7560 9785 9786 
mt 3 8277 8278 8279 
space--distributed 1 10777 
incentive-based 1 6920 
middleware 7 7856 7859 9513 9514 12028 12029 7894 
expressive 3 1499 8286 8283 
supercomputing 1 11997 
machines 12 8302 7622 9680 13571 7075 13572 7894 7093 7641 13573 13574 8344 
parlog 1 7591 
extension 2 8158 8088 
unified 1 4642 
product 2 4642 6617 
quadtree 1 1408 
gigabit 2 7076 8853 
energy-efficient 1 7622 
gpu-accelerated 1 9308 
e-book 1 8566 
plane 3 8777 12869 7076 
classification 7 3557 1191 7856 7558 7859 7857 7622 
multifaceted 1 7622 
nl 5 7076 9680 7075 7093 7641 
design 16 6406 6407 6408 4512 5599 5601 4295 7400 4475 5514 7667 8083 7668 9288 8158 8088 
technology 2 9679 8853 
selective 1 6617 
location 1 8283 
recognition 2 9676 9677 
space-shared 2 8109 8867 
reliability 3 8348 8286 8283 
perspectives 1 11997 
carpet 1 8533 
padicotm 2 12028 12029 
study 7 18127 7302 8063 9514 7591 7668 8885 
computing 65 8756 7559 7560 7562 7563 7564 7400 10145 7302 7301 8362 11321 11322 10601 7129 7130 9786 7265 7881 7882 8348 8349 8350 9444 9445 9446 10061 8566 7573 11026 7078 10553 12515 13282 9790 13472 7059 7622 7063 11459 13021 13022 9800 13023 4269 8574 6994 7667 7975 7591 8083 7668 8008 8533 8158 9005 8088 8277 8278 8279 13524 7288 8789 13612 7592 
studies 1 7894 
or-forest-based 1 6617 
self-stabilization 1 9514 
multi-class 2 18101 18102 
fatigue 1 3256 
directions 3 12609 12610 12611 
high-definition 5 11123 9308 11119 11118 11124 
level 11 7573 8810 5514 8532 8533 9256 9257 9258 7500 9259 9260 
results 2 350 240 
geoscience 1 8533 
age 1 350 
value 2 17566 8566 
developing 1 9790 
sets 14 19982 7288 11123 11693 9308 11694 11695 11119 7832 11118 11124 11696 11697 10777 
investigation 3 6696 6697 6699 
sla 8 8362 11322 8109 8566 10553 8866 8867 7622 
biology 1 10427 
parallelism 6 9402 9400 9401 9403 9404 7591 
live 9 9680 13571 7075 13572 7894 7093 7641 13573 13574 
challenges 2 8349 8532 
crowdsourcing 2 18101 18102 
workflow-based 1 11577 
machine 13 7667 7591 7668 9026 9027 9028 8344 8576 7592 12712 12713 12714 12715 
bag-of-task 4 8108 9672 9673 9674 
kl 1 7591 
parallelization 2 7268 6994 
content-based 4 18062 18063 18064 18065 
federate 1 8904 
curation 1 7288 
pooss 3 6617 10199 10200 
compressed 1 17774 
matching 1 4507 
overlay 4 7789 8897 8013 9288 
co-design 2 4507 4795 
emerging 4 7265 8348 8349 8350 
issues 3 7856 7667 7668 
executing 1 9186 
incremental 5 12276 12277 8018 8019 8020 
proteins 1 1191 
quicksort 1 7387 
multithreaded 3 7094 9658 9056 
pareto 3 9785 8897 7856 
mining 26 17986 17987 17988 3557 18750 17731 17734 18252 1191 19893 11305 10287 19894 7385 7573 6424 11758 8013 8532 9638 9639 8158 8088 13401 7288 7894 
wan 9 9680 13571 7075 13572 7894 7093 7641 13573 13574 
concept 1 7063 
nomadic 1 7789 
loss 1 9308 
application-level 5 7847 8665 11656 11657 7830 
volunteer 5 7265 9444 9445 9446 13524 
projection 6 1777 1778 18063 18064 19445 18252 
maximizing 1 8897 
way 1 9276 
limitations 1 7076 
runtime 8 8362 8171 8172 8173 8174 7667 8363 7668 
grid-based 6 8777 8778 8779 8780 7076 7075 
customized 3 9185 9186 9187 
enhanced 4 9676 9677 9056 8024 
network 26 350 12647 7789 7559 7560 8362 9785 9786 8897 7265 9057 9058 9059 7573 7078 8810 9800 7076 7667 7668 8013 9288 7075 7894 7641 9308 
online 1 9056 
risk 2 7573 11455 
real 1 9514 
autonomic 14 8109 8348 8349 10061 10062 10063 10064 7573 10553 8866 8867 13282 8533 8088 
selected 2 8904 7667 
ethernet 2 7076 8853 
gaussian 2 18869 18870 
driven 7 7559 7560 7302 7301 8362 8897 11455 
scalable 19 18062 18063 18064 18065 10601 7387 10061 12276 12277 8301 8665 13023 9056 7667 12725 11997 7668 7288 8789 
ultra-high-definition 2 7288 8789 
mixed 1 11305 
cooperation 1 7302 
spectra 4 4507 8532 9638 9639 
swarm 1 8885 
tuning 2 8362 8533 
healthcare 7 7559 10145 8362 11322 7385 7388 7387 
abstract 1 8344 
caast 1 5514 
application 17 10601 7573 9790 10704 10705 10706 8324 5514 8083 11997 12171 9005 8277 8278 8279 7830 11480 
smp 2 8362 8363 
infrastructure-level 1 7622 
resource 49 12647 7559 7560 7562 7563 7564 7400 8362 12794 8897 7265 8108 8109 8110 9444 9445 9446 7573 11026 7078 9790 13472 10124 10125 10126 10127 10128 10129 8302 8301 7622 11455 8324 5514 7076 7668 7181 8013 8014 8015 8016 8017 8018 8019 8020 10365 8158 8088 9679 
synchronization 1 7302 
readers 1 8566 
multi-cluster 2 7265 7078 
macroscopic 1 8277 
rapid 2 4819 4475 
convolution 1 7591 
section 33 7789 8362 7856 8777 7573 7078 5514 11459 13021 13022 9800 13023 7365 9056 7076 7268 8949 8574 8521 6994 7667 8063 12725 8083 8532 8158 9005 8088 8746 7288 8789 8582 8583 
ip 2 9679 8853 
human 5 4507 19893 11305 10287 19894 
rdma-enabled 1 9800 
multi-paradigm 2 8362 8363 
real-world 1 7268 
local 5 4507 17774 9676 9677 9790 
bottlenecks 1 8566 
multicluster 1 7668 
smart 2 11455 8344 
intelligent 1 7894 
mpi 7 7667 12278 8363 12279 12280 7975 7668 
demand-paging 1 350 
qos 11 8961 4277 8962 8963 3256 8964 7573 7622 7076 7075 7641 
collaborative 25 6406 6407 6408 6696 6697 6699 4277 3256 4475 11997 8158 8088 7093 11123 11693 9308 11694 11695 11119 7832 11118 11124 11696 11697 10777 
starcave 2 8746 7288 
reliability-based 1 4512 
characterization 1 8904 
optimal 6 1408 7856 7558 7859 7857 7500 
spot 2 7265 7266 
providers 2 8302 7622 
scheme 3 4642 8286 8283 
forward 1 9308 
maximization 1 7622 
asynchronous 4 5003 5111 4507 7667 
high-level 4 8324 5514 9658 9056 
signature 2 8286 8283 
homogeneous 1 2723 
multicomputer 2 8532 8533 
cell 1 6994 
international 8 7076 7833 8746 7288 8789 7894 7832 7830 
constraints 3 1191 11305 7400 
high-performance 15 7078 4269 7076 7591 8083 7668 8158 9005 8088 7894 7592 9308 11656 11657 7830 
hpc 11 7559 8362 12794 7385 8182 8183 7388 7387 10892 8083 8885 
look-ahead 3 8348 8286 8283 
content 4 18127 1191 17566 8533 
disaster 2 7302 7301 
price 2 7265 7266 
trademark 1 18127 
metric 1 19982 
conflict 1 17566 
load 3 350 7847 7846 
elastic 5 8108 8109 8110 8349 8721 
trends 5 7559 8362 12794 7573 8063 
vm 1 7622 
face 3 18252 9676 9677 
textual 1 1191 
conversion 1 2723 
fairshare 1 8301 
simple 1 9276 
data 100 3557 18750 1002 17731 17733 17734 17735 18247 18248 18869 18870 19982 1408 1191 17774 8756 7559 7560 7564 7400 10145 7302 7301 8362 11321 11322 10601 7385 8182 7388 7387 9785 9786 8897 7856 7558 7859 7857 8963 12842 7847 7846 12843 4819 4475 8777 7265 7411 7412 7413 7414 7415 8109 10061 10062 10063 10064 7573 11026 7078 8866 8867 12125 7622 5514 7363 7364 7365 7366 12869 7076 8521 9276 7591 10932 11997 8013 8532 9638 9639 8158 8088 13401 7500 7288 7894 6617 11577 11123 11693 9308 11694 11695 11119 7832 11118 11124 11696 11697 10777 
differences 2 7591 7592 
digital 5 7076 8746 7288 8789 7894 
hoc 1 6617 
aspen 1 13516 
critical 1 7302 
personal 1 7288 
utilization 3 2723 8109 8867 
easy 1 9276 
composing 5 11102 11103 11104 11105 11106 
dynamics 3 7265 7266 8885 
ve 1 4269 
grade 1 9056 
debugging 3 9790 9056 7268 
initiative 2 7076 7894 
terastream 1 7894 
makespan 3 8348 8286 8283 
aneurism 1 8885 
facilitate 2 7076 7075 
news 1 7400 
matrix 1 8885 
life-cycles 1 4642 
grads 1 7667 
multi-tenancy 1 7573 
interoperability 6 11453 8302 8301 11656 11657 7830 
fault 4 5514 9800 7667 7668 
selection 17 17731 17733 17734 17735 7856 7558 7859 7857 7411 7412 7413 7414 7415 7078 8302 8301 5514 
top-down 3 6406 6407 6408 
adaptation 4 6407 6524 7078 9790 
biometrics 1 4507 
ensemble 1 13524 
slas 1 7622 
icpads 1 8904 
overview 1 11902 
xslt 1 1499 
modeling 16 4642 1408 17566 7302 7301 12842 7847 7846 12843 4819 4475 7265 7078 9790 8885 7894 
mixture 2 18869 18870 
high-tech 1 7302 
robustness 1 8897 
infrastructure 9 8362 7573 5514 4269 8363 9005 8885 7093 11480 
wrapping 1 7573 
publishing 5 7856 7558 7859 7857 8283 
coding 3 11834 11835 7288 
optical 13 8778 7076 7591 7833 9679 8853 7288 8789 7075 7894 7641 7832 7830 
astrophysics 6 7894 8986 8987 8989 8990 8991 
queue 1 240 
portable 1 11360 
preprocessing 3 8532 9638 9639 
jpeg 1 9308 
multi-layer 3 7076 9679 8853 
simplification 1 4795 
terms 2 8324 5514 
congestion 1 7181 
analysing 1 12125 
pushing 1 1191 
solvers 1 7975 
inspection 1 5514 
piomt 1 7078 
finite 1 6994 
gbps 1 10932 
th 3 8348 8349 8350 
conservative 3 4512 5599 5601 
metrics 3 7622 7267 7268 
parameters 5 4512 5599 5601 3256 9790 
cellular 5 8533 8277 8278 8279 8885 
networks 42 350 7789 9736 7559 7560 7564 7387 7859 8778 7265 7573 8283 7078 7076 7833 9917 12048 12049 10932 12050 9679 8853 9680 9681 7288 7075 7894 7093 7641 11123 11693 9308 11694 11695 11119 7832 11118 11124 11696 11697 10777 7830 
quanta 1 7288 
inherent 3 18246 18247 18248 
dataspaces 1 8963 
association 1 1191 
maintenance 1 4642 
transient 1 7789 
multi-domain 5 8778 7076 8853 7075 7641 
white 1 2723 
xml 1 17774 
dtv 1 3256 
physically 1 10777 
workflow 23 5003 4507 9419 7385 8182 8183 7388 7387 8777 7265 8348 8286 8283 9790 11453 8302 8301 8324 8810 5514 7365 7268 7667 
cpu-based 1 7622 
logic 5 1777 1778 8532 8533 6617 
reduce 1 7387 
size 4 350 6994 8576 7592 
terascope 1 7288 
input 1 7078 
bursty 1 7573 
frame 3 11834 11835 5514 
uncorrelated 2 18247 18248 
comparative 1 7591 
service-oriented 4 8756 7573 8301 5514 
hyperflow 1 7094 
capacities 1 7387 
natural 3 7302 7301 9308 
empirical 2 7302 8277 
crashworthiness 3 4512 5599 5601 
mean-field 1 9295 
model 40 350 5004 4507 18062 18063 18064 18065 18869 18870 7385 8182 8183 7388 7387 7558 8963 8777 7265 8566 7573 7078 11453 8302 8301 7622 7094 9056 12869 7076 7268 8574 7591 10365 8158 8088 8277 8278 8279 7500 6617 
testbed 3 7076 10932 7894 
interconnection 2 7265 7078 
multiparty 5 11123 9308 11119 11118 11124 
massively 4 11757 11758 11759 11760 
instrumentation 1 9180 
engineering 4 4507 4642 4795 4475 
facility 3 8746 7288 8789 
complete 1 8088 
tolerant 2 7667 7668 
single-queue 1 350 
allocation 20 12647 7559 7560 7562 7563 7564 7400 8897 8109 11026 7078 8867 10124 10125 10126 10127 10128 10129 7500 9679 
real-time 12 7385 7388 7387 8324 8810 5514 7094 13561 8746 7288 8789 6617 
autostereoscopic 1 7288 
tor 1 7847 
vlam-g 8 8777 8778 8779 8780 7076 11335 11336 11337 
functions 1 18252 
trace 1 8521 
task-level 3 7385 7388 7387 
sweeps 1 9790 
provider 3 7573 7076 7075 
severity 1 8756 
svm 1 1191 
web-based 1 4795 
principles 2 13023 8344 
demonstration 2 7288 8789 
recovery 1 4295 
infinite 2 1777 1778 
discovering 5 1191 19893 11305 10287 19894 
organic 1 2723 
school 1 7975 
tracking 1 4295 
supporting 3 7622 12034 12035 
stented 1 8885 
grain 2 8576 7592 
temporal 3 1777 1778 7400 
service 59 4795 7387 8961 4277 8962 8963 3256 8964 7411 7412 7413 7414 7415 8348 8349 9057 9058 9059 8566 7573 7078 13282 10707 11452 11453 8302 8301 11454 7059 7622 11455 7063 8665 11456 8324 8810 5514 11457 11458 11459 11460 11461 11462 11463 7076 7267 7268 9513 9514 10932 8013 9288 9256 9257 9258 7500 9259 9260 7075 
microscopic 1 7076 
coupled 3 8904 13662 8885 
server 8 8109 8866 8867 10892 7769 11297 11298 11299 
operations 1 7591 
success 2 5004 7302 
consolidation 3 8109 8866 8867 
selfish 1 6994 
perpetual 1 8566 
test 1 11902 
risks 1 7622 
indexing 1 19982 
bases 1 7558 
lookup 1 17774 
prototype 4 10140 10141 8904 10142 
maintaining 2 4277 3256 
time-varying 1 7387 
center 2 8756 7560 
open 4 8349 12028 12029 7668 
varrier 1 7288 
approximations 1 10427 
page 1 350 
watching 1 3256 
file 4 240 7387 8158 8088 
evolutionary 4 7559 7560 8362 7268 
business-driven 1 7622 
deployment 6 8961 4277 8962 8963 3256 8964 
high-dimensional 2 18247 18248 
igrid 5 7076 8746 7288 8789 7894 
compression 2 7859 9308 
groups 1 7385 
aneka 3 8108 8109 8110 
information 11 3557 18750 8283 7667 7668 8533 9679 11707 11708 11709 9180 
problems 4 7129 7130 8533 13524 
gpus 1 7591 
national 1 7975 
ars 2 8362 8363 
art 2 8349 10777 
experimental 3 7076 9514 7894 
prevent 1 7181 
interaction 8 19893 11305 10287 19894 8008 8582 8583 9308 
analytics 2 10601 10061 
flows 5 7076 8277 8278 8279 9308 
tree-based 4 19893 11305 10287 19894 
fgcs 1 8344 
record 1 240 
tax 1 7385 
ccgrid 2 11572 12125 
associations 1 1191 
trees 3 17986 17987 17988 
computation 5 8182 11453 8302 8301 7094 
language 5 11453 8302 8301 8533 8344 
fault-tolerant 10 7789 9736 7667 7668 9256 9257 9258 7500 9259 9260 
wans 2 7076 8853 
assisted 2 7856 7859 
examination 1 7076 
collaboration 9 5003 5111 4507 4475 12125 9917 7288 8789 6617 
trade-off 2 8897 7881 
tomorrow 1 9005 
query 1 7400 
haar 2 18731 17774 
ground 2 18101 18102 
minigrid 1 12647 
effective 7 7847 7846 8986 8987 8989 8990 8991 
sensing 2 7302 7301 
mode 2 11834 11835 
particle 3 6994 8885 10427 
southern 1 5004 
accurate 1 1408 
summarization 1 18127 
d-grid 3 7063 9056 8083 
novi 5 9679 11707 11708 11709 9180 
contracts 2 8810 5514 
contextualized 1 7789 
deterministic 1 10427 
backplane 1 7668 
small-world 2 7789 9736 
logo 1 18127 
failures 1 350 
centered 1 7560 
migration 15 8904 8109 7573 8866 8867 7667 9680 13571 7075 13572 7894 7093 7641 13573 13574 
labeled 4 17986 17987 17988 18252 
catallactic 1 7573 
admissible 6 10124 10125 10126 10127 10128 10129 
associative 1 4642 
access 6 7400 8963 7078 9276 8158 8088 
research 10 7076 11997 7288 7894 7093 8986 8987 8989 8990 8991 
integrated 7 4507 4795 8362 8363 8746 7288 8789 
cardiac 1 9790 
paradigms 1 12725 
balancing 2 8779 11309 
relational 1 8182 
self-organizing 1 8533 
cloud 68 7560 7563 7400 10145 9402 10601 7385 8182 8183 7388 7387 7859 12842 7847 7846 12843 4819 4475 7265 7266 7881 7882 8109 8348 8349 8350 10061 10062 10063 10064 8566 7573 11026 7078 10553 8866 8867 12515 10707 11452 11453 8302 8301 11454 7059 7622 11455 7063 8665 11456 8324 8810 5514 11457 11458 11459 11460 11461 11462 11463 9400 9401 9403 9404 6994 8083 8088 8885 
tcp 1 7076 
attack 1 7847 
based 39 3557 18750 5004 5006 5007 7789 7560 7856 7558 7859 7857 7847 7846 8566 9790 8302 8301 8324 5514 13023 7094 9056 7076 13561 6994 12278 8363 12279 12280 7975 8158 8088 10427 9680 9180 7075 7093 7641 10777 
cyber-physical 1 11305 
taxonomies 1 17774 
annealing 1 9295 
users 7 8961 4277 8962 8963 3256 8964 7573 
solutions 2 7129 7130 
functional 2 7288 8789 
gridway-based 1 7573 
datacenter 1 8301 
on-line 1 9056 
impact 2 8566 7573 
diodes 1 2723 
wsrf 2 8013 13401 
tools 9 7559 10145 8362 9056 8949 8574 8521 8363 11360 
terabit 2 7288 8789 
divisible 1 7500 
wavelets 2 18731 17774 
power 6 7559 7564 3256 7573 7076 7075 
data-flow 1 13023 
bregman 1 18252 
reduction 10 9026 9027 9028 8344 8576 7592 12712 12713 12714 12715 
fisher 2 9676 9677 
visualisation 5 5003 5111 4507 8582 8583 
repair 1 4642 
kites 1 10777 
amplified 1 7288 
directly 1 8904 
korea 1 8566 
cards 1 8344 
systems 44 350 5003 4507 7789 11305 7559 7562 7564 7400 8904 7302 8362 12794 7385 8182 8183 7388 7387 7856 8777 7265 9444 9445 9446 7573 7078 10704 10705 10706 9800 7365 7268 7181 7182 8013 8014 8015 8016 8017 8018 8019 8020 8088 8344 
flank 1 4507 
portal 7 8533 8789 8986 8987 8989 8990 8991 
global 11 9419 8108 9672 9673 9674 7076 7667 8746 7288 8789 7894 
symbolic 1 7268 
data-intensive 8 7559 7302 7301 8362 11321 11322 9402 7076 
properties 1 8885 
modelling 14 4642 7559 7560 7302 2723 7301 11141 11142 11143 9402 9790 8277 8885 10427 
market 2 8566 7573 
environment 30 13516 8756 10061 10062 10063 10064 7078 11453 8302 8301 5514 9056 7076 12034 12035 7667 10892 11902 7769 11997 7668 8013 8532 8533 9638 9639 8088 8277 8278 8279 
importance 1 5514 
window 1 1408 
program 11 8362 9056 7268 8949 8574 8521 11731 11732 11733 11734 11902 
images 4 18127 18252 7302 7301 
gintr 1 4295 
emitting 1 2723 
passing 2 6994 7667 
management 39 1002 4642 7789 7559 7564 8897 8961 4277 8962 8963 3256 8964 7881 8349 7573 11026 7078 8301 7059 7622 11455 7063 8324 8810 5514 7076 9276 8063 11805 9288 8158 8088 9256 9257 9258 7500 9259 9260 7075 
efficient 15 18731 17774 7400 7387 4277 3256 11026 7078 10125 5514 11758 12725 8018 8019 8020 
disque 1 350 
sgrid 1 7573 
behaviour 1 350 
agents 3 12647 7562 6994 
object 1 8885 
licenses 2 7059 7063 
analytical 2 7265 7078 
meikus 1 12373 
recent 3 8904 9790 9005 
displays 1 8789 
parameter 1 9790 
graph 9 17731 17733 17734 17735 7412 7414 7415 12523 8576 
interactive 9 8324 8810 5514 7547 11123 9308 11119 11118 11124 
rule 1 1191 
observing 1 9186 
graphics 1 7288 
operators 2 8182 7975 
netsolve 1 7667 
p-content 1 7573 
crowd 8 7559 7560 7302 2723 7301 11141 11142 11143 
coalition 1 7400 
aerospace 1 11997 
error 3 8948 8949 9308 
website 1 18127 
processors 1 7667 
rules 1 1191 
technologies 1 4475 
multimedia 7 7856 7591 11123 9308 11119 11118 11124 
term 2 7847 7846 
cinema 3 8746 7288 8789 
applied 1 10427 
shedding 1 8746 
context 2 7076 7075 
multiple-perspective 1 12647 
probabilistically 2 17731 17734 
guarantee 2 8286 8283 
cluster 13 7559 7560 7400 7302 9402 8897 7078 12515 9400 9401 9403 9404 7667 
channel 1 9790 
