<Keyword> <No of vertices> <vertex1> <vertex2> .... <vertexN> 
predicting 4 18656 18657 18658 18659 
using 33 18279 19861 19862 18303 18304 18305 18313 18314 18315 18329 18330 18489 19479 19480 19481 18515 18516 18517 18552 18553 18554 18591 18592 18593 18615 18616 18860 18861 19046 19047 19048 19051 19784 
nested 3 18238 19028 19029 
store 4 18390 18391 18392 18393 
desktop 2 18958 18959 
managing 5 18669 18670 18948 18949 18950 
metagraph 1 18923 
time 6 18395 18396 19103 18998 18999 19000 
search 14 18504 18505 18531 18532 18533 18534 18751 18752 18753 18754 18795 18796 18892 18893 
e-commerce 2 19107 19108 
once-for-all 3 18313 18314 18315 
features 3 19071 19072 19073 
role 1 18456 
taxonomy 5 18725 18726 18727 18728 18729 
generation 5 18812 18813 18814 18815 18816 
objects 5 18226 18227 18228 18529 18530 
intelligence 1 18890 
discrimination 3 18279 19861 19862 
patterns 5 18395 18396 18515 18516 18517 
converting 3 18948 18949 18950 
image 11 18751 18752 18753 18754 19046 19047 19048 19049 19050 19051 19052 
optimization 2 18450 18451 
gis 3 18948 18949 18950 
residual 2 18401 19937 
number 1 18409 
evolution 1 18456 
c-medoids 2 18317 19180 
deception 3 18256 18257 18258 
editor 1 18757 
distribution-index-based 4 18849 18850 18851 18852 
repertory 2 18462 18912 
explicit 4 18303 18304 18305 18389 
codes 1 18404 
view 7 18226 18227 18228 18279 19861 19862 18646 
artificial 1 18890 
mechanisms 3 18817 18818 18819 
discovery 6 18401 19937 18860 18861 18910 18911 
introduction 1 18757 
review 2 18441 18702 
assessing 3 18591 18592 18593 
knowledge 37 18303 18304 18305 18389 18390 18391 18392 18393 18420 18421 18422 19448 18462 18912 18585 18586 18587 18626 18627 18628 18629 18757 18836 18837 18863 18864 18865 18910 18911 18938 18939 18946 18947 19012 19013 19054 19055 
rex 2 19054 19055 
knowledge-based 3 18576 19012 19013 
rival 1 18409 
imbalance 2 18441 18442 
comparing 2 18317 19827 
coupling 2 18686 18687 
trellises 3 18303 18304 18305 
execution 2 19028 19029 
training 4 18348 18349 18441 18442 
naive 3 18559 18560 18561 
programming 4 18486 18487 18488 18489 
object-oriented 8 18456 18502 18503 18920 18921 18948 18949 18950 
domain 13 18656 18657 18658 18659 18812 18813 18814 18815 18816 18836 18837 19091 19092 
nec 2 18441 18501 
clustering 23 18409 18461 18462 18667 18668 18588 18589 18590 18686 18687 18803 18804 18805 18809 18810 18811 19026 19027 19051 19784 19097 19098 19099 
recomputation 3 18453 18454 18455 
intensive 2 18938 18939 
analysis-based 1 18460 
time-series 3 18803 18804 18805 
linear 3 18348 18349 19036 
chromaticity 3 19046 19047 19048 
needs 2 18229 18230 
constrained 2 18329 18330 
web 10 18229 18230 18304 18389 19473 18764 18765 18766 18767 18768 
increasing 1 18261 
join 3 19001 19002 19003 
cutting 2 18348 18349 
electronic 5 18812 18813 18814 18815 18816 
attribute-based 1 18452 
solving 5 18511 18512 18522 18523 18524 
new 4 18395 19103 18892 18893 
expertise 2 18462 18912 
averaging 3 18585 18586 18587 
sequence 8 18272 18273 18274 18317 19180 18998 18999 19000 
guest 1 18757 
datalog 3 18683 18684 18685 
testing 6 18279 19861 19862 18573 18574 18575 
configuration 2 18511 18512 
comments 2 19107 19108 
categorization 6 18303 18304 18305 18559 18560 18561 
methods 2 18441 18442 
libraries 3 18573 18574 18575 
semi-supervised 3 18588 18589 18590 
change 5 18764 18765 18766 18767 18768 
tool 4 18626 18627 18628 18629 
normal 2 18238 18535 
privacy-preserving 4 18777 18778 18779 18780 
distributed 20 18222 18223 18224 18225 18368 19522 18404 18456 18521 18461 18462 18511 18512 18576 18777 18778 18779 18780 18806 18807 
abstractions 2 19091 19092 
architecture 2 18420 19448 
usability 3 18313 18314 18315 
distortion 3 18313 18314 18315 
software 3 18757 18938 18939 
compact 2 18238 18905 
medical 3 18875 18876 18877 
polymorphism 1 18456 
bayesian 6 18552 18553 18554 18585 18586 18587 
future 2 18747 18748 
description 3 18368 19522 18891 
heuristics 4 18981 18982 18983 18984 
reputation 3 18817 18818 18819 
processing 14 18222 18223 18224 18225 18367 18368 19314 19315 19316 18404 18420 18421 18422 18576 
reviewer 2 19059 19060 
derived 2 18450 18451 
traversal 1 19036 
motion 3 18863 18864 18865 
cost-sensitive 2 18441 18442 
classifiers 4 19049 19050 19051 19052 
enhancing 3 18462 18667 18668 
automatic 6 18409 18812 18813 18814 18815 18816 
ontology 7 18229 18230 18747 18748 19071 19072 19073 
tensor-based 6 18927 18928 18929 18930 18931 18932 
imprecise 2 18662 18663 
pooling 2 18353 18354 
detection 17 18256 18257 18258 18272 18273 18274 18316 18317 18318 18764 18765 18766 18767 18768 18887 18888 18889 
better 2 19054 19055 
recursive 6 18368 19522 18401 19937 18600 18601 
similarity 8 18386 18387 18645 18787 18788 18789 18790 19058 
behavioral 5 18694 18695 18696 18697 18698 
active 10 18279 18439 18453 18454 18455 18588 18589 18590 19528 19529 
queries 10 18366 18367 18368 18369 18662 18663 18724 19060 19208 19209 
streams 12 18222 18223 18224 18225 18803 18804 18805 19001 19002 19003 19026 19027 
diversification 1 18220 
example 4 18303 18304 18305 18389 
segmental 2 19020 19021 
fast 6 18222 18223 18224 18225 18615 18616 
phase 2 18395 18396 
sparse 1 18404 
extending 6 18331 18332 18333 18334 18335 18336 
mobile 2 18958 18959 
heterogeneous 2 18795 18796 
one-phase 2 18806 18807 
neurocomputing 2 19051 19784 
set 6 18316 18317 18318 18435 18436 18437 
reconstructed 2 18395 18396 
analysis 20 18317 19180 18401 19937 18529 18530 18662 18663 18686 18687 18725 18726 18727 18728 18729 18863 18864 18865 18894 18895 
typed 3 18226 18227 18228 
wireless 5 18224 18971 18972 18973 18974 
generalization 4 19049 19050 19051 19052 
integration 8 18303 18304 18305 18389 18491 18492 18493 18494 
fuzzy 18 18531 18532 18533 18534 18573 18574 18575 18892 18893 18923 18948 18949 18950 19051 19784 19097 19098 19099 
multivariate 5 18694 18695 18696 18697 18698 
universal 2 18633 18634 
types 4 18849 18850 18851 18852 
activity 2 19020 19021 
rbf 2 18615 18616 
outlier 3 18316 18317 18318 
parallel 5 18420 18421 18422 19448 18793 
updates 2 18669 18670 
precision 2 18583 18584 
multiparadigmatic 5 18756 18757 18758 18759 18760 
prediction 9 18224 18971 18972 18973 18974 18395 19103 18894 18895 
semantic 12 18585 18586 18587 18633 18634 18645 19024 19025 19062 19063 19091 19092 
iterative 2 18958 18959 
memory 4 18224 19009 19010 19011 
transformation 6 18261 18367 18368 19314 19315 19316 
materialization 2 18450 18451 
ai 4 18849 18850 18851 18852 
entire 2 18733 18734 
dimension 5 18506 18507 19064 19065 19066 
acid 2 18317 19180 
ariel 1 18279 
relations 2 18368 19522 
propositional 2 18462 18912 
vandalism 2 18397 18398 
multi-dimensional 2 19107 19108 
cooperative 6 18724 18795 18796 18817 18818 18819 
approach 37 18256 18257 18258 18460 18462 18912 18473 18486 18487 18488 18489 18491 18492 18493 18494 18511 18512 18522 18523 18524 18591 18592 18593 18646 18866 18896 18897 18898 18899 18900 18923 18927 18928 18929 18930 18931 18932 
numerical 2 18860 18861 
box 7 18366 18367 18368 18369 18591 18592 18593 
spatio-temporal 2 18563 18564 
graphs 2 19024 19025 
contamination 3 18680 18681 18682 
nonlinear 6 18845 18846 18847 19064 19065 19066 
manager 3 18627 18628 19276 
inference 3 18585 18586 18587 
reusable 2 18795 18796 
nonmonotonic 3 18915 18916 18917 
implementations 3 18573 18574 18575 
neural 5 18329 18330 18441 18442 18501 
sensor 8 18224 18971 18972 18973 18974 19001 19002 19003 
improved 3 18453 18454 18455 
argumentation 3 18915 18916 18917 
load-balancing 1 18793 
metainformation 2 18795 18796 
densities 3 18417 18418 18419 
graphical 3 18800 18801 18802 
minimizing 3 18313 18314 18315 
oriented 3 18230 19724 19725 
concurrency 2 18456 18521 
guarantees 5 18896 18897 18898 18899 18900 
approximate 4 18224 19009 19010 19011 
cocite 2 18240 18241 
fully 2 18456 18521 
creating 2 18836 18837 
programs 3 18508 18509 19036 
structure 3 18610 18611 18612 
support 2 18348 18349 
amino 2 18317 19180 
adaptive 2 18791 18792 
deadlocks 2 18806 18807 
recommendation 5 18896 18897 18898 18899 18900 
establishing 3 18573 18574 18575 
intensional 1 18724 
distribution 2 18709 18710 
agent-based 2 19062 19063 
flex 1 18724 
abstraction 2 18633 18634 
e-brainstorming 2 19062 19063 
rankrc 3 18845 18846 18847 
querying 6 18927 18928 18929 18930 18931 18932 
measures 5 18435 18436 18437 18508 18509 
multi-label 2 18441 18702 
envelopment 1 18460 
different 3 18375 18376 18377 
series 6 18395 18396 19103 18998 18999 19000 
binary 4 18404 18417 18418 18419 
ontologies 3 18362 18363 18364 
merge 2 18946 18947 
diabetes 6 18331 18332 18333 18334 18335 18336 
arbitration 2 18946 18947 
constraint 2 18529 18530 
space 2 18395 18396 
addressing 2 18441 18442 
decision 3 18303 18304 18305 
algorithm 18 18317 19180 18453 18454 18455 18764 18765 18766 18767 18768 18806 18807 18809 18810 18811 19097 19098 19099 
statistical 4 18256 18257 18258 18535 
hashing 2 18709 18710 
explaining 2 19024 19025 
acquisition 5 18462 18912 18863 18864 18865 
labeling 2 18958 18959 
r-trees 2 18669 18670 
distance 2 18386 18387 
inverse 3 19064 19065 19066 
wiki 3 19071 19072 19073 
probabilistic 7 18304 18389 19473 18362 18363 18364 18793 
vagabond 1 18866 
files 5 18948 18949 18950 19028 19029 
diversity 4 18849 18850 18851 18852 
nonordered 4 18366 18367 18368 18369 
schemes 2 19012 19013 
spatial 2 18473 19058 
boosting 3 18399 18400 18401 
sequences 5 18489 19479 19480 19481 18793 
movie 7 18591 18592 18593 18656 18657 18658 18659 
links 1 18645 
bayes 3 18559 18560 18561 
decoupled 5 18896 18897 18898 18899 18900 
frequent 6 18515 18516 18517 18669 18670 18793 
machines 2 18348 18349 
product 2 19059 19060 
unified 5 18303 18304 18305 18389 19473 
quadtree 1 18473 
reasoning 6 18573 18574 18575 18915 18916 18917 
authoring 3 19071 19072 19073 
persistent 4 18390 18391 18392 18393 
plane 2 18348 18349 
nodes 5 18552 18553 18554 19024 19025 
rule-based 4 18261 18508 18509 18923 
cross-language 2 18397 18398 
classification 7 18420 19448 19051 19784 19097 19098 19099 
wikipedia 2 18397 18398 
method 22 18366 18367 18368 18369 18395 18396 19103 18583 18584 18812 18813 18814 18815 18816 18863 18864 18865 18887 18888 18889 19069 19070 
capabilities 4 19049 19050 19051 19052 
partially 2 18686 18687 
efficiency 1 18452 
design 17 18279 18376 19096 18529 18530 18809 18810 18811 18817 18818 18819 18875 18876 18877 18948 18949 18950 
recognition 2 18615 18616 
disk 3 18375 18376 18377 
snap 3 18420 18421 18422 
study 5 18238 18656 18657 18658 18659 
authorization 2 18502 18503 
computing 9 18645 18849 18850 18851 18852 18958 18959 19107 19108 
helpfulness 2 19059 19060 
subtle 4 19049 19050 19051 19052 
partitioning 2 18401 19937 
foundations 2 18920 18921 
rare 3 18845 18846 18847 
prioritized 3 18915 18916 18917 
value 3 18863 18864 18865 
sets 9 18316 18317 18318 18504 18505 18849 18850 18851 18852 
applications 2 18669 18670 
penalty 2 18329 18330 
parallelism 1 18261 
challenges 2 18747 18748 
reviews 6 18656 18657 18658 18659 19059 19060 
musical 2 18615 18616 
controlled 1 18409 
topological 5 18367 18368 19314 19315 19316 
machine 2 18958 18959 
relative 4 18588 18590 19528 19529 
content-based 7 18787 18788 18789 18790 19046 19047 19048 
expressions 3 18453 18454 18455 
recognitionby 2 19020 19021 
semiautomatic 2 19069 19070 
geometry-based 1 19058 
matching 12 18224 19009 19010 19011 18583 18584 18747 18748 18787 18788 18789 18790 
representing 2 18462 18912 
bagging 2 18791 18792 
dust 4 18489 19479 19480 19481 
meta-knowledge 2 18910 18911 
incremental 3 18453 18454 18455 
hybrid 4 18491 18492 18493 18494 
conceptual 3 18809 18810 18811 
mining 32 18229 18230 19724 19725 18462 18667 18668 18585 18586 18587 18610 18611 18612 18656 18657 18658 18659 18694 18695 18696 18697 18698 18793 18998 18999 19000 19020 19021 19059 19060 19107 19108 
genres 2 18615 18616 
way 2 19054 19055 
estimating 4 18583 18584 19059 19060 
security 1 18452 
network 6 18703 18704 18849 18850 18851 18852 
online 14 18256 18257 18258 18656 18657 18658 18659 18777 18778 18779 18780 18817 18818 18819 
risk 6 18331 18332 18333 18334 18335 18336 
overlapping 3 18800 18801 18802 
paths 3 18515 18516 18517 
considerations 3 18875 18876 18877 
gaussian 3 18800 18801 18802 
automatically 2 18229 18230 
scalable 5 18694 18695 18696 18697 18698 
path 6 18604 18605 18606 18607 18608 18609 
generator 5 19083 19084 19085 19086 19087 
dimensionality 6 18329 18330 18506 18507 18735 18736 
spatiotemporal 3 18316 18317 18318 
grid 4 18462 18912 19028 19029 
various 1 18238 
workloads 3 18375 18376 18377 
quantitative 3 18585 18586 18587 
p-trees 3 18610 18611 18612 
abstract 2 18860 18861 
answering 6 18573 18574 18575 19060 19208 19209 
building 1 18645 
application 5 18506 18507 18998 18999 19000 
validation 10 18812 18813 18814 18815 18816 19083 19084 19085 19086 19087 
extend 2 19054 19055 
geospatial 6 18927 18928 18929 18930 18931 18932 
generating 2 18238 18905 
problem 9 18441 18442 18522 18523 18524 18981 18982 18983 18984 
interface 1 18724 
delay-sensitive 2 18376 19096 
regrets 4 18777 18778 18779 18780 
daily 5 18694 18695 18696 18697 18698 
optimizing 2 19028 19029 
section 1 18757 
database 32 18226 18227 18228 18279 18367 18368 19314 19315 19316 18376 19096 18439 18456 18573 18574 18575 18724 18751 18752 18753 18754 18809 18810 18811 18866 18875 18876 18877 19030 19031 19032 19033 
fuzzy-rough-based 2 18735 18736 
human 8 18694 18695 18696 18697 18698 18863 18864 18865 
balanced 2 19028 19029 
fuzzy-set-based 2 18395 18396 
terminological 3 18362 18363 18364 
identification 4 18368 19522 18395 19103 
redundancy-free 2 18238 18905 
implementation 3 18279 18958 18959 
real-world 5 18224 18971 18972 18973 18974 
scientific 4 18504 18505 18836 18837 
competitive 1 18409 
consistent 2 18733 18734 
changes 2 18240 18241 
guide 2 18795 18796 
technique 5 18313 18314 18315 18462 18912 
forecasts 2 18353 18354 
collaborative 7 19030 19031 19032 19033 19071 19072 19073 
micro-clusters 2 19026 19027 
characterization 2 18395 19103 
optimal 8 18375 18376 18377 18559 18560 18561 18709 18710 
companions 3 18522 18523 18524 
associate 3 18627 18628 19276 
feedback 5 18817 18818 18819 19107 19108 
schema 4 18456 18809 18810 18811 
scheme 2 18892 18893 
decomposition 6 18800 18801 18802 18863 18864 18865 
comprehensive 3 18375 18376 18377 
boolean 2 18686 18687 
feature 13 18417 18418 18419 18559 18560 18561 18751 18752 18753 18754 19097 19098 19099 
structured 3 18220 19051 19784 
elements 2 18450 18451 
signature 2 18709 18710 
going 1 18890 
static 1 18793 
defined 2 18686 18687 
update-intensive 2 18669 18670 
induction 2 18910 18911 
constraints 6 18313 18314 18315 18588 18589 18590 
time-sensitive 3 19060 19208 19209 
coordinating 2 18240 18241 
structures 1 18404 
models 5 18362 18363 18364 18703 18704 
provable 5 18896 18897 18898 18899 18900 
roles 3 18226 18227 18228 
elastic 3 18998 18999 19000 
devices 3 18375 18376 18377 
ideation 2 19062 19063 
rough-fuzzy 2 18317 19180 
complex 3 18395 18396 19103 
sort 2 19028 19029 
specifying 2 18529 18530 
events 2 18395 19103 
data 63 18224 18971 18972 18973 18974 18303 18304 18305 18366 18367 18368 18369 18375 18376 18377 19096 18417 18418 18419 18450 18451 18452 18460 18504 18505 18610 18611 18612 18633 18634 18686 18687 18694 18695 18696 18697 18698 18803 18804 18805 18849 18850 18851 18852 18891 18920 18921 18927 18928 18929 18930 18931 18932 18948 18949 18950 19001 19002 19003 19026 19027 19051 19784 
platforms 2 18958 18959 
influential 2 18892 18893 
designed 3 18435 18436 18437 
document 2 18461 18462 
personal 4 18531 18532 18533 18534 
autonomous 4 18777 18778 18779 18780 
assess 6 18331 18332 18333 18334 18335 18336 
concept-based 3 18462 18667 18668 
intrinsic 6 18506 18507 18777 18778 18779 18780 
replicated 2 18806 18807 
documents 4 18238 18905 18504 18505 
trust 2 19107 19108 
elevation 2 19069 19070 
learning 40 18220 18303 18304 18305 18389 18362 18363 18364 18397 18398 18409 18441 18702 18522 18523 18524 18588 18589 18590 19528 19529 18725 18726 18727 18728 18729 18777 18778 18779 18780 18787 18788 18789 18790 18981 18982 18983 18984 19062 19063 
singular 3 18863 18864 18865 
selection 16 18317 19180 18409 18417 18418 18419 18435 18436 18437 18559 18560 18561 18751 18752 18753 18754 
supervised 5 18725 18726 18727 18728 18729 
adaptation 1 18646 
relevancy 3 18573 18574 18575 
ensemble 2 18441 18501 
pattern 17 18395 19103 18401 19937 18694 18695 18696 18697 18698 18892 18893 19020 19021 19049 19050 19051 19052 
modeling 12 18256 18257 18258 18511 18512 18800 18801 18802 18894 18895 18920 18921 
preprocessing 1 18460 
inner 3 18998 18999 19000 
penalization 1 18409 
bots 2 18397 18398 
exploration 4 19030 19031 19032 19033 
scores 2 18317 19827 
practical 5 18224 18971 18972 18973 18974 
kernel-based 6 18591 18592 18593 18887 18888 18889 
hypertext 1 18645 
instance 3 18435 18436 18437 
automating 2 18462 18912 
networks 27 18224 18971 18972 18973 18974 18279 19861 19862 18303 18304 18305 18389 18329 18330 18441 18442 18552 18553 18554 18615 18616 18680 18681 18682 19001 19002 19003 
shared 6 18390 18391 18392 18393 19026 19027 
control 2 18456 18521 
contour 2 19069 19070 
text 13 18240 18241 18462 18667 18668 18559 18560 18561 19059 19060 19097 19098 19099 
belief 2 18703 18704 
starburst 1 18439 
association 9 18331 18332 18333 18334 18335 18336 18610 18611 18612 
condition 3 18279 19861 19862 
fractal-based 2 18506 18507 
maintenance 3 18279 19861 19862 
disjoint 3 18515 18516 18517 
relation 2 18633 18634 
maintainability 2 19012 19013 
alternative 2 18462 18912 
xml 2 18238 18905 
intended 2 18317 19827 
moments 3 19046 19047 19048 
economic 2 19059 19060 
querie 4 19030 19031 19032 19033 
prolog 2 19054 19055 
peculiarity 3 18230 19724 19725 
comparative 1 18238 
superblock 4 18981 18982 18983 18984 
case 4 18656 18657 18658 18659 
empirical 5 18725 18726 18727 18728 18729 
model 24 18375 18376 18377 18462 18667 18668 18552 18553 18554 18585 18586 18587 18633 18634 18894 18895 18948 18949 18950 19083 19084 19085 19086 19087 
rql 2 18600 18601 
lattice 2 19051 19784 
density 2 19026 19027 
estimation 2 18506 18507 
large-scale 3 18845 18846 18847 
engineering 5 18703 18704 18757 18938 18939 
peer-to-peer 2 18461 18462 
transaction-time 1 18866 
socialite 3 18683 18684 18685 
acquiring 2 18229 18230 
tolerant 1 18724 
exploratory 2 18662 18663 
performance 15 18375 18376 18377 18591 18592 18593 18656 18657 18658 18659 18875 18876 18877 18958 18959 
real-time 1 18576 
instruction 4 18981 18982 18983 18984 
question 3 18573 18574 18575 
multiple 7 18489 19479 19480 19481 19001 19002 19003 
ipss 4 18491 18492 18493 18494 
mellitus 6 18331 18332 18333 18334 18335 18336 
principles 2 18376 19096 
bio-basis 2 18317 19180 
recovery 1 18866 
manipulation 1 18473 
general 6 18522 18523 18524 19060 19208 19209 
discovering 5 18515 18516 18517 19024 19025 
effect 2 19012 19013 
change-point 3 18272 18273 18274 
fragments 2 18368 19522 
genetic 4 18486 18487 18488 18489 
temporal 15 18395 18396 19103 18604 18605 18606 18607 18608 18609 18694 18695 18696 18697 18698 18866 
classifier 5 18399 18400 18401 18892 18893 
implementing 3 18522 18523 18524 
operations 5 18226 18227 18228 18529 18530 
whitewater 4 18222 18223 18224 18225 
personalized 1 18220 
automated 5 19083 19084 19085 19086 19087 
person 3 18887 18888 18889 
statically 3 18226 18227 18228 
domains 4 18860 18861 19051 19784 
indexing 5 18366 18367 18368 18369 18923 
bases 8 18390 18391 18392 18393 18836 18837 18946 18947 
regression 5 18894 18895 19064 19065 19066 
graph-based 5 18756 18757 18758 18759 18760 
hierarchical 9 18803 18804 18805 18927 18928 18929 18930 18931 18932 
tree 3 18887 18888 18889 
comparisons 4 18588 18590 19528 19529 
page 8 18304 18389 19473 18764 18765 18766 18767 18768 
shadow 2 18686 18687 
sales 4 18656 18657 18658 18659 
hierarchically 2 18461 18462 
agile 2 18703 18704 
high-dimensional 3 18417 18418 18419 
watermarking 3 18313 18314 18315 
topic 6 18362 18363 18364 18887 18888 18889 
strategies 2 18450 18451 
information 6 18229 18230 18531 18532 18533 18534 
predicates 2 18563 18564 
subtree 4 18224 19009 19010 19011 
problems 2 18511 18512 
source-to-source 1 18261 
art 2 18747 18748 
random 3 18375 18376 18377 
interaction 3 18887 18888 18889 
like 2 18504 18505 
disks 4 18375 18376 18377 19096 
hungarian 5 18764 18765 18766 18767 18768 
record 4 18486 18487 18488 18489 
visual 5 18756 18757 18758 18759 18760 
logical 2 18686 18687 
planning 4 18491 18492 18493 18494 
compressing 6 18927 18928 18929 18930 18931 18932 
bond-tree 4 18366 18367 18368 18369 
combination 3 18353 18354 18923 
computation 6 18604 18605 18606 18607 18608 18609 
language 11 18226 18227 18228 18256 18257 18258 18600 18601 18683 18684 18685 
approaches 11 18367 18368 19314 19315 19316 18735 18736 18849 18850 18851 18852 
ranking 5 18317 19827 18845 18846 18847 
placement 4 18375 18376 18377 19096 
textbooks 5 18812 18813 18814 18815 18816 
google 2 18386 18387 
query 12 18367 18368 19314 19315 19316 18600 18601 18683 18684 18685 19028 19029 
complexity 5 18435 18436 18437 18508 18509 
techniques 11 18331 18332 18333 18334 18335 18336 18725 18726 18727 18728 18729 
retrieval 10 18420 19448 18787 18788 18789 18790 19046 19047 19048 19058 
updating 6 18927 18928 18929 18930 18931 18932 
effective 1 19058 
costs 2 18791 18792 
qualitative 6 18552 18553 18554 18585 18586 18587 
optimized 8 18279 19861 19862 18764 18765 18766 18767 18768 
removing 4 18489 19479 19480 19481 
summarization 8 18331 18332 18333 18334 18335 18336 18461 18462 
revocation 2 18502 18503 
top-k 4 18224 19009 19010 19011 
trigger 3 18279 19861 19862 
module 5 18812 18813 18814 18815 18816 
robust 3 18313 18314 18315 
applying 3 18435 18436 18437 
multidimensional 4 18531 18532 18533 18534 
meta-learning 3 18435 18436 18437 
characteristics 2 19059 19060 
hypergraphs 2 18238 18905 
associative 3 18399 18400 18401 
access 5 18756 18757 18758 18759 18760 
kernel 6 18316 18317 18318 19064 19065 19066 
framework 9 18304 18389 19473 18576 18756 18757 18758 18759 18760 
mixed-norm 2 18329 18330 
thetar-string 1 19058 
process 4 18529 18530 18860 18861 
pattern-aided 2 18894 18895 
discrete 7 18366 18367 18368 18369 18998 18999 19000 
deduplication 4 18486 18487 18488 18489 
databases 16 18313 18314 18315 18502 18503 18535 18724 18733 18734 18756 18757 18758 18759 18760 18806 18807 
relational 7 18313 18314 18315 18453 18454 18455 18535 
spirit 3 18887 18888 18889 
self-organizing 4 18849 18850 18851 18852 
conceptualization 4 18626 18627 18628 18629 
improving 3 18452 19020 19021 
based 18 18417 18418 18419 18441 18501 18683 18684 18685 18764 18765 18766 18767 18768 18863 18864 18865 19026 19027 
finite-state 2 18958 18959 
reading 2 18733 18734 
users 2 18397 18398 
ranked 5 18504 18505 18552 18553 18554 
cold-start 5 18896 18897 18898 18899 18900 
discretizer 4 18849 18850 18851 18852 
clearing 3 18680 18681 18682 
functional 3 18573 18574 18575 
answers 1 18724 
t-trees 3 18610 18611 18612 
impact 2 19059 19060 
function 4 18329 18330 18686 18687 
scheduling 8 18491 18492 18493 18494 18981 18982 18983 18984 
scripts 3 18591 18592 18593 
tools 2 18938 18939 
survey 5 18725 18726 18727 18728 18729 
commtrust 2 19107 19108 
logics 1 18891 
reduction 9 18329 18330 18506 18507 18735 18736 19064 19065 19066 
algorithms 12 18441 18702 18456 18521 18604 18605 18606 18607 18608 18609 18860 18861 
positive 2 18686 18687 
metadata 2 18836 18837 
systems 11 18304 18389 19473 18531 18532 18533 18534 18866 18923 19012 19013 
spaces 7 18366 18367 18368 18369 18998 18999 19000 
self-constructing 3 19097 19098 19099 
multidatabase 3 18230 19724 19725 
symbolic 4 18849 18850 18851 18852 
class 5 18441 18442 18845 18846 18847 
logging 1 18866 
decision-making 4 18849 18850 18851 18852 
properties 4 18777 18778 18779 18780 
rough 5 18316 18317 18318 18735 18736 
fln 2 19051 19784 
scoring 3 18304 18389 19473 
formal 2 18920 18921 
fragment-based 1 18646 
similarity-based 2 18504 18505 
marker 2 18420 19448 
representation 7 18404 18473 19012 19013 19054 19055 19058 
images 1 19058 
semantics-preserving 2 18735 18736 
passing 2 18420 19448 
management 8 18531 18532 18533 18534 18817 18818 18819 18891 
efficient 31 18220 18224 19009 19010 19011 18366 18367 18368 18369 18462 18667 18668 18531 18532 18533 18534 18604 18605 18606 18607 18608 18609 18683 18684 18685 18764 18765 18766 18767 18768 19058 
alignment 4 18489 19479 19480 19481 
bookkeeping 3 18573 18574 18575 
specific 2 18836 18837 
agents 2 18795 18796 
state 2 18747 18748 
object 1 18866 
analytical 3 18375 18376 18377 
placename 2 18583 18584 
solution 3 18375 18376 18377 
multilevel 2 18353 18354 
evaluation 6 18817 18818 18819 18875 18876 18877 
sharing 3 18452 18795 18796 
graph 7 18515 18516 18517 18683 18684 18685 19036 
order 2 19028 19029 
irss 2 18892 18893 
recurrent 4 18303 18304 18305 18389 
binary-chain 1 19036 
vector 5 18348 18349 18998 18999 19000 
rule 13 18279 18331 18332 18333 18334 18335 18336 18439 18610 18611 18612 18892 18893 
two-dimensional 1 18473 
discretization 5 18725 18726 18727 18728 18729 
representations 4 18751 18752 18753 18754 
merlin 2 18662 18663 
idenitification 2 18395 18396 
judgments 3 18552 18553 18554 
forms 2 18238 18535 
office 3 18591 18592 18593 
conceptual-model 2 18238 18905 
detect 4 18397 18398 18806 18807 
csp-based 2 18511 18512 
class-dependent 3 18417 18418 18419 
conclass 1 18576 
abnormal 2 19024 19025 
relational-linear 1 18473 
evaluating 5 18504 18505 19071 19072 19073 
signatures 2 18709 18710 
technologies 3 18375 18376 18377 
assigning 2 19069 19070 
bags-of-data 3 18272 18273 18274 
multimedia 13 18751 18752 18753 18754 18787 18788 18789 18790 18875 18876 18877 19091 19092 
maps 2 19069 19070 
sliced 3 19064 19065 19066 
cluster 5 18409 18461 18462 18958 18959 
special 1 18757 
reconstruction 2 18686 18687 
user 3 18229 18230 18724 
