<Keyword> <No of vertices> <vertex1> <vertex2> .... <vertexN> 
alliance 3 15941 15942 15943 
reva 1 16220 
elecitation 2 15906 18859 
institutional 5 15914 15915 16140 16421 16422 
external 13 16012 16013 16014 16068 16834 16835 16072 16538 16170 16171 16172 16173 16174 
refining 1 15998 
awareness 3 16048 16049 16050 
managing 9 15900 16031 16032 16033 16034 16184 16185 16272 16273 
knowledge-intensive 1 15934 
determinants 6 15965 15966 16008 16009 16176 16282 
academic 5 15974 16087 16088 16260 16696 
networked 4 16287 16288 16289 16290 
time 1 16313 
campinas 3 15987 15988 15989 
promoting 2 16037 16038 
asymmetric 2 15943 16926 
role 22 15946 15947 15948 15949 16010 16011 16037 16038 16159 16160 16161 16176 16181 16182 16240 16241 16261 16262 16263 16275 16276 16277 
short-termistic 2 16061 16062 
organisational 18 15906 17224 17225 17226 15982 16012 16013 16014 16164 16198 16199 16200 16210 16878 16232 16261 16262 16263 
asset 1 15945 
innovation-oriented 1 16019 
evolution 1 15996 
conditions 2 15914 15915 
project 5 15905 15906 16255 16256 16257 
european 2 16101 16102 
elicitation 1 16325 
argentinean 5 16304 16305 16306 16307 16308 
quality 6 16202 16203 16287 16288 16289 16290 
opening 2 16214 16215 
wealth 1 16244 
instruments 3 16177 16178 16179 
dynamic 11 15952 15953 15954 16016 16017 16018 16042 16043 16148 16149 16249 
judgment 2 15905 15906 
knowledge 66 15906 18859 15934 17142 15935 15936 15938 15939 15974 15982 15983 15984 15985 15986 17019 17020 16007 16010 16011 16012 16013 16014 16031 16640 16641 16051 16052 16053 16054 16068 16834 16835 16103 16104 16105 16122 16140 16421 16422 16162 16163 16170 16171 16172 16173 16174 16184 16185 16210 16211 16212 16215 16253 16254 16449 16227 16228 16235 17295 17296 16238 16282 16297 16298 16299 16300 
triad 3 16275 16276 16277 
comparing 2 16282 16884 
net 1 15996 
industrialised 1 16313 
object-oriented 3 16134 16135 16136 
helix 2 16060 16110 
experts 2 15906 18859 
sweden 1 16122 
markets 6 15882 15883 15884 16222 16223 16224 
industry-level 2 16061 16062 
taiwan 9 15956 16007 16079 16080 16081 16082 16181 16182 16231 
disasters 4 15906 17224 17225 17226 
digging 1 16122 
meaning 2 16126 16139 
indicators 3 16302 17374 17375 
electronic 2 16007 16164 
brazil 3 15987 15988 15989 
licensing 1 15962 
new 18 15909 17130 15920 15921 15946 15947 15948 15949 15996 16008 16009 16032 16033 16034 16060 16087 16088 16197 
time-based 2 16083 16084 
leveraging 2 15903 15904 
base 1 15974 
testing 3 15971 15972 15973 
interact 2 16055 16056 
informal 2 16260 16696 
public 6 15902 15974 16067 16177 16178 16179 
hong 4 15909 15910 15911 17130 
resources 6 15990 15991 15992 16261 16262 16263 
transactions 2 16207 16208 
playfulness 4 16079 16080 16081 16082 
gateway 2 16116 16117 
deregulation 1 16231 
paradigm 1 16122 
change 12 15987 15988 15989 16016 16017 16018 16031 16640 16641 16085 16086 16231 
consumption 6 16095 16096 16097 16275 16276 16277 
tool 1 15890 
firms 42 15876 15877 15882 15883 15884 15909 15910 15911 15950 15951 15993 15994 16009 16270 16271 16019 16061 16062 16068 16834 16835 16087 16088 16130 16131 16148 16149 16257 16268 16269 16278 16279 16280 16297 16298 16299 16300 16304 16305 16306 16307 16308 
kong 4 15909 15910 15911 17130 
architecture 2 16167 16168 
capital 2 15882 16710 
policies 1 16252 
software 1 16221 
internationally 2 16214 16215 
description 2 16218 16219 
technological 24 15876 15877 15927 15928 15929 15930 15931 15938 15939 15996 16007 16008 16009 16068 16834 16835 16139 16278 16279 16280 16293 16317 16318 16319 
reputation 1 16238 
composition 3 15984 17019 17020 
perspective 2 16042 16043 
contributions 3 16063 16064 16065 
partnership 7 15927 15928 15929 15930 15931 16148 16149 
processes 8 16051 16052 16053 16054 16302 17374 17375 16311 
yesterday 1 16122 
display 3 15971 15972 15973 
entrepreneurial 3 16008 16009 16310 
rural 2 15907 15908 
technology-oriented 1 16176 
lean 1 16292 
factors 2 15876 15877 
determining 1 16233 
economics 2 16002 16251 
make 2 16130 16131 
reorganisation 1 16147 
extending 2 15920 15921 
governance 14 15943 16926 16106 16107 16108 16109 16110 16111 16112 16113 16114 16115 16181 16182 
insurance 2 16181 16182 
evidence 23 15876 15877 15909 15910 15911 16061 16062 16079 16080 16081 16082 16181 16182 16231 16282 16294 16295 16296 16304 16305 16306 16307 16308 
promotion 3 16177 16178 16179 
scientists 1 15976 
transitional 3 16186 16187 16188 
nanoscience 2 16055 16056 
education 4 16000 16001 16699 16059 
analysis 31 15881 15906 17224 17225 17226 15935 15936 15984 17019 17020 15995 15999 16000 16001 16009 16270 16271 16087 16088 16095 16096 16097 16118 16119 16221 16255 16256 16257 16282 16884 16292 
creativity 4 15976 16012 16013 16014 
simulation 1 16232 
business 14 15934 16489 16487 16488 16051 16052 16053 16054 16060 16071 16072 16087 16088 16282 
response 4 15906 17224 17225 17226 
fuzzy 2 15905 15906 
complementary 3 15938 15939 16258 
statements 1 16040 
activity 2 16068 16153 
lessons 5 16019 16259 16260 16302 16303 
ventures 4 15934 16176 16227 16228 
mechanistic-statistical 1 16217 
greening 2 16116 16117 
cabral-dahab 1 16122 
transformation 7 15957 15958 16071 16072 16275 16276 16277 
advantage 1 15934 
source 2 16205 16206 
motives 5 16304 16305 16306 16307 16308 
royal 1 16122 
outsourcing 4 16198 16199 16200 16215 
mediators 3 16255 16256 16257 
venture 8 15882 16710 16118 16119 16123 16124 16125 16221 
economies 4 16061 16062 16259 16260 
assessment 6 15934 17142 16302 17374 17375 16311 
engineers 2 15969 15970 
circus 1 16169 
nasa 2 15957 15958 
inference 2 15906 18859 
leibniz 1 15891 
improved 2 15907 15908 
replication 2 15903 15904 
fostering 5 15983 15984 15985 15986 16310 
social 12 15874 15875 15997 16000 16001 16699 16035 16095 16096 16097 16242 16243 
shenzhen 2 15909 17130 
capability 3 15982 16215 16254 
nations 3 16037 16038 16244 
transfer 6 15934 17142 16007 16192 16227 16228 
consequences 3 16210 16878 16311 
spanish 5 16304 16305 16306 16307 16308 
support 10 15927 15928 15929 15930 15931 16068 16834 16835 16162 16163 
searching 2 15938 15939 
mexican 1 16239 
regain 3 16177 16178 16179 
horizontal 1 15997 
technometric 3 16016 16017 16018 
incident 3 16048 16049 16050 
virtual 8 15952 15953 15954 15971 15972 15973 16167 16168 
foresight 7 15885 15886 15914 15915 15998 16066 16132 
web-enabled 3 16134 16135 16136 
maturity 4 16287 16288 16289 16290 
vehicle 2 15920 15921 
decision 3 16068 16834 16835 
short 2 16283 16284 
acquisition 10 16012 16013 16014 16170 16171 16172 16173 16174 16176 16192 
dimensions 2 16282 16293 
products 3 16032 16033 16034 
construction 2 16101 16102 
airline 1 16040 
editorial 2 16009 16489 
marketing 2 16139 16249 
sciences 1 16122 
links 2 16068 16069 
production-distribution 2 16285 16286 
tech 2 16259 16260 
heureka 1 16216 
pressures 2 16283 16284 
asians 1 15974 
insights 3 15971 15972 15973 
downstream 2 15938 15939 
improvement 7 16074 16075 16076 16077 16078 16215 16254 
capabilities 13 16008 16009 16015 16072 16538 16167 16503 16504 16222 16223 16224 16239 16249 
efficiency 1 16292 
manufacturing 13 15916 15917 15918 15919 15934 16061 16062 16083 16084 16213 16215 16245 16252 
motivations 2 16055 16056 
applications 4 16045 16046 16047 16152 
flexibility 3 16199 17055 17056 
patents 2 16282 16884 
cycle 6 16045 16046 16047 16261 16262 16263 
joint 7 16118 16119 16227 16228 16255 16256 16257 
reviews 3 15971 15972 15973 
delphi 2 15885 15886 
philosophy 3 16063 16064 16065 
means 1 16176 
peripheral 2 16259 16260 
team 3 15984 17019 17020 
sectors 1 15974 
vaic 1 15890 
embedded 1 16015 
corporate 13 15874 15875 15997 16010 16011 16087 16088 16181 16182 16209 16210 16211 16212 
clusters 7 16189 16190 16191 16302 16303 17374 17375 
involving 2 15957 15958 
holistic 4 16297 16298 16299 16300 
conceptual 4 15935 15936 16242 16243 
societies 4 15891 16037 16038 16291 
precursors 6 16051 16052 16053 16054 16210 16878 
african 2 15950 15951 
security 9 16031 17210 17211 16048 16049 16050 16167 16503 16504 
resolution 2 16162 16163 
requirements 3 15969 15970 16325 
investment 7 15977 15978 16008 16009 16059 16268 16269 
effectiveness 1 16164 
grid 2 15934 17142 
innovation 95 15902 15909 15910 15911 17130 15916 15917 15918 15919 15945 15952 15953 15954 15982 15987 15988 15989 15996 16489 16487 16488 16031 16640 16641 16040 16042 16043 16478 16479 16051 16052 16053 16054 16061 16062 16067 16068 16072 16538 16090 16091 16092 16093 16101 16102 16130 16131 16139 16140 16141 16142 16143 16144 16145 16421 16422 16159 16160 16161 16170 16171 16172 16173 16174 16176 16197 16205 16206 16214 16215 16254 16449 16220 16222 16223 16224 16234 16235 16249 16261 16262 16263 16287 16288 16289 16290 16302 16303 17374 17375 16304 16305 16306 16307 16308 
investments 3 16294 16295 16296 
building 3 16030 16031 16239 
ecodesign 2 15950 15951 
validation 1 15982 
task 2 15943 16926 
agreement 1 16281 
indian 1 16293 
problem 3 16012 16013 16014 
instrument 1 15982 
environmental 3 16159 16160 16161 
intermediaries 3 16140 16421 16422 
implementation 14 15903 15904 16051 16052 16053 16054 16074 16075 16076 16077 16078 16134 16135 16136 
scientific 10 15891 15927 15928 15929 15930 15931 16026 16037 16038 16291 
inter-firm 1 16258 
alliances 6 15900 15943 16926 16027 16028 16029 
competitive 3 15934 16083 16084 
innovations 9 15926 15995 15999 16000 16001 16293 16317 16318 16319 
professionals 4 16079 16080 16081 16082 
technologists 2 15969 15970 
customer 2 16010 16011 
countries 23 15907 15908 15977 15978 16037 16038 16106 16107 16108 16109 16110 16111 16112 16113 16114 16115 16186 16187 16188 16207 16208 16281 16313 
brazilian 5 15927 15928 15929 15930 15931 
production 2 16252 16292 
etl 2 15903 15904 
use-diffusion 1 15956 
practices 3 16275 16276 16277 
framing 3 16275 16276 16277 
valuation 1 16324 
modularity 2 16042 16043 
concurrent 1 16217 
differential 3 16489 16487 16488 
convergence 7 15957 15958 15996 16071 16072 16251 16660 
supplier 3 16215 16253 16254 
responsibility 3 15874 15875 15997 
integrate 1 15974 
chaos 3 16045 16046 16047 
swedish 7 16087 16088 16122 16215 16254 16314 16315 
feasible 2 15950 15951 
stickiness 2 16260 16696 
variables 5 16074 16075 16076 16077 16078 
structures 3 16103 16104 16105 
models 6 16232 16285 16286 16317 16318 16319 
teams 4 15983 15984 15985 15986 
mergers 1 16213 
roles 1 16026 
instability 1 16239 
innovativeness 4 16040 16215 16253 16254 
devices 1 16060 
examples 1 16244 
complex 2 16085 16086 
moderating 3 16261 16262 16263 
coordination 1 16068 
inconsistency 3 16031 17210 17211 
use 4 15905 15906 15914 15915 
platforms 3 16000 16001 16699 
usa 3 16244 16268 16269 
methodologies 2 15903 15904 
life 6 16045 16046 16047 16261 16262 16263 
graduate 3 16000 16001 16699 
agreements 3 16009 16270 16271 
relevance 4 15916 15917 15918 15919 
depending 3 16009 16270 16271 
best 1 16041 
worker 1 16238 
diffusion 6 15999 16000 16001 16317 16318 16319 
sectoral 2 15965 15966 
come 2 16037 16038 
learning 22 15912 15913 15941 15942 15943 15990 15991 15992 15996 16012 16013 16014 16040 16164 16198 16199 16200 16202 16203 16210 16878 16216 
stochastic 3 16317 16318 16319 
young 1 16060 
production-related 4 15916 15917 15918 15919 
challenge 2 16205 16206 
practice 2 16041 16126 
south 2 15950 15951 
orchestrating 1 16165 
ipm 4 15946 15947 15948 15949 
procurement 1 16067 
organisations 10 16009 16270 16271 16085 16086 16126 16202 16203 16242 16243 
science 16 15910 15940 15990 15991 15992 16037 16038 16073 16087 16088 16122 16169 16216 16266 16267 16312 
exploiting 4 16215 16253 16254 16258 
province 3 15909 15910 15911 
germany 3 15885 15886 15995 
brokering 3 16140 16421 16422 
china 13 15881 16726 16727 16728 16729 15909 15910 15911 16282 16884 16294 16295 16296 
shared 4 16051 16052 16053 16054 
catch-up 6 16222 16223 16224 16278 16279 16280 
enabled 3 16222 16223 16224 
control 1 16244 
belief 1 16152 
electric 5 15920 15921 16071 16072 16220 
tourism 5 16095 16096 16097 16167 16168 
collaborate 1 15976 
pools 2 16205 16206 
economic 2 16059 16301 
enabler 3 16031 16640 16641 
case 27 15882 15883 15884 15907 15908 15926 16015 16045 16046 16047 16055 16056 16103 16104 16105 16122 16123 16124 16125 16220 16222 16223 16224 16240 16241 16272 16273 
innovative 9 16153 16199 17055 17056 16261 16262 16263 16282 16884 
shaped 2 15885 15886 
appropriability 3 15995 16214 16215 
legal 5 15881 16726 16727 16728 16729 
car 1 16220 
spin-offs 2 16260 16696 
australian 1 16245 
era 1 16251 
large-scale 2 16205 16206 
regions 1 16310 
singapore 2 16037 16038 
performance 23 15965 15966 16007 16074 16075 16076 16077 16078 16087 16088 16170 16171 16172 16173 16174 16215 16227 16228 16242 16243 16261 16262 16263 
exploratory 1 16040 
transparent 1 16238 
multiple 4 15906 18859 16162 16163 
crt 2 16118 16119 
differentiation 1 16233 
eco-innovation 3 16189 16190 16191 
general 2 16071 16072 
korean 4 15902 16278 16279 16280 
entrepreneur 2 16010 16011 
effect 4 16134 16135 16136 16215 
regional 4 15935 15936 16282 16884 
smes 14 15952 15953 15954 16041 16090 16091 16092 16093 16159 16160 16161 16302 17374 17375 
changing 2 16148 16149 
implementing 1 15997 
high 2 16259 16260 
renewal 7 15946 15947 15948 15949 15982 16116 16117 
universities 2 15909 17130 
erp 5 16074 16075 16076 16077 16078 
competition 10 15977 15978 15996 15999 16000 16001 16026 16042 16478 16479 
electronics 2 15926 16015 
ties 3 15984 17019 17020 
privatisation 1 16002 
relativity 3 16063 16064 16065 
hostages 2 15943 16926 
designer-product-user 3 16275 16276 16277 
reform 1 15881 
tree 3 16098 16099 16100 
parks 3 16073 16087 16088 
industry 33 15882 15883 15884 16710 15916 15917 15918 15919 15926 15935 15936 15974 15996 16007 16015 16040 16055 16056 16067 16072 16538 16101 16102 16118 16119 16167 16168 16181 16182 16215 16254 16231 16313 
strategies 18 15882 15883 15884 15946 15947 15948 15949 16019 16148 16149 16170 16171 16172 16173 16174 16233 16234 16235 
platform 2 16314 16315 
continuous 4 15982 16215 16254 16449 
operational 2 16285 16286 
expert-founded 1 16221 
planning 2 15907 15908 
venturing 2 16010 16011 
culture 4 16037 16038 16085 16086 
madrid 2 16302 16303 
complexity 3 16045 16046 16047 
mapping 1 16036 
techniques 1 16217 
outline 1 16169 
ceo 4 16090 16091 16092 16093 
telecommunications 5 15907 15908 15987 15988 15989 
museums 1 16312 
non-profit 2 16242 16243 
synergisitic 2 16083 16084 
capacity 3 16199 17055 17056 
government-university-partners 1 16110 
nurses 2 16184 16185 
networking 3 16192 16302 16303 
uncertain 1 16233 
return 1 15945 
characteristics 8 15943 16926 16009 16270 16271 16148 16149 16176 
toolmakers 2 16272 16273 
framework 25 15881 16726 16727 16728 16729 15907 15908 15935 15936 16036 16068 16834 16835 16103 16104 16105 16218 16219 19459 16242 16243 16297 16298 16299 16300 
process 18 15905 15906 15998 16051 16052 16053 16054 16085 16086 16123 16124 16125 16210 16211 16212 16218 16219 16293 
high-velocity 3 16222 16223 16224 
pro-licensing 1 16251 
chain 4 15912 15913 16218 16219 
broadband 2 16314 16315 
improving 5 15927 15928 15929 15930 15931 
phone 1 16019 
mathematics-based 1 16221 
transaction 3 16198 16199 16200 
decline 1 16291 
structural 6 15987 15988 15989 16103 16104 16105 
patent 2 16205 16206 
used 3 16177 16178 16179 
cross-country 1 16197 
sources 3 15909 15910 15911 
imperatives 1 15996 
semiconductor 3 15882 15883 15884 
automotive 2 16072 16538 
beer 3 16134 16135 16136 
niche 3 15887 15888 15889 
survey 8 15982 16140 16141 16142 16143 16144 16145 16257 
commercialisation 1 16249 
intellectual 9 15900 15962 15977 15978 16207 16208 16209 16251 16660 
enterprise 6 15881 16167 16168 16222 16223 16224 
co-creation 2 16205 16206 
cognitive 1 16311 
formal 2 16260 16696 
representation 3 16103 16104 16105 
policy 6 15910 15934 15962 16067 16259 16260 
manpower 1 15934 
media 6 16000 16001 16699 16095 16096 16097 
generic 3 16098 16099 16100 
finnish 1 16216 
cultures 2 16234 16235 
eii 2 15903 15904 
toyota 3 16255 16256 16257 
leapfrogging 3 16278 16279 16280 
evaluation 3 16177 16178 16179 
officers 2 16181 16182 
sharing 10 15983 15984 15985 15986 17019 17020 16297 16298 16299 16300 
implications 7 15934 15993 15994 16071 16072 16231 16293 
finding 3 16255 16256 16257 
making 1 15910 
negotiated 1 16312 
university 2 16260 16696 
funding 3 16177 16178 16179 
overcoming 1 16325 
chains 8 15920 15921 15997 16116 16117 16134 16135 16136 
entrepreneurship 2 15876 15877 
technology-based 2 16087 16088 
sourcing 4 16068 16834 16835 16176 
municipal 2 16314 16315 
target 1 16176 
benefits 3 16101 16102 16281 
group 4 15946 15947 15948 15949 
user 2 16010 16011 
using 4 15906 18859 16118 16119 
benefit 6 16072 16538 16079 16080 16081 16082 
underinvestment 2 15993 15994 
intensity 1 16293 
accounting 1 15890 
personality 3 15984 17019 17020 
e-commerce 2 16116 16117 
partner 3 16009 16270 16271 
sustainability 3 16159 16160 16161 
government 1 15934 
panasonic 3 16255 16256 16257 
kit 3 15887 15888 15889 
entrepreneurs 2 16060 16257 
monitoring 1 16036 
patterns 3 16042 16478 16479 
achieving 3 16159 16160 16161 
embeddedness 1 16007 
portfolio 2 15905 15906 
companies 2 15945 16213 
effects 13 15934 16489 16487 16488 16027 16028 16029 16048 16049 16050 16261 16262 16263 
projects 2 15965 15966 
industry-academic 2 16068 16069 
view 1 16126 
acquisitions 4 16176 16213 16259 16260 
mechanisms 1 16238 
review 4 15969 15970 16285 16286 
hospital 2 16184 16185 
free-choice 3 15990 15991 15992 
knowledge-based 4 15990 15991 15992 16126 
microprocessor 3 16045 16046 16047 
exploitation 3 15952 15953 15954 
measuring 4 15982 16016 16017 16018 
substitutable 3 16317 16318 16319 
micro-level 2 15935 15936 
restructuring 1 16147 
current 2 15969 15970 
investigating 3 16048 16049 16050 
laboratories 1 16216 
relationships 6 16167 16503 16504 16198 16199 16200 
logistics 4 16213 16240 16241 16301 
clustering 2 15938 15939 
intensive 1 16282 
adoption 3 16045 16046 16047 
returnee 4 16090 16091 16092 16093 
firm 9 16072 16538 16215 16227 16228 16239 16294 16295 16296 
needs 10 16106 16107 16108 16109 16110 16111 16112 16113 16114 16115 
desired 3 16063 16064 16065 
poland 1 16301 
solving 3 16012 16013 16014 
leading-edge 1 16067 
antitrust 1 15962 
successful 3 16148 16149 16169 
methods 1 16147 
tactical 2 16285 16286 
versus 2 16087 16088 
boundary 3 16255 16256 16257 
exploring 3 16167 16503 16504 
conceptualising 3 16063 16064 16065 
theories 3 16045 16046 16047 
future 4 15885 15886 15969 15970 
zambia 1 16110 
competitiveness 6 15874 15875 16189 16190 16191 16245 
key 2 16214 16215 
taiwanese 3 16140 16421 16422 
financial 7 16177 16178 16179 16231 16294 16295 16296 
capitalisation 2 16268 16269 
environments 1 16311 
integrating 6 15971 15972 15973 16261 16262 16263 
inter-organisational 2 16101 16102 
oversimplification 1 16311 
weblogs 1 16238 
ci 2 16202 16203 
example 2 15885 15886 
amp 43 15900 15905 15906 15909 15910 15911 15965 15966 15983 15984 15985 15986 16008 16009 16270 16271 16035 16042 16478 16479 16147 16177 16178 16179 16202 16203 16255 16256 16257 16259 16260 16283 16284 16294 16295 16296 16304 16305 16306 16307 16308 16311 16324 
internet 3 16071 16072 16110 
sustaining 1 16310 
mobile 2 15956 16019 
does 1 15945 
bullwhip 3 16134 16135 16136 
existing 2 16008 16009 
understanding 4 16051 16052 16053 16054 
today 1 16122 
intangible 1 15945 
integration 8 15912 15913 16130 16131 16215 16253 16254 16449 
experience 7 15927 15928 15929 15930 15931 16314 16315 
employee 3 16063 16064 16065 
practitioners 3 15887 15888 15889 
society 3 15990 15991 15992 
makes 4 16169 16235 17295 17296 
leverage 2 16259 16260 
game 7 16134 16135 16136 16297 16298 16299 16300 
university-industry 5 15927 15928 15929 15930 15931 
memory 3 16210 16211 16212 
dimension 2 16068 16069 
mission 1 16040 
meeting 10 16106 16107 16108 16109 16110 16111 16112 16113 16114 16115 
cooperative 3 16009 16270 16271 
proposals 3 16123 16124 16125 
approach 4 15997 16016 16017 16018 
optic 1 16292 
growth 5 15993 15994 16041 16176 16244 
manager 1 16035 
ireland 1 16059 
technology-rich 1 15945 
rights 2 15977 15978 
sustainable 1 16031 
academies 2 16037 16038 
iii 5 15927 15928 15929 15930 15931 
ultimate 2 16205 16206 
transforming 1 16245 
alignments 1 16036 
import 5 15881 16726 16727 16728 16729 
activities 7 15909 15910 15911 16287 16288 16289 16290 
programs 5 15957 15958 16177 16178 16179 
biopharmaceutical 3 16140 16421 16422 
screen 2 16266 16267 
services 8 15916 15917 15918 15919 16489 16487 16488 16282 
structure 3 15934 15943 16926 
commitment 1 15881 
flexible 1 16015 
reality 3 15952 15953 15954 
responses 2 16148 16149 
priorities 2 16083 16084 
funds 3 16177 16178 16179 
skill 2 15969 15970 
austria 1 16244 
expert 2 15905 15906 
different 7 16170 16171 16172 16173 16174 16234 16235 
creation 5 16051 16052 16053 16054 16060 
evaluate 2 16242 16243 
fashion 1 16132 
experiences 5 16037 16038 16216 16259 16260 
development 23 15881 16726 16727 16728 16729 15902 15920 15921 15927 15928 15929 15930 15931 15982 15996 16015 16031 16032 16033 16034 16110 16165 16301 
strain 3 15987 15988 15989 
affective 3 15984 17019 17020 
influence 4 15881 15943 16926 15982 
necessity 1 16301 
capitalists 3 16123 16124 16125 
appropriation 1 16153 
closed 2 16234 16235 
clinical 2 16184 16185 
heterogeneity 3 16489 16487 16488 
internal 2 16010 16011 
radical 1 16249 
ideas 3 16032 16033 16034 
shaping 2 15912 15913 
simultaneous 2 15920 15921 
organisation 3 15903 15904 15996 
socially 2 15912 15913 
product 12 15920 15921 15971 15972 15973 15995 16085 16086 16218 16219 19459 16233 
persistent 1 16313 
image-focused 3 16095 16096 16097 
proposal 3 16302 17374 17375 
design 10 15971 15972 15973 15996 16134 16135 16136 16275 16276 16277 
technology 66 15881 16726 16727 16728 16729 15882 15883 15884 15910 15934 17142 15941 15942 15943 16926 15957 15958 15990 15991 15992 16000 16001 16699 16002 16027 16028 16029 16031 16036 16037 16038 16045 16046 16047 16066 16067 16068 16071 16072 16106 16107 16108 16109 16110 16111 16112 16113 16114 16115 16126 16132 16148 16149 16177 16178 16179 16192 16239 16240 16241 16251 16660 16278 16279 16280 16312 
location 2 16260 16696 
perspectives 6 16162 16163 16297 16298 16299 16300 
study 14 15907 15908 15941 15942 15943 16015 16164 16220 16240 16241 16260 16696 16283 16284 
studies 3 16045 16046 16047 
chinese 11 15876 15877 15909 17130 16019 16061 16062 16090 16091 16092 16093 
barriers 1 16325 
guangdong 5 15876 15877 15909 15910 15911 
results 5 16153 16177 16178 16179 16257 
participation 1 16325 
facebook 3 16000 16001 16699 
age 2 16037 16038 
value 4 16098 16099 16100 16176 
recc 1 16220 
developing 23 15907 15908 15977 15978 16019 16037 16038 16106 16107 16108 16109 16110 16111 16112 16113 16114 16115 16207 16208 16235 17295 17296 16281 
centres 7 15940 15990 15991 15992 16037 16038 16216 
investigation 3 16040 16072 16538 
contexts 2 16210 16878 
credit 1 16252 
competence 4 15887 15888 15889 15996 
challenges 1 16197 
machine 1 16252 
comparison 2 15962 16197 
km 1 16238 
academy 1 16122 
demand-orientated 1 16067 
quebec 2 15993 15994 
emerging 5 16061 16062 16278 16279 16280 
issues 7 15977 15978 16103 16104 16105 16259 16260 
kista 1 16122 
hr 3 16063 16064 16065 
indonesian 1 16015 
academics 2 16055 16056 
reactions 1 15926 
way 5 15974 16000 16001 16699 16293 
affect 1 15945 
stage 2 15907 15908 
network 6 15906 18859 16007 16255 16256 16257 
risk 3 16048 16049 16050 
imperfect 1 16252 
ic 1 15890 
japan 5 15926 16073 16209 16283 16284 
bargaining 2 15943 16926 
cooperation 15 15909 15910 15911 15938 15939 15996 16026 16101 16102 16258 16304 16305 16306 16307 16308 
banking 1 16231 
giants 2 16118 16119 
drives 6 16140 16141 16142 16143 16144 16145 
healthcare 5 16103 16104 16105 16254 16449 
application 5 16103 16104 16105 16202 16203 
resource 4 15983 15984 15985 15986 
transition 1 16002 
know 2 16130 16131 
outreach 1 16169 
human 4 15983 15984 15985 15986 
specialisation 3 16251 16660 16313 
sudan 3 16031 17210 17211 
electrical 1 16007 
opportunity 9 15952 15953 15954 16222 16223 16224 16278 16279 16280 
israeli 2 16259 16260 
illustrating 3 16134 16135 16136 
local 6 15987 15988 15989 16015 16148 16149 
smart 1 16060 
sme 5 15874 15875 16177 16178 16179 
divergence 2 15957 15958 
collaborative 2 15965 15966 
financing 2 16087 16088 
nature 3 16009 16270 16271 
hard-drive 3 16045 16046 16047 
option 1 16324 
questacon 1 16169 
multinational 2 16251 16660 
international 16 15962 15997 16068 16069 16118 16119 16207 16208 16213 16227 16228 16304 16305 16306 16307 16308 
constraints 5 15914 15915 16294 16295 16296 
impacts 4 15987 15988 15989 16213 
conflict 2 16162 16163 
entrenchment 1 16036 
incumbents 1 16176 
trends 2 15909 17130 
data 8 15903 15904 16126 16218 16219 19459 16282 16884 
padct 5 15927 15928 15929 15930 15931 
competences 2 15938 15939 
vs 3 15934 16205 16206 
reasons 3 16009 16270 16271 
digital 4 15956 16278 16279 16280 
document 1 16164 
dynamics 9 15882 16710 15935 15936 15996 16026 16118 16119 16311 
crisis 4 15906 17224 17225 17226 
intrinsic 3 16222 16223 16224 
initiative 2 16071 16072 
direct 3 15977 15978 16059 
uk 4 15969 15970 16283 16284 
reverse 2 16240 16241 
park 1 16122 
payment 1 16252 
trips 1 16281 
territorial 3 16489 16487 16488 
competencies 3 15993 15994 16258 
snss 1 16060 
implemented 1 16292 
selection 5 15905 15906 16123 16124 16125 
relationship 7 16040 16074 16075 16076 16077 16078 16126 
enterprises 6 16098 16099 16100 16245 16292 16293 
tv 4 15956 16278 16279 16280 
high-tech 13 16045 16046 16047 16090 16091 16092 16093 16181 16182 16297 16298 16299 16300 
infrastructure 2 15907 15908 
incumbent 3 16177 16178 16179 
centre 7 15946 15947 15948 15949 16216 16266 16267 
benchmarking 5 16041 16287 16288 16289 16290 
networks 16 15941 15942 15943 15952 15953 15954 16042 16043 16087 16088 16101 16102 16140 16421 16422 16152 
maintenance 1 16252 
htc 3 16222 16223 16224 
japanese 1 16257 
logic 2 15905 15906 
assets 1 15945 
multi-firm 3 15999 16000 16001 
transitions 3 15887 15888 15889 
comparative 5 16009 16270 16271 16283 16284 
capacities 2 16282 16884 
foreign 8 15977 15978 16007 16059 16148 16149 16259 16260 
natural 4 15906 17224 17225 17226 
empirical 29 15881 15934 17142 15941 15942 15943 15956 15971 15972 15973 15995 16072 16538 16079 16080 16081 16082 16199 17055 17056 16294 16295 16296 16304 16305 16306 16307 16308 16311 
model 11 15956 15999 16000 16001 16060 16148 16149 16210 16211 16212 16324 
trade 1 16251 
perception 3 16048 16049 16050 
knowledge-sharing 1 16035 
engineering 11 15920 15921 15999 16000 16001 16103 16104 16105 16152 16215 16254 
observations 2 15957 15958 
emotions 4 15906 17224 17225 17226 
supply 12 15912 15913 15920 15921 15997 16116 16117 16134 16135 16136 16218 16219 
cross-border 2 15943 16926 
scarcity 1 16244 
school 3 16000 16001 16699 
mature 3 16302 17374 17375 
outdoor 1 15940 
service 3 16242 16243 16282 
server 3 16045 16046 16047 
operations 4 16186 16187 16188 16213 
success 3 16235 17295 17296 
pr 2 16282 16884 
employees 1 16035 
cycles 3 16027 16028 16029 
shell 1 16169 
test 1 15956 
inferences 6 16140 16141 16142 16143 16144 16145 
technical 3 16016 16017 16018 
open 13 16030 16031 16042 16478 16479 16072 16538 16130 16131 16205 16206 16234 16235 
initial 2 15907 15908 
clarify 1 16126 
deployment 1 15945 
information 14 16031 17210 17211 16048 16049 16050 16167 16168 16503 16504 16240 16241 16314 16315 
national 2 16282 16884 
rewards 1 15976 
planting 1 16122 
incentives 1 16066 
strategic 20 15887 15888 15889 15957 15958 15993 15994 16027 16028 16029 16036 16071 16072 16198 16199 16200 16231 16239 16285 16286 
multi-program 2 15957 15958 
flows 1 16068 
industry-wide 6 16140 16141 16142 16143 16144 16145 
viewpoint 2 16010 16011 
position 2 15969 15970 
examination 3 16199 17055 17056 
collaboration 4 15976 16015 16254 16449 
tomorrow 1 16122 
institutions 2 16260 16696 
aeronautical 2 16302 16303 
profiting 5 16170 16171 16172 16173 16174 
acquirer 1 16176 
effective 1 15926 
costs 4 16198 16199 16200 16281 
partnerships 2 16072 16538 
agendas 1 16312 
access 2 16030 16031 
research 7 15946 15947 15948 15949 16009 16270 16271 
integrated 4 16202 16203 16218 16219 
mutual 2 15943 16926 
industrial 11 15974 16061 16062 16071 16072 16165 16189 16190 16191 16272 16273 
slovenia 2 16272 16273 
directors 2 16181 16182 
based 4 16167 16168 16282 16884 
sector 1 15902 
impact 15 16035 16063 16064 16065 16083 16084 16164 16170 16171 16172 16173 16174 16294 16295 16296 
third-level 1 16059 
subsidiaries 1 16007 
power 3 15943 16926 16035 
business-to-business 1 16139 
korea 1 15934 
systems 21 15971 15972 15973 16063 16064 16065 16074 16075 16076 16077 16078 16130 16131 16164 16197 16202 16203 16232 16238 16240 16241 
work 4 16079 16080 16081 16082 
spaces 4 16051 16052 16053 16054 
multi-national 1 16292 
global 13 16106 16107 16108 16109 16110 16111 16112 16113 16114 16115 16245 16251 16660 
property 9 15900 15962 15977 15978 16207 16208 16209 16251 16660 
nigeria 6 16140 16141 16142 16143 16144 16145 
modelling 1 16217 
controversial 1 16036 
market 5 16007 16095 16096 16097 16221 
environment 8 15881 16116 16117 16233 16287 16288 16289 16290 
window 6 16222 16223 16224 16278 16279 16280 
promote 2 16202 16203 
food 3 16031 17210 17211 
program 8 15927 15928 15929 15930 15931 15957 15958 16169 
influencing 2 15876 15877 
management 46 15887 15888 15889 15890 15906 17224 17225 17226 15957 15958 15982 15983 15984 15985 15986 16002 16031 16640 16641 16085 16086 16122 16148 16149 16162 16163 16164 16167 16503 16504 16186 16187 16188 16202 16203 16209 16210 16211 16212 16235 17295 17296 16251 16660 16283 16284 
behaviour 1 16035 
agents 2 16037 16038 
routines 2 16254 16449 
incubators 1 15934 
biotechnology 7 15935 15936 15993 15994 16123 16124 16125 
team-level 3 15984 17019 17020 
fit 3 16199 17055 17056 
high-technology 3 16098 16099 16100 
triple 2 16060 16110 
africa 4 16030 16031 16640 16641 
co-opetition 4 16297 16298 16299 16300 
rich 3 15990 15991 15992 
strategy 7 15909 17130 15934 15996 16118 16119 16239 
families 1 16312 
disruptive 1 15926 
fragmented 2 16101 16102 
technologies 4 16083 16084 16272 16273 
enquiry 2 15907 15908 
technopolis 1 16073 
term 2 16283 16284 
applied 1 16122 
industries 6 15934 16045 16046 16047 16259 16260 
cluster 5 15987 15988 15989 16272 16273 
boom 1 16059 
