<Keyword> <No of vertices> <vertex1> <vertex2> .... <vertexN> 
tomography 4 7290 7291 9855 9856 
brave 5 7258 7259 7260 7261 7262 
using 27 7166 7235 7250 7251 7252 7253 7254 7257 12576 7922 7315 7316 7648 12208 12209 7341 7342 7343 10573 10572 10571 10574 7506 11927 12809 12810 12811 
multisite 3 7426 7427 7428 
desktop 4 7358 7360 10684 8804 
advances 1 7131 
academic 1 7131 
preface 1 7410 
incorporate 3 7355 7356 7357 
arithmetic 3 7290 7291 7292 
free 1 7183 
levels 5 6980 6981 6982 6983 6984 
search 3 7132 7133 7134 
thread 5 7322 11940 11941 11942 11943 
interfaces 3 11409 11410 11411 
advanced 4 7009 7255 7256 7257 
role 4 10807 19185 19186 19187 
ad-hoc 2 7123 7124 
harmonic 2 7096 7097 
simbex 2 7065 11569 
generation 14 7131 7252 7253 7254 7255 7256 7257 7293 7294 7295 7296 7297 7298 7299 
objects 4 8081 9480 9481 9482 
intelligence 6 7131 7258 7259 7260 7261 7262 
elasticity 3 7158 7159 10988 
monitoring 4 8081 8078 8079 8080 
animation 3 7217 7218 7219 
achieving 3 7257 12576 7922 
scattering 3 7065 7066 7067 
mandel 1 7131 
dynamical 1 9405 
image 4 7213 7214 7215 7216 
optimization 7 7132 7133 7134 7150 10690 10691 10692 
papers 1 7314 
residual 2 7125 7126 
kluwer 1 7131 
wide 3 7250 13279 13280 
molecular 9 7065 7066 11569 11570 7429 7430 7431 7432 7433 
avatar 2 6975 6976 
partial 11 7003 7004 7006 7143 7144 7785 12687 12688 12689 12690 12691 
evolution 1 7348 
aggregation 3 9001 11735 12608 
project 1 7131 
biological 6 7290 7291 9855 9856 7333 7334 
plasmas 6 7505 7506 11925 11926 10305 11927 
titan 2 7420 7421 
codes 4 7065 7066 7067 7235 
gs 2 7420 7421 
precomputation 3 7176 7368 7369 
components 4 7119 7120 7121 7122 
big 4 7195 7196 7197 7198 
artificial 6 7131 7258 7259 7260 7261 7262 
introduction 1 7314 
dynamic 10 7150 10691 10692 13483 9480 10073 10074 8804 8803 8805 
oversubscription 3 7158 7159 10988 
knowledge 7 7131 7183 7272 7273 7358 7359 7360 
smooth 2 7161 7162 
behavior 1 7070 
byte-code 4 7358 7360 10684 8804 
globally 2 7191 7192 
reiblein 1 7131 
geometric 2 7279 7310 
execution 14 10807 10808 10809 7250 13279 13280 7257 12576 7922 7322 11940 11941 11942 11943 
programming 11 7034 7035 7036 7131 7150 7151 7152 7153 7154 7155 7166 
locations 6 7403 7404 7405 7406 7407 7408 
times 3 7250 13279 13280 
experiments 7 7065 11569 7319 7320 7321 7322 7323 
self-repair 5 6980 6983 13381 13382 13383 
current 3 7377 7378 7410 
map 2 7248 7249 
loop 2 7193 7194 
subspace 6 7226 7227 7228 7229 7230 7231 
optimizations 2 7194 12500 
metacomputing 3 11409 11410 11411 
clustering 8 7003 7004 7006 7143 7144 7360 11948 7409 
intensive 3 7426 7427 7428 
clouds 2 7111 7112 
linear 8 9405 7335 7336 8307 8308 7648 12208 12209 
reidel 1 7131 
waves 6 7505 7506 11925 11926 10305 11927 
virtualization 5 7145 7146 7147 7148 7149 
traditional 2 7193 7194 
web 16 7065 12933 7106 7107 7108 7109 7110 7163 7164 7165 7217 7218 7219 7376 10201 10202 
constrained 3 7009 7010 7011 
bistability 1 7131 
solving 2 7335 7336 
wsrf-based 3 7158 7160 8081 
expertise 1 7183 
new 14 7065 12933 7131 7183 7257 12949 12950 12951 12952 7426 7427 7428 7440 7441 
dinger 4 7065 11409 11410 11411 
including 4 7150 10691 10692 13483 
groot 1 7131 
library 2 11541 11540 
base 1 7131 
guest 1 7131 
beam 2 7065 11569 
specimens 4 7290 7291 9855 9856 
backpropagation 2 7212 10135 
circuits 4 7119 7120 7121 7122 
unsymmetric 2 7335 7336 
methods 12 7009 7212 7248 7249 7279 7310 9405 9515 13407 7341 7342 7343 
webservices 3 7358 7359 7360 
resources 6 7257 12576 7922 7376 10201 10202 
computational 16 9001 7660 7158 7160 8081 7257 12576 7922 9405 7290 7291 7292 7335 7649 11541 12504 
publishers 1 7131 
basis 4 8081 8078 8079 8080 
paradigm 2 7071 7072 
mcc 1 7131 
high-speed 2 7649 11044 
distributed 30 7003 7004 7005 7006 7007 7008 7009 7010 7011 7065 11409 11410 11411 9001 11735 11736 12608 7071 7072 7166 7212 10135 7649 11044 7358 7375 7376 7464 7465 7466 
architecture 17 7003 7004 7005 7006 7007 7008 7158 7160 8081 7195 7196 7197 7198 7212 7358 7359 7360 
software 11 6980 6984 9575 9576 7070 7333 7334 7482 7483 7484 7485 
self-managed 5 7156 7157 7158 7159 7160 
basic 2 7420 7421 
priority 4 7321 10871 10872 10873 
future 8 7255 7256 7257 7381 7467 7468 7469 7470 
wonderspace 3 7217 7218 7219 
technological 6 7403 7404 7405 7406 7407 7408 
heuristics 5 7125 7126 7426 7427 7428 
mpi-ddl 2 11541 11540 
showstopper 5 7319 7320 7321 7322 7323 
enactment 6 7403 7404 7405 7406 7407 7408 
derived 4 7279 7355 7356 7357 
wamm 3 11409 11410 11411 
key 7 6995 6996 6997 6998 6999 7123 7124 
navier-stokes 2 7424 7425 
location-based 5 7493 7494 7495 7496 7497 
non-redundant 11 7003 7004 7006 7143 7144 7785 12687 12688 12689 12690 12691 
spectrum 6 7505 7506 11925 11926 10305 11927 
enhancing 7 7150 10690 10691 10692 7355 7356 7357 
stellar 2 7420 7421 
automatic 5 7158 7159 7160 10988 8081 
environments 4 9001 7660 11735 11736 
integrating 4 9001 8999 9000 7660 
equations 7 7065 11409 11410 11411 7131 7335 7336 
ejob 1 7131 
semantically 3 7163 7164 7165 
detection 7 7341 7342 7343 7416 7417 7418 7419 
sla-driven 3 9480 10073 10074 
preconditioners 2 7424 7425 
preconditioning 3 8804 8803 8805 
active 2 7375 7376 
queries 3 9001 11735 12608 
fast 3 7426 7427 7428 
sparse 4 7335 7336 8307 8308 
parameter-space 3 7255 7256 7257 
internet 4 12236 12233 12234 12235 
provisioning 4 7018 7019 7020 7021 
heterogeneous 14 6980 6984 9512 7003 7004 7005 7006 7007 7008 7309 7321 10871 10872 10873 
mobile 20 7123 7124 12236 12233 12234 12235 7252 7253 7254 7293 7294 7295 7296 7297 7298 7299 7434 7435 7436 7437 
enforcement 1 7922 
steered 5 7429 7430 7431 7432 7433 
datasets 1 7328 
self-provisioned 2 7111 7112 
non-overlapping 2 7424 7425 
nanoscience 4 11541 12106 12107 12108 
analysis 17 10807 10808 10809 7158 7159 10988 11652 7293 7294 7295 7296 7297 7298 7299 7314 11203 7324 
simulation 27 7065 11569 7150 11897 11898 7232 7233 7234 7245 7246 7247 7252 7253 7254 7321 10871 10872 10873 7335 7336 8307 8308 11044 13318 7464 7465 7466 
statistics 1 7131 
institutes 1 7131 
organization 2 7111 7112 
metasystems 5 7257 12949 12950 12951 12952 
area 1 7131 
quantum 3 7065 7066 7067 
fuzzy 2 7131 7183 
horwood 1 7131 
eds 1 7131 
cray 3 7504 7505 7506 
experience 1 7166 
cheating 4 7659 10807 10808 10810 
lyapunov 2 7279 9515 
unicore 5 6995 6996 6997 6998 6999 
reconfigurable 4 10573 10572 10571 10574 
b-spline 3 7314 11202 11203 
parallel 59 7003 7004 7005 7006 7007 7008 7143 7144 7785 12687 12688 12689 12690 12691 7150 10691 10692 11897 11898 13483 7191 7192 7258 7259 7260 7261 7262 7335 7336 8307 8308 7349 7350 7351 7352 7353 7354 8804 8803 8805 7370 7424 7425 7426 7427 7428 7468 10573 10572 13174 7486 7487 7488 7490 12101 12102 7504 7505 7506 
scripted 6 7403 7404 7405 7406 7407 7408 
doores 1 7131 
communication 18 7293 7294 7295 7296 7297 7298 7299 8804 8803 8805 7467 7468 7469 7470 7482 7483 7484 7485 
semantic 9 7106 7107 7108 7109 7110 7195 7196 7197 7198 
laboratory 8 7065 7066 11569 11570 11541 12106 12107 12108 
prediction 12 7018 7019 7020 7021 7150 10690 10691 10692 7417 7419 8953 8954 
thousand 4 10807 19185 19186 19187 
transformation 2 7212 10135 
memory 10 7034 7035 7036 7065 11409 11410 11411 7212 7315 7316 
methodology 1 7131 
feedforward 2 7212 10135 
relations 1 7131 
outsourcing 4 7158 7159 10988 11652 
cooperative 8 7003 7004 7005 7006 7007 7008 7272 7273 
approach 7 7065 12933 7226 7922 7279 7440 7441 
java 4 7358 7360 10684 8804 
reverse-mode 2 7315 7316 
numerical 7 7232 7233 7234 7279 7310 9405 13407 
olap 6 7349 7350 7351 7352 7353 7354 
imeter 4 7022 7023 7024 7025 
sidera 6 7349 7350 7351 7352 7353 7354 
telemedicine 1 7348 
neural 4 7212 10135 7279 7381 
ardent 2 7420 7421 
sensor 3 7165 18306 18307 
visualization 2 7250 7251 
operation 3 7158 7160 8081 
improved 3 7250 13279 13280 
norm 2 7279 9405 
replication 3 7158 7160 8081 
portals 3 7163 7164 7165 
oriented 3 7358 7359 7360 
graphical 3 11409 11410 11411 
report 1 7131 
activities 7 7131 7403 7404 7405 7406 7407 7408 
vm-scaling 2 11044 13318 
euclidean 2 7279 9405 
worth 4 10807 19185 19186 19187 
branches 4 7358 7360 10684 8804 
programs 8 7150 10691 10692 13483 7358 7360 10684 8804 
gene 11 7003 7004 7006 7143 7144 7785 12687 12688 12689 12690 12691 
services 11 7158 7160 8081 7376 10201 10202 7493 7494 7495 7496 7497 
support 16 7106 7107 7108 7109 7110 7255 7256 7257 7403 7404 7405 7406 7407 7408 7440 7441 
calculations 7 7065 12933 7506 11927 12809 12810 12811 
adaptive 14 7018 7019 7020 7021 7293 7294 7295 7296 7297 7298 7299 7426 7427 7428 
wildland 4 7150 10690 10691 10692 
mussels 3 7341 7342 7343 
eigen 6 7226 7227 7228 7229 7230 7231 
job 3 7257 12576 7922 
javabean-based 3 7245 7246 7247 
flexible 3 9001 11735 11736 
distribution 6 9001 11735 11736 7333 7334 9646 
agent-based 3 7252 7253 7254 
operating 3 7250 13279 13280 
priori 2 7065 11569 
crossed 2 7065 11569 
querying 1 7328 
delivery 2 6975 6976 
ph 1 7131 
spectroscopy 6 7505 7506 11925 11926 10305 11927 
novel 8 7489 7490 8420 7493 7494 7495 7496 7497 
enforcing 3 6980 6984 9512 
iaas 6 6980 6981 6982 6983 6984 9512 
virtual 30 7034 7035 7036 7065 7066 11569 11570 9001 11735 11736 7111 7112 7156 7157 7158 7159 7160 8081 9480 9481 9482 11541 12106 12107 12108 7429 7430 7431 7432 7433 
expert 2 7131 7410 
creation 11 7003 7004 7006 7143 7144 7785 12687 12688 12689 12690 12691 
modulation 7 7293 7294 7295 7296 7297 7298 7299 
boltzmann 3 7232 7233 7234 
repositories 4 8081 9480 9481 9482 
development 1 7235 
cloud-distributed 2 11044 13318 
aspects 6 6995 6996 6997 6998 6999 9405 
geodesic 2 7279 9515 
addressing 4 7416 7417 7418 7419 
space 11 7144 11160 11161 11162 11163 11164 11165 11166 11167 11168 11169 
decision 7 7131 7191 7192 7272 7273 7440 7441 
algorithm 3 7486 7487 7488 
distributed-data 2 11541 11540 
solve 1 7279 
resilience 3 10807 10808 10809 
simpler 2 7096 7097 
realizations 2 7279 9405 
inverse 1 7279 
subscribe 4 12236 12233 12234 12235 
ma 1 7131 
hyperspectral 1 7226 
amorphous 1 7358 
published 1 7183 
water 1 7314 
diversity 7 7293 7294 7295 7296 7297 7298 7299 
defining 2 9001 7660 
spatial 11 7403 7404 7405 7406 7407 7408 7493 7494 7495 7496 7497 
schemes 6 7309 7493 7494 7495 7496 7497 
editorial 7 11409 9001 7131 7468 10573 10572 13174 
jorrand 1 7131 
middleware 4 12236 12233 12234 12235 
organisation 4 8081 9480 9481 9482 
hallam 1 7131 
vague 1 7131 
loosely 4 7213 7214 7215 7216 
szpakowicz 1 7131 
frequent 3 7009 7010 7011 
energy-efficient 4 7434 7435 7436 7437 
vrml 2 7250 7251 
plane 4 7482 7483 7484 7485 
teaching 3 7290 7291 7292 
preserving 2 9405 9515 
ciiam 1 7131 
defragmentation 2 7125 7126 
classification 9 7226 7227 7228 7229 7230 7231 7341 7342 7343 
modular 6 7226 7227 7228 7229 7230 7231 
finance 1 7289 
method 11 7232 7233 7234 7360 11948 7370 7506 11927 12809 12810 12811 
nj 1 7131 
speedup 5 7335 7649 11541 12504 11044 
design 15 7144 11160 11161 11162 11163 11164 11165 11166 11167 11168 11169 7071 7072 7333 7334 
technology 4 7335 7649 11541 12504 
cliffs 1 7131 
second 1 7370 
ellis 1 7131 
variation 3 7250 13279 13280 
reliability 3 7257 12576 7922 
dragon 3 9001 11735 12608 
ecosystem 4 12236 12233 12234 12235 
discworld 10 7375 7376 9847 9848 9849 9850 9851 9852 9853 9854 
perspectives 4 7003 12605 12606 12607 
study 3 7486 7487 7488 
computing 42 7003 12605 12606 12607 7009 7659 10807 10808 10810 7131 7132 7133 7134 7158 7159 10988 11652 7176 7368 7369 7191 7192 7279 7310 9405 13407 7309 7649 11044 7358 7426 7427 7428 7467 7468 7469 7470 13174 13270 13271 13272 13273 
studies 3 7255 7256 7257 
psee 3 7150 11897 11898 
cost-efficient 5 7156 7157 7158 7159 7160 
python 3 7648 12208 12209 
kruse 1 7131 
level 7 8081 8078 8079 8080 7176 7368 7369 
schools 2 9001 7660 
englewood 1 7131 
curricula 2 9001 7660 
sets 4 7131 7490 12101 12102 
programmers 1 7131 
diagonal 2 7279 9405 
radiological 4 7213 7214 7215 7216 
applications 20 7003 7004 7005 7006 7007 7008 7131 7289 7314 7648 11044 12208 12209 13318 7426 7427 7428 7490 12101 12102 
monotonicity 2 9405 9515 
workshop 5 7335 7649 11541 12504 11044 
frameworks 3 7252 7253 7254 
exponential 2 9405 9515 
machine 1 7183 
parallelization 15 7003 7006 7008 7144 7784 7785 7065 7066 7067 9001 8999 9000 7660 7193 7194 
comparison 5 7003 7004 7006 7143 7144 
organism 3 7132 7133 7134 
content-based 4 8081 9480 9481 9482 
solver 6 7335 7336 8307 8308 7424 7425 
clusters 23 7003 7006 7008 7144 7784 7785 7034 7035 7036 7111 7112 7156 7157 7158 7159 7160 7321 10871 10872 10873 8804 8803 8805 
overlay 3 7333 7334 9646 
co-design 11 7144 11160 11161 11162 11163 11164 11165 11166 11167 11168 11169 
incremental 5 13174 13270 13271 13272 13273 
dreyfus 1 7183 
hybrid 8 9001 11735 11736 7156 7157 7158 7159 7160 
orthogonal 2 7310 13407 
energy-incentivized 3 7252 7253 7254 
scale 13 7648 12208 12209 7468 10573 10572 13174 7505 7506 11925 11926 10305 11927 
mining 10 7009 7010 7011 10807 19185 19186 19187 7358 7359 7360 
sowa 1 7131 
theory 3 7279 9405 7324 
limitations 2 7193 7194 
security 10 6995 6996 6997 6998 6999 7257 12949 12950 12951 12952 
requirements 2 7315 7316 
network 13 7003 12605 12606 12607 7279 7324 7333 7334 9646 10573 10572 10571 10574 
supercomputers 2 7420 7421 
autonomic 5 6980 6981 6982 6983 6984 
selected 1 7314 
japan 1 7410 
distribute 2 7360 11948 
layout 2 7250 7251 
grif 2 7065 12933 
scalable 11 7165 13315 13316 12236 13317 7176 7177 7482 7483 7484 7485 
path 4 10807 10808 10809 7166 
cooperation 3 7252 7253 7254 
dimensionality 4 7065 11409 11410 11411 
grid 41 7065 7066 11569 11570 12933 7660 7659 7111 7112 7158 7160 8081 8078 8079 8080 7163 7164 7165 7176 7368 7369 7255 7256 7257 7272 7273 7290 7291 9855 9856 7358 7360 10684 8804 11948 7426 7427 7428 7489 7490 8420 
cayley 2 7248 7249 
wilson 1 7131 
workloads 3 7250 13279 13280 
resonators 4 7649 7648 7650 7651 
nodal 1 7370 
ritz 2 7096 7097 
smp 3 8804 8803 8805 
task 10 7132 7133 7134 7333 7334 9646 7434 7435 7436 7437 
blending 2 7161 7162 
synchronization 2 7314 11203 
hubert 1 7183 
resource 23 6980 6981 6982 6983 6984 7018 7019 7020 7021 7125 7126 8081 8078 8079 8080 9480 10073 10074 7257 12949 13684 13685 7324 
agreement 2 7123 7124 
ii 1 7131 
problem 4 7279 7486 7487 7488 
list 3 7250 13279 13280 
interface 3 7490 12101 12102 
optimizing 4 7489 7490 7491 7492 
database 2 7360 11948 
section 12 7070 7176 7177 7279 7310 9405 7314 7335 7649 11541 12504 7358 
rendering 1 7314 
human 1 7183 
balanced 2 7279 9405 
stuart 1 7183 
chichester 1 7131 
commodity 4 10573 10572 10571 10574 
implementation 3 7486 7487 7488 
scientific 5 7235 7328 7355 7356 7357 
locality 4 9001 8999 9000 7660 
things 4 12236 12233 12234 12235 
local 7 7003 7006 7008 7144 7784 7785 7922 
smart 1 7212 
energy 4 6980 6984 9575 9576 
mpi 2 11541 11540 
oscillatory 2 7248 7249 
vadera 1 7131 
collaborative 8 7065 12933 7403 7404 7405 7406 7407 7408 
foreword 2 7065 9380 
metascheduling 3 7158 7160 8081 
multicast 3 7464 7465 7466 
swi 5 7106 7107 7108 7109 7110 
amsterdam 1 7131 
optimal 5 7176 7368 7369 7191 7192 
jacobi-davidson 5 7506 11927 12809 12810 12811 
assistant 4 7434 7435 7436 7437 
scheme 6 7226 7227 7228 7229 7230 7231 
workstations 7 7213 7214 7215 7216 7486 7487 7488 
providers 3 7158 7160 8081 
reduced 4 7065 11409 11410 11411 
differential 2 7279 9405 
feature 1 7226 
structured 3 7279 7310 9405 
legion 6 7255 7256 7257 12949 13684 13685 
integrate 4 7065 11409 11410 11411 
regular-topology 4 10573 10572 10571 10574 
defined 4 7482 7483 7484 7485 
addison-wesley 1 7131 
high-performance 6 7335 7336 8307 8308 7440 7441 
exponents 2 7279 9515 
hpf 3 7490 12101 12102 
odes 2 9405 9515 
coordinating 5 6980 6983 13381 13382 13383 
hardware-aware 5 7322 11940 11941 11942 11943 
content 2 6975 6976 
models 4 7018 7019 7020 7021 
price 1 7131 
london 1 7131 
roles 4 10807 19185 19186 19187 
cloud-based 4 12236 12233 12234 12235 
load 8 9001 8999 9000 7660 11735 11736 7440 7441 
centric 4 7482 7483 7484 7485 
elastic 5 7156 7157 7158 7159 7160 
devices 4 7434 7435 7436 7437 
deadline 4 7417 7419 8953 8954 
appraisal 1 7131 
spectral 5 7506 11927 12809 12810 12811 
vm 4 7022 7023 7024 7025 
complex 7 7290 7291 9855 9856 7324 7333 7334 
press 2 7131 7183 
magnetohydrodynamics 7 7504 7505 7506 11927 12809 12810 12811 
self-sizing 5 6980 6983 13381 13382 13383 
archives 2 7375 7376 
metaphors 2 7333 7334 
data 42 7009 7010 7011 7106 7107 7108 7109 7110 7125 7126 7131 7163 7164 7165 18306 18307 7195 7196 7197 7198 7226 7227 7228 7229 7230 7231 7355 7356 7357 7358 7359 7360 7375 7376 10201 10202 7489 7490 7491 7492 12101 12102 
spanning 1 7166 
lindstrom 1 7131 
platforms 3 7158 7159 10988 
digital 4 7119 7120 7121 7122 
virtualized 5 6980 6981 6982 6983 6984 
mellish 1 7131 
loops 4 7150 10691 10692 13483 
schedulers 3 7250 13279 13280 
viability 4 7158 7159 10988 11652 
dynamics 5 7429 7430 7431 7432 7433 
sigma 1 7131 
electron 4 7290 7291 9855 9856 
agreements 3 7176 7368 7369 
clorexpa 3 10807 10808 10809 
publish 4 12236 12233 12234 12235 
procedure 3 7245 7246 7247 
implemented 3 8804 8803 8805 
smith 1 7131 
learning 6 7403 7404 7405 7406 7407 7408 
combined 7 7293 7294 7295 7296 7297 7298 7299 
overview 2 7131 7410 
modeling 5 7314 7489 7490 7491 7492 
intrusion 4 7416 7417 7418 7419 
junet 2 7377 7378 
coding 7 7293 7294 7295 7296 7297 7298 7299 
optical 13 7119 7120 7121 7122 7131 7649 7648 7650 7651 10573 10572 10571 10574 
vertical 3 7158 7159 10988 
grids 4 7158 7160 8081 7922 
fta 2 7071 7072 
cloaking 5 7493 7494 7495 7496 7497 
implicit 2 7424 7425 
analysing 3 7252 7253 7254 
rt-movicab-ids 4 7416 7417 7418 7419 
science 13 7065 7066 11569 11570 9001 7660 7290 7291 7292 7335 7649 11541 12504 
exploration 11 7144 11160 11161 11162 11163 11164 11165 11166 11167 11168 11169 
service-based 10 7375 7376 9847 9848 9849 9850 9851 9852 9853 9854 
architectures 11 7065 11409 11410 11411 7468 10573 10572 13174 7489 7490 8420 
metrics 3 7250 13279 13280 
quadratic 2 9405 9515 
ordering 3 7250 13279 13280 
gossiping 1 7324 
shared 3 7034 7035 7036 
networks 17 7123 7124 7163 7164 7165 7212 10135 7252 7253 7254 7314 11202 11203 7649 11044 7358 7381 
control 11 7660 7659 12753 12754 12755 7279 9405 7482 7483 7484 7485 
enabled 4 12236 12233 12234 12235 
text 5 7165 13315 13316 12236 13317 
ouml 4 7065 11409 11410 11411 
meyer 1 7131 
casa 1 7314 
impression 1 7131 
cavity 4 7649 7648 7650 7651 
economy 3 7257 12576 7922 
cpu 3 6980 6984 9512 
alternative 3 7464 7465 7466 
surfaces 2 7161 7162 
japanese 1 7131 
extraction 4 7226 7341 7342 7343 
workflow 3 7376 10201 10202 
cost 4 6980 6984 9575 9576 
multilayer 2 7212 10135 
logic 7 7131 7183 7258 7259 7260 7261 7262 
economic 4 7158 7159 10988 11652 
pardiso 4 7335 7336 8307 8308 
workstation 9 7003 7006 7008 7144 7784 7785 7034 7035 7036 
salesman 3 7486 7487 7488 
vectors 2 7096 7097 
prolog 1 7131 
failure 6 7131 7145 7146 7147 7148 7149 
benchmark 2 7420 7421 
anticheetah 4 7659 10807 10808 10810 
service-oriented 3 7158 7160 8081 
irregular 4 9001 8999 9000 7660 
case 3 7486 7487 7488 
innovative 1 7009 
empirical 4 7018 7019 7020 7021 
profile-driven 2 7315 7316 
beerel 1 7131 
simulated 1 7226 
forwarding 3 7376 10201 10202 
result 3 7376 10201 10202 
cas 2 7314 11203 
model 22 6995 6996 6997 6998 6999 7022 7023 7024 7025 7065 11409 11410 11411 7257 12949 12950 12951 12952 7328 7355 7356 7357 
lattice 3 7232 7233 7234 
profiling 4 7022 7023 7024 7025 
task-farm 4 7065 11409 11410 11411 
era 1 7183 
large-scale 7 7464 7465 7466 7489 7490 7491 7492 
empowered 2 7065 12933 
sup 2 7161 7162 
engineering 1 7131 
symbiotic 3 7132 7133 7134 
peer-to-peer 5 7165 13315 13316 12236 13317 
hpcn 1 7289 
humanoid 3 7217 7218 7219 
performance 18 7003 12605 12606 12607 7022 7023 7024 7025 7293 7294 7295 7296 7297 7298 7299 7309 7420 7421 
allocation 7 6980 6984 9512 8081 8078 8079 8080 
real-time 8 7195 7196 7197 7198 7416 7417 7418 7419 
dicom 4 8081 9480 9481 9482 
modes 4 7649 7648 7650 7651 
interdisciplinary 4 11541 12106 12107 12108 
transparent 5 7145 7146 7147 7148 7149 
multiple 7 7328 7403 7404 7405 7406 7407 7408 
transmit 7 7293 7294 7295 7296 7297 7298 7299 
svd 2 7310 13407 
functions 1 7131 
cupus 4 12236 12233 12234 12235 
differentiation 4 8081 8078 8079 8080 
promise 1 7381 
erratum 3 7255 7256 7257 
web-based 6 7003 7004 7005 7006 7007 7008 
link-time 2 7194 12500 
recovery 5 7145 7146 7147 7148 7149 
vmslab-g 4 7065 7066 11569 11570 
unit 5 7322 11940 11941 11942 11943 
discovering 1 7324 
genetic 3 7486 7487 7488 
device 4 7335 7336 8307 8308 
service 15 7003 7006 7008 7144 7784 7785 7065 12933 8081 8078 8079 8080 7176 7368 7369 
infrastructures 5 7156 7157 7158 7159 7160 
circuit 2 7250 7251 
coupled 4 7213 7214 7215 7216 
usage 5 7660 7659 12753 12754 12755 
core 3 7355 7356 7357 
implementing 2 7212 10135 
server 8 7125 7126 7349 7350 7351 7352 7353 7354 
underutilized 3 7257 12576 7922 
high 9 7003 12605 12606 12607 9001 7660 7257 12576 7922 
pp 1 7131 
serial 4 7335 7336 8307 8308 
success 1 7131 
brief 1 7410 
consolidation 6 6980 6984 9575 9576 7125 7126 
automated 1 7922 
numeric 2 7314 11203 
surface 3 7314 11202 11203 
reducing 2 7315 7316 
indexing 5 7165 13315 13316 12236 13317 
magnetohydrodynamic 6 7505 7506 11925 11926 10305 11927 
prototype 5 7065 7066 11569 11570 7328 
control-theoretic 1 7922 
lofar 6 10305 10301 10302 10303 10304 10306 
axisymmetric 4 7649 7648 7650 7651 
open 9 7106 7107 7108 7109 7110 7649 7648 7650 7651 
dordrecht 1 7131 
page 1 7131 
bioinformatic 3 7163 7164 7165 
trustworthy 4 7659 10807 10808 10810 
hierarchically 6 7003 7004 7005 7006 7007 7008 
evolutionary 4 7150 10690 10691 10692 
interfacing 2 7375 7376 
high-dimensional 6 7226 7227 7228 7229 7230 7231 
compression 3 7165 18306 18307 
opt 3 7245 7246 7247 
strategies 3 7065 7066 7067 
computationally 3 7426 7427 7428 
information 23 7176 7177 7213 7214 7215 7216 7335 7649 11541 12504 7482 7483 7484 7485 7489 7490 8420 10305 10301 10302 10303 10304 10306 
platform 2 6975 6976 
problems 7 9001 8999 9000 7660 7131 7248 7249 
outsourced 4 7659 10807 10808 10810 
art 1 7131 
random 3 7333 7334 9646 
sgurev 1 7131 
operational 3 7245 7246 7247 
table 3 7245 7246 7247 
strategic 1 7131 
flows 7 7232 7233 7234 7489 7490 7491 7492 
tree-based 2 7123 7124 
bubble 3 7232 7233 7234 
solid 4 7195 7196 7197 7198 
traveling 3 7486 7487 7488 
visual 4 10807 19185 19186 19187 
mccord 1 7131 
mediator 3 7489 7490 8420 
trees 4 9001 11735 12608 7166 
saving 4 6980 6984 9575 9576 
indices 11 7003 7004 7006 7143 7144 7785 12687 12688 12689 12690 12691 
computation 12 7279 9515 7649 7648 7650 7651 7505 7506 11925 11926 10305 11927 
language 5 7258 7259 7260 7261 7262 
approaches 13 7003 7004 7006 7143 7144 7165 18306 18307 7279 9405 7464 7465 7466 
restarted 2 7096 7097 
normative 3 7252 7253 7254 
whole-program 2 7194 12500 
range 3 9001 11735 12608 
tomorrow 1 7131 
memory-based 3 7158 7159 10988 
centers 2 7125 7126 
mapping 6 7176 7368 7369 7426 7427 7428 
techniques 9 7150 10690 10691 10692 8081 8078 8079 8080 7409 
retrieval 5 7165 13315 13316 12236 13317 
multi-tier 5 6980 6983 13381 13382 13383 
effective 2 7194 12500 
sensing 4 12236 12233 12234 12235 
modern 4 7335 7649 11541 12504 
switches 4 10573 10572 10571 10574 
magnus 2 7248 7249 
optimized 4 7065 11409 11410 11411 
boston 1 7131 
dependencies 3 7250 13279 13280 
mind 1 7183 
ssor 3 8804 8803 8805 
ubiquitous 4 7467 7468 7469 7470 
accelerating 5 13174 13270 13271 13272 13273 
augmented 2 7096 7097 
algebra 6 7235 9405 7314 7648 12208 12209 
networking 4 7482 7483 7484 7485 
uncertain 3 7009 7010 7011 
extreme 4 7468 10573 10572 13174 
robust 5 7319 7320 7321 7322 7323 
fifth 1 7131 
applying 4 7150 10690 10691 10692 
multidimensional 3 9001 11735 12608 
itemsets 3 7009 7010 7011 
chaotic 2 7314 11203 
query-driven 5 7165 13315 13316 12236 13317 
access 3 7490 12101 12102 
kernel 3 7341 7342 7343 
framework 11 7065 12933 11409 11410 11411 7123 7124 7321 10871 10872 10873 
research 1 7131 
point 3 7290 7291 7292 
integrated 9 7022 7023 7024 7025 7163 7164 7165 7250 7251 
gazetteer 5 7106 7107 7108 7109 7110 
balancing 6 9001 8999 9000 7660 7440 7441 
cloud 34 7018 7019 7020 7021 7660 7659 12753 12754 12755 10807 10808 10809 7125 7126 7132 7133 7134 7156 7157 7158 7159 7160 10988 11652 9480 10073 10074 7426 7427 7428 7434 7435 7436 7437 
walker 1 7131 
attack 5 7493 7494 7495 7496 7497 
improving 5 7322 11940 11941 11942 11943 
based 31 7022 7023 7024 7025 7125 7126 7132 7133 7134 7150 7151 7152 7153 7154 7155 7217 7218 7219 7248 7249 7279 9515 7324 7417 7419 8953 8954 7434 7435 7436 7437 
annealing 1 7226 
zimmermann 1 7131 
transcript 5 7003 7004 7006 7143 7144 
reading 1 7131 
shortest 1 7166 
managers 5 6980 6983 13381 13382 13383 
functional 3 7314 11202 11203 
datacenter 4 10573 10572 10571 10574 
trusting 1 7070 
structural 1 9405 
travel 1 7131 
supercomputer 2 7420 7421 
semiconductor 4 7335 7336 8307 8308 
scheduling 32 7132 7133 7134 7150 10691 10692 13483 7250 13279 13280 7309 7321 7322 10871 10872 10873 11940 11941 11942 11943 7358 7360 10684 8804 7417 7419 8953 8954 7434 7435 7436 7437 
prentice-hall 1 7131 
wavelets 3 7341 7342 7343 
model-based 3 7165 18306 18307 
survey 4 7250 13279 13280 7314 
power 6 7022 7023 7024 7025 7183 7309 
algorithms 10 7009 7279 7310 9515 7335 7649 11541 12504 11044 13318 
reactive 3 7065 7066 7067 
linked 6 7106 7107 7108 7109 7110 7328 
metadata 3 7355 7356 7357 
systems 58 6980 6983 13381 13382 13383 7660 7659 12753 12754 12755 7071 7072 7131 7150 10690 10691 10692 11897 11898 7176 7177 7191 7192 7235 7255 7256 7257 7279 7310 9405 7293 7294 7295 7296 7297 7298 7299 7314 7333 7334 7335 7336 7410 7440 7441 7464 7465 7466 7467 7468 7469 7470 10573 10572 13174 7489 7490 8420 
matacomputing 10 7375 7376 9847 9848 9849 9850 9851 9852 9853 9854 
status 3 7377 7378 7410 
checkpointing 7 7315 7316 13174 13270 13271 13272 13273 
portal 2 7065 11569 
global 2 7248 7249 
symbolic 2 7314 11203 
data-intensive 1 7009 
picture 4 10807 19185 19186 19187 
environment 32 7659 10807 10808 10810 7132 7133 7134 7150 7151 7152 7153 7154 7155 11897 11898 7272 7273 7375 7376 9847 9848 9849 9850 9851 9852 9853 9854 7429 7430 7431 7432 7433 
extreme-scale 5 13174 13270 13271 13272 13273 
fly 3 8804 8803 8805 
north-holland 1 7131 
representation 1 7183 
floating 3 7290 7291 7292 
energy-aware 4 7158 7159 10988 11652 
images 1 7226 
transputer 6 7150 7151 7152 7153 7154 7155 
policy 4 7250 13279 13280 7922 
zebra 3 7341 7342 7343 
kluzninak 1 7131 
management 22 6980 6981 6982 6983 6984 11409 11410 11411 9480 10073 10074 7195 7196 7197 7198 7257 12949 13684 13685 7464 7465 7466 
efficient 4 6980 6984 9575 9576 
generic 3 7490 12101 12102 
gmres 2 7096 7097 
blast 6 7003 7006 7008 7144 7784 7785 
behaviour 3 7341 7342 7343 
issue 7 7467 7468 7469 7470 10573 10572 13174 
state 1 7131 
analytical 2 7161 7162 
wherrett 1 7131 
schr 4 7065 11409 11410 11411 
solution 4 6980 6984 9575 9576 
evaluation 7 7150 11897 11898 7165 18306 18307 7309 
order 1 7370 
smt-based 5 7322 11940 11941 11942 11943 
interactive 8 7106 7107 7108 7109 7110 7464 7465 7466 
intra-domain 4 7482 7483 7484 7485 
sla-based 2 11044 13318 
implications 1 7131 
intuition 1 7183 
graphics 3 7314 7420 7421 
making 5 7131 7191 7192 7272 7273 
york 2 7131 7183 
wiley 1 7131 
occupancy 5 7322 11940 11941 11942 11943 
crowd 4 12236 12233 12234 12235 
forms 2 9405 9515 
partial-load 5 7319 7320 7321 7322 7323 
error 2 7248 7249 
exascale 11 7144 11160 11161 11162 11163 11164 11165 11166 11167 11168 11169 
grid-like 1 7358 
overcoming 2 7193 7194 
strategy 2 7212 10135 
processors 5 7322 11940 11941 11942 11943 
eigenvalue 1 7279 
transcripts 11 7003 7004 7006 7143 7144 7785 12687 12688 12689 12690 12691 
mrna 11 7003 7004 7006 7143 7144 7785 12687 12688 12689 12690 12691 
vpn 5 7145 7146 7147 7148 7149 
cluster 17 7150 10690 10691 10692 7158 7159 10988 11652 7191 7192 10573 10572 10571 10574 7486 7487 7488 
special 19 7070 7176 7177 7279 7310 9405 7314 7335 7649 11541 12504 7358 7467 7468 7469 7470 10573 10572 13174 
benefits 4 7417 7419 8953 8954 
reconstruction 3 7314 11202 11203 
group 7 7123 7124 7310 13407 7464 7465 7466 
user 3 11409 11410 11411 
kogan 1 7131 
