<Keyword> <No of vertices> <vertex1> <vertex2> .... <vertexN> 
robots 1 14680 
analyzing 6 14205 14206 14207 14570 14758 14759 
developed 1 14613 
competitors 2 14490 14491 
managing 5 14189 14190 14191 14192 14193 
determinants 7 14290 14291 14292 14293 14390 14650 14670 
time 6 14173 14174 14524 14525 14568 14569 
promoting 1 14624 
levels 1 14182 
advanced 4 14417 14418 14419 14420 
role 5 14297 14343 14389 14665 14624 
directive 1 14323 
generation 4 14346 14347 14361 14362 
video 14 14178 14219 14220 14221 14222 14223 14224 14451 14452 14453 14454 14455 14456 14630 
incorporation 2 14336 17758 
intelligence 13 14184 14185 14186 14187 14427 14520 14521 14522 14523 14594 14595 14658 14659 
organisational 2 15170 16250 
meet 3 14671 14672 14673 
distributors 2 14683 14684 
e-business 8 14139 14140 14650 14654 15005 15006 15007 14664 
socioeconomic 1 14510 
aggregation 2 14331 14332 
project 6 14411 14412 14413 14414 14415 14416 
european 8 14209 14210 14211 14483 14484 14516 14692 14693 
quality 2 14180 14629 
lines 2 14201 14202 
components 2 14195 14385 
big 2 14170 14779 
faculty 1 14182 
compatibility 1 14343 
dynamic 2 14354 14686 
enemies 3 14437 14438 14439 
elites 2 14591 14592 
knowledge 16 14275 14294 14353 14490 14491 14518 14570 14758 14759 16734 14590 14591 14592 14605 15170 15677 
moral 1 14550 
disabilities 2 14690 14691 
communications 5 14248 14275 14368 14369 14467 
behavior 3 14160 14308 14309 
comparing 1 14183 
perceive 1 14197 
basing 3 14310 14311 14312 
commerce 2 14188 14468 
mediating 2 14389 14665 
developmnent 1 14188 
persuasive 4 14170 14753 14754 14755 
educators 1 14343 
mediated 8 14451 14452 14453 14454 14455 14456 14591 14592 
ensure 1 14479 
markets 5 14184 14185 14186 14187 14613 
censorship 3 14167 14724 14725 
illegal 4 14170 14753 14754 14755 
taiwan 1 14183 
waves 1 14489 
forecasting 3 14517 14518 14519 
dissemination 4 14193 14573 14574 14575 
telematics 2 14331 14332 
prospects 2 14591 14592 
electronic 3 14183 14197 14479 
new 16 14175 14178 14275 14368 14369 14321 14322 14370 14490 14491 14516 14517 14518 14519 14591 14592 
peoples 1 14597 
developer 2 14580 14581 
next-generation 2 14614 14615 
public 7 14139 14140 14353 14360 14624 14637 14638 
greed 1 14231 
physical 2 14690 14691 
easing 2 14201 14202 
consumption 5 14232 14464 14465 14524 14525 
change 6 14170 14663 14208 14354 14686 14639 
e-stickers 1 14526 
consumer 3 14160 14281 14326 
capital 6 14480 14481 14526 15170 15169 15677 
policies 2 14692 14693 
software 3 14336 17758 14550 
tourists 1 14336 
technological 7 14558 14559 14570 14758 14759 14639 14694 
hyperbolic 2 14531 14532 
perspective 5 14246 14247 14526 14580 14581 
bibliometric 1 14468 
constructs 3 14553 14554 14555 
ramifications 1 14231 
contextualization 2 14690 14691 
speech 2 14346 14347 
rising 1 14370 
factors 23 14162 14163 14183 14244 14290 14292 14377 14378 14399 14400 14401 14562 14563 14564 14570 14758 14759 14631 14632 14654 14655 14656 14657 
determining 2 14690 14691 
economics 1 14323 
governance 1 14516 
justice 2 14576 14577 
membership 3 14284 14285 14286 
evidence 12 14338 14339 14524 14525 14586 14587 14613 14619 14620 14621 14622 14623 
reflections 3 14405 14542 14543 
pure-play 1 14526 
perceived 7 14215 14216 14217 14343 14472 14576 14577 
analysis 29 14266 14267 14268 14276 14277 14278 14279 14310 14311 14312 14336 17758 14354 14355 14388 14389 14392 14393 14427 14521 14594 14595 14544 14549 14619 14620 14621 14622 14623 
education 3 14405 14406 14407 
simulation 2 15170 15677 
business 15 14181 14240 14241 14242 14570 14571 15170 15169 14619 14620 14621 14622 14623 14658 14659 
life-cycle 2 14336 17758 
wireless 10 14266 14267 14268 14273 14274 14318 14640 14641 14642 14643 
tale 1 14593 
fuzzy 3 14205 14206 14207 
disability 5 14492 14493 14494 14495 14496 
activity 3 14578 14588 14589 
music 4 14170 14753 14754 14755 
sites 1 14449 
lessons 12 14281 14318 14384 14417 14418 14419 14420 14597 15170 15677 14683 14684 
cable 1 14183 
efficiencies 1 14645 
photo 3 14562 14563 14564 
theoretical 1 14510 
outcomes 4 14343 14674 14675 14676 
source 2 14169 14170 
motives 4 14158 14159 14430 14431 
lawful 2 14288 14289 
attributes 2 14366 14367 
assessment 2 14171 14172 
engineers 1 14243 
socio-technical 1 14166 
substitution 4 14604 14605 14606 14607 
influences 4 14531 14532 14558 14559 
broadcasters 2 14139 14140 
social 53 14146 14784 14785 14786 14787 14158 14159 14169 14170 14663 14244 14266 14267 14268 14275 14284 14285 14286 14290 14291 14292 14293 14302 14377 14378 14389 14665 14399 14400 14401 14405 14542 14543 14449 14451 14452 14453 14454 14455 14456 14460 14480 14481 14526 14531 14532 14572 14578 14588 14589 14630 14631 14632 
oriented 2 14658 14659 
tweet 3 14215 14216 14217 
border 2 14668 14669 
multicriteria 2 14336 17758 
final 1 14182 
orientation 1 14472 
mothers 2 14631 14632 
support 12 14146 14784 14785 14786 14787 14162 14163 14184 14185 14186 14187 14469 
identify 1 14160 
activism 1 14608 
privacy 20 14193 14573 14574 14575 14251 14252 14288 14289 14298 14299 14300 14361 14362 14427 14521 14594 14595 14436 14692 14693 
downloading 4 14170 14753 14754 14755 
health 1 14182 
distribution 2 14683 14684 
techno-globalised 1 14677 
redundancy 6 14219 14220 14221 14222 14223 14224 
multiple-site 3 14333 14334 14335 
tango 2 15170 15677 
scene 1 14585 
news-on-demand 6 14219 14220 14221 14222 14223 14224 
acceding 1 14384 
newspaper 2 14183 14460 
virtual 2 14162 14163 
home 5 14427 14520 14521 14522 14523 
television 10 14178 14183 14208 14464 14465 14471 14544 14585 14683 14684 
europe 1 14356 
aspects 1 14323 
decision 1 14326 
brands 3 14284 14285 14286 
localizing 1 14270 
revisiting 2 14175 14302 
perceptions 3 14248 14637 14638 
dimensions 1 14435 
products 2 14366 14367 
identifying 5 14354 14355 14562 14563 14564 
productivity 1 14639 
telephony 1 14248 
concentration 1 14313 
stay 1 14208 
marketing 3 14671 14672 14673 
green 3 14231 14366 14367 
ethical 6 14562 14563 14564 14674 14675 14676 
denied 3 14275 14368 14369 
websites 2 14178 14544 
pen 3 14310 14311 14312 
homophily 4 14244 14284 14285 14286 
insights 7 14146 14147 14527 14528 14529 14246 14247 
method 1 14180 
finance 3 14314 14315 14316 
efficiency 4 14205 14206 14207 14472 
telephone 2 14201 14202 
manufacturing 2 14354 14686 
initiatives 5 14266 14267 14268 14558 14559 
investors 2 14308 14309 
motivations 4 14194 14195 14690 14691 
viewertariat 4 14598 14599 14600 14601 
elections 3 14263 14264 14265 
converged 2 14366 14367 
type 2 14178 14248 
twitter 10 14263 14264 14265 14284 14285 14286 14598 14599 14600 14601 
non-users 3 14500 14501 14502 
surveillance 5 14612 14640 14641 14642 14643 
focused 5 14308 14403 14404 14458 14459 
applications 3 14308 14450 14468 
medicine 1 14182 
delphi 1 14180 
consumers 5 14248 14249 14250 14578 14579 
means 5 14175 14604 14605 14606 14607 
team 4 14162 14163 14346 14347 
tightrope 1 14360 
participatory-based 3 14671 14672 14673 
inter-industry 2 14354 14355 
employers 2 14251 14252 
hybrid 3 14205 14206 14207 
cross-cultural 3 14310 14311 14312 
scale 2 14758 16734 
genres 1 14178 
african 3 14361 14362 14457 
writing 6 14146 14147 14310 14311 14312 14435 
focusing 4 14388 14389 14430 14431 
security 8 14251 14252 14427 14521 14594 14595 14668 14669 
females 2 14167 14772 
silicon 1 14318 
requirements 6 14451 14452 14453 14454 14455 14456 
investment 5 14308 14309 14314 14315 14316 
rate 2 14248 14429 
effectiveness 2 14570 14571 
community-based 2 14188 14421 
path 3 14208 15170 16250 
addiction 4 14276 14277 14278 14279 
east 4 14417 14418 14419 14420 
relevant 2 14331 14332 
innovation 4 14169 14170 14663 14208 
building 1 14530 
political 14 14167 14168 14194 14195 14385 14263 14264 14265 14377 14378 14389 14665 14591 14592 
validation 2 14212 14213 
indian 3 14263 14264 14265 
francisco 1 14318 
pervasive 3 14298 14299 14300 
past 1 14694 
netherlands 2 14229 14230 
balanced 2 14251 14252 
mainland 4 14146 14527 14528 14529 
plan 2 14248 14429 
implementation 3 14553 14554 14555 
identification 3 14284 14285 14286 
audiovisual 2 14229 14230 
bridging 1 14297 
things 2 14166 14208 
innovations 1 14297 
energy 3 14232 14246 14247 
changes 3 14248 14458 14459 
professionals 3 14674 14675 14676 
empowerment 1 14196 
handset 2 14688 14689 
residential 1 14248 
web_ 2 14558 14559 
everyday 2 14246 14247 
customer 6 14205 14206 14207 14399 14400 14401 
countries 11 14167 14772 14196 14384 14417 14418 14419 14420 14457 14586 14587 
brazilian 9 14171 14172 14411 14412 14413 14414 14415 14416 14694 
practices 4 14435 14526 14568 14569 
framing 4 14170 14753 14754 14755 
adopt 4 14654 15005 15006 15007 
movements 2 14531 14532 
year 1 14182 
convergence 3 14281 14593 14644 
worldwide 1 14590 
swedish 1 14197 
finland 1 14435 
lebanon 2 14568 14569 
suppression 1 14208 
roles 3 14354 14355 14471 
anonymity 3 14298 14299 14300 
devices 5 14248 14249 14250 14690 14691 
predictors 4 14178 14194 14195 14472 
m-learning 4 14417 14418 14419 14420 
moderating 4 14284 14285 14286 14343 
advertising 4 14390 14500 14501 14502 
states 8 14209 14210 14211 14388 14389 14593 14692 14693 
use 23 14146 14527 14528 14529 14167 14772 14173 14174 14178 14196 14197 14248 14249 14250 14308 14450 14343 14392 14393 14430 14431 14690 14691 
platforms 1 14178 
scenarios 1 14181 
influential 3 14399 14400 14401 
sousveillance 1 14612 
life 2 14246 14247 
kingdom 2 14683 14684 
american 1 14544 
best 2 14170 14663 
sensitive 1 14166 
citizen 1 14302 
diffusion 5 14273 14274 14321 14322 14549 
transactional 5 14189 14190 14191 14192 14193 
trust 3 14284 14285 14286 
wto 1 14353 
linkedin 5 14492 14493 14494 14495 14496 
divide 4 14297 14351 14352 14670 
learning 6 14417 14418 14419 14420 15170 16250 
young 9 14197 14392 14393 14562 14563 14564 14646 14647 14648 
talking 2 14638 14649 
challenge 3 14370 14668 14669 
remain 3 14625 14626 14627 
presence 2 14158 14159 
biased 1 14248 
south 13 14169 14170 14302 14361 14362 14408 14409 14410 14598 14599 14600 14601 14602 
newspapers 4 14167 14724 14725 14183 
world 2 14175 14677 
vertical 1 14544 
branded 1 14526 
sports 3 14158 14159 14208 
identified 5 14492 14493 14494 14495 14496 
ambient 11 14184 14185 14186 14187 14427 14520 14521 14522 14523 14594 14595 
egocentric 3 14215 14216 14217 
organisations 3 14408 14409 14410 
decades 1 14694 
friends 3 14215 14216 14217 
practical 1 14510 
care 2 14346 14347 
iris 2 14668 14669 
card 1 14313 
germany 8 14229 14230 14248 14249 14250 14310 14311 14312 
two-level 1 14248 
china 8 14146 14527 14528 14529 14314 14315 14316 14593 
demand 5 14517 14518 14519 14688 14689 
shared 1 14489 
control 5 14180 14513 14514 14668 14669 
multifunctional 2 14366 14367 
nte 1 14664 
economy 5 14181 14294 14490 14491 14550 
internet-of-things 1 14166 
tourism 3 14408 14409 14410 
gone 1 14489 
economic 6 14229 14230 14232 14524 14525 14645 
ipra 1 14597 
case 16 14171 14172 14244 14354 14686 14384 14411 14412 14413 14414 14415 14416 14471 14572 14593 14664 
innovative 1 14326 
early 1 14244 
engagement 5 14158 14159 14284 14285 14286 
legal 2 14229 14230 
walking 1 14360 
internet-based 3 14333 14334 14335 
children 3 14370 14568 14569 
regions 1 14516 
blogs 6 14194 14195 14598 14599 14600 14601 
performance 11 14162 14163 14405 14406 14407 14542 14543 14558 14559 15170 15169 
exploratory 9 14146 14527 14528 14529 14248 14249 14250 14308 14309 
terrestrial 1 14183 
pirate 1 14644 
profile 2 14586 14587 
strength 3 14284 14285 14286 
community 2 14160 14356 
moderators 3 14308 14403 14404 
extended 4 14290 14291 14292 14293 
korean 2 14631 14632 
myth 1 14511 
examining 2 14183 14244 
effect 4 14232 14284 14285 14286 
learned 4 14417 14418 14419 14420 
smes 10 14570 14758 14759 14654 14655 14656 14657 15005 15006 15007 
changing 1 14471 
usage 19 14178 14182 14248 14276 14277 14278 14279 14343 14399 14400 14401 14405 14542 14543 14442 14443 14444 14524 14525 
electronics 1 14281 
competition 4 14313 14570 14758 14759 
person 1 14630 
willingness-to-pay 2 14578 14579 
automated 1 14319 
reducing 4 14170 14753 14754 14755 
inhibitors 1 14449 
portents 2 14591 14592 
people 13 14253 14254 14255 14256 14257 14258 14314 14315 14316 14392 14393 14690 14691 
corporation 3 14405 14406 14407 
reform 1 14323 
laptop 3 14248 14249 14250 
personalizing 1 14336 
gathering 2 14377 14378 
augmenting 1 14180 
industry 9 14313 14408 14409 14410 14593 15170 15169 14658 14659 
exchange 3 14570 14758 14759 
strategies 3 14263 14264 14265 
platform 6 14169 14170 14178 14233 14234 14235 
games 7 14290 14291 14292 14293 14576 14577 14630 
antecedents 4 14654 15005 15006 15007 
gsm 2 14201 14202 
like 1 14630 
unesco 1 14175 
gaps 1 14590 
san 1 14318 
satisfaction 3 14399 14400 14401 
combination 2 14558 14559 
years 2 14558 14559 
approaches 2 14436 14518 
culture 1 14530 
drivers 3 14178 14614 14615 
normative 4 14170 14753 14754 14755 
tele-working 3 14233 14234 14235 
cultural 2 14631 14632 
line 3 14562 14563 14564 
mapping 1 14510 
valley 1 14318 
cmfe 1 14356 
according 1 14182 
telecommunications 17 14326 14388 14389 14411 14412 14413 14414 14415 14416 14517 14518 14519 14758 16734 14593 14628 14694 
casual 1 14244 
craig 1 14188 
just 1 14296 
networking 1 14449 
applying 4 14193 14573 14574 14575 
let 3 14671 14672 14673 
characteristics 3 14248 14249 14250 
exporting 1 14664 
framework 16 14166 14189 14190 14191 14192 14193 14196 14229 14230 14331 14332 14336 17758 14671 14672 14673 
boards 2 14167 14772 
imaginaries 1 14550 
chain 1 14664 
broadband 6 14199 14200 14273 14274 14318 14593 
radio 2 14489 14644 
phone 16 14146 14527 14528 14529 14784 14785 14786 14787 14196 14442 14443 14444 14637 14638 14688 14689 
reading 6 14146 14147 14310 14311 14312 14435 
managers 3 14405 14542 14543 
structural 3 14578 14588 14589 
travel 3 14408 14409 14410 
pira 2 14171 14172 
concerns 2 14288 14289 
attitudes 10 14167 14168 14392 14393 14500 14501 14502 14674 14675 14676 
imperatives 1 14597 
habits 3 14310 14311 14312 
dependency 2 14208 14472 
regulating 1 14317 
millennium 1 14297 
parties 3 14263 14264 14265 
niche 2 14173 14174 
non-traditional 1 14664 
survey 3 14674 14675 14676 
fund 3 14405 14406 14407 
parenting 2 14568 14569 
intellectual 3 15170 15169 15677 
decision-making 1 14180 
affordances 1 14435 
cognitive 1 14248 
transnationalisation 1 14516 
representation 1 14597 
regulation 3 14593 14683 14684 
policy 8 14597 14604 14605 14606 14607 14624 14628 14645 
town 1 14511 
media 22 14173 14174 14227 14228 14275 14368 14369 14302 14356 14370 14389 14665 14405 14542 14543 14460 14472 14531 14532 14568 14569 14630 
e-learning 1 14343 
exposure 2 14389 14665 
connecting 6 14253 14254 14255 14256 14257 14258 
ugc 1 14302 
paper 3 14146 14147 14435 
redundant 4 14640 14641 14642 14643 
blog 2 14194 14195 
evaluation 1 14468 
sharing 1 14178 
implications 6 14429 14604 14605 14606 14607 14645 
tariff 1 14248 
switzerland 2 14229 14230 
making 3 14560 14561 14597 
ecology 1 14460 
acceptance 10 14212 14213 14290 14291 14292 14293 14390 14562 14563 14564 
students 8 14182 14244 14276 14277 14278 14279 14361 14362 
university 4 14276 14277 14278 14279 
greece 5 14619 14620 14621 14622 14623 
evaluating 6 14196 14405 14406 14407 14570 14571 
poor 2 14560 14561 
potential 3 14240 14241 14242 
regimes 1 14353 
egypt 2 14167 14168 
goals 1 14297 
seoul 4 14598 14599 14600 14601 
municipal 4 14266 14267 14268 14318 
uses 3 14195 14385 14572 
fundamental 3 14553 14554 14555 
turkey 1 14182 
kuwait 5 14167 14168 14724 14725 14639 
pre-adolescents 3 14442 14443 14444 
user 5 14166 14336 17758 14449 14471 
need 1 14231 
using 7 14284 14285 14286 14331 14332 14513 14514 
communities 6 14492 14493 14494 14495 14496 14612 
freedom 4 14167 14724 14725 14479 
intensity 3 14248 14249 14250 
college 2 14178 14244 
higher 3 14405 14406 14407 
workforce 1 14469 
paparazzi 1 14630 
personality 2 14308 14450 
continued 1 14343 
politics 4 14275 14368 14369 14294 
telecommunication 8 14162 14163 14243 14457 14578 14579 14638 14649 
search 2 14308 14309 
e-commerce 4 14408 14409 14410 14549 
chemical 1 14639 
interfaces 2 14336 17758 
features 1 14544 
perpetuity 3 14625 14626 14627 
shoppers 2 14586 14587 
entrepreneurs 2 14201 14202 
patterns 5 14331 14332 14430 14431 14670 
creative 3 14314 14315 14316 
achieving 1 14297 
optimization 1 14429 
gis 3 14553 14554 14555 
number 3 14215 14216 14217 
effects 16 14170 14753 14754 14755 14390 14321 14322 14333 14334 14335 14526 14570 14758 14759 14576 14577 
psychological 6 14276 14277 14278 14279 14377 14378 
apart 3 14314 14315 14316 
colleges 1 14182 
scenario 4 14427 14521 14594 14595 
cities 1 14516 
air 1 14629 
discovery 5 15170 16250 14671 14672 14673 
introduction 3 14517 14518 14519 
e-government 5 14189 14190 14191 14192 14193 
knowledge-based 2 14336 17758 
exclusive 1 14489 
seeking 1 14472 
handling 3 14518 14576 14577 
ec 1 14323 
measuring 10 14205 14206 14207 14219 14220 14221 14222 14223 14224 14639 
determinant 4 14604 14605 14606 14607 
locations 6 14253 14254 14255 14256 14257 14258 
debate 5 14175 14598 14599 14600 14601 
map 2 14290 14292 
specialists 1 14390 
current 1 14518 
investigating 3 14497 14498 14499 
affecting 3 14162 14163 14590 
socio-ecological 1 14170 
relationships 2 14688 14689 
italy 3 14310 14311 14312 
man 1 14231 
ahp 3 14205 14206 14207 
rendezvous 3 14671 14672 14673 
telecoms 2 14658 14659 
eu 5 14199 14200 14296 14317 14436 
adoption 18 14183 14244 14290 14390 14326 14384 14408 14409 14410 14417 14418 14419 14420 14460 14464 14465 14549 14650 
multi-objective 1 14180 
keyboard 3 14310 14311 14312 
abductive 1 14319 
organizations 1 14460 
web 6 14195 14385 14302 14570 14758 14759 
traditional 2 14173 14174 
living 1 14677 
history 1 14677 
he-tam 2 14212 14213 
comments 3 14167 14724 14725 
expression 3 14167 14724 14725 
methods 5 14346 14347 14497 14498 14499 
player 4 14290 14291 14292 14293 
greenhouse 3 14333 14334 14335 
versus 5 14500 14501 14502 14638 14649 
boundary 1 14248 
exploring 9 14139 14140 14248 14377 14378 14399 14400 14401 14670 
close 1 14296 
venezuela 2 14681 14682 
parthenay 1 14511 
broadcasting 3 14360 14388 14389 
choosing 1 14248 
consequence 4 14654 15005 15006 15007 
key 2 14290 14390 
taiwanese 4 14276 14277 14278 14279 
clicks-and-bricks 1 14526 
financial 6 14429 14619 14620 14621 14622 14623 
enhancing 3 14266 14267 14268 
human-centered 1 14166 
ptptn 3 14405 14406 14407 
agent 3 14437 14438 14439 
measurement 2 14758 16734 
satisfaction-continuance 3 14308 14403 14404 
bundles 2 14578 14579 
highways 1 14479 
contemporary 3 14458 14459 14585 
australia 2 14524 14525 
makers 4 14604 14605 14606 14607 
example 3 14308 14403 14404 
post-paid 1 14429 
internet 44 14166 14167 14168 14173 14174 14178 14182 14188 14195 14385 14197 14209 14210 14211 14248 14249 14250 14270 14308 14450 14317 14321 14322 14338 14339 14384 14500 14501 14502 14524 14525 14530 14570 14571 14572 14586 14587 14590 14591 14592 14602 14613 14688 14689 
therapy 2 14346 14347 
mobile 63 14146 14527 14528 14529 14784 14785 14786 14787 14196 14208 14248 14249 14250 14281 14290 14291 14292 14293 14390 14326 14354 14355 14686 14361 14362 14399 14400 14401 14417 14418 14419 14420 14429 14442 14443 14444 14449 14468 14497 14498 14499 14500 14501 14502 14513 14514 14560 14561 14578 14579 14580 14581 14637 14638 14646 14647 14648 14670 14671 14672 14673 14688 14689 
does 1 14178 
ict 6 14232 14246 14247 14354 14355 14471 
ipad 3 14248 14249 14250 
consensus 1 14457 
intentions 1 14526 
understanding 3 14170 14343 14593 
purchase 1 14526 
organization 4 14458 14459 14558 14559 
area 5 14619 14620 14621 14622 14623 
integration 3 14212 14213 14544 
experience 4 14166 14173 14174 14597 
actor-network 3 14170 14171 14172 
export 1 14664 
audio 1 14526 
communication 21 14146 14784 14785 14786 14787 14175 14248 14249 14250 14275 14458 14459 14560 14561 14591 14592 14597 14640 14641 14642 14643 
society 7 14294 14437 14438 14439 14483 14484 14624 
idt 2 14212 14213 
overload 3 14215 14216 14217 
game 1 14244 
readiness 6 14139 14140 14654 15005 15006 15007 
message 4 14170 14753 14754 14755 
wallets 1 14281 
advertisements 2 14361 14362 
uae 2 14668 14669 
cooperative 1 14270 
approach 13 14166 14170 14753 14754 14755 14354 14355 14460 14553 14554 14555 14658 14659 
enablers 1 14449 
growth 3 14232 14524 14525 
ireland 2 14229 14230 
employment 2 14290 14292 
rights 2 14231 14597 
immersion 3 14308 14403 14404 
fixed 2 14201 14202 
council 2 14167 14772 
snapchat 3 14284 14285 14286 
premises 3 14233 14234 14235 
lifecycle 5 14189 14190 14191 14192 14193 
activities 1 14549 
mayoral 4 14598 14599 14600 14601 
commercial 3 14233 14234 14235 
screen 5 14310 14311 14312 14568 14569 
services 22 14189 14190 14191 14192 14193 14290 14292 14390 14321 14322 14326 14384 14469 14513 14514 14517 14518 14519 14614 14615 14688 14689 
emissions 3 14333 14334 14335 
ecological 4 14170 14779 14354 14355 
pectations 1 14603 
commitment 5 14158 14159 14284 14285 14286 
questions 1 14677 
reality 1 14511 
gas 3 14333 14334 14335 
centrality 3 14578 14588 14589 
managed 2 14170 14663 
ubiex 1 14603 
enabling 2 14212 14213 
re-examining 3 14553 14554 14555 
gap 3 14590 14681 14682 
accessing 2 14194 14195 
series 2 14524 14525 
experiences 2 14631 14632 
domestication 2 14631 14632 
hardware 2 14169 14170 
development 7 14232 14243 14297 14467 14510 14602 14694 
influence 9 14167 14724 14725 14178 14244 14377 14378 14631 14632 
sociological 5 14146 14147 14310 14311 14312 
maracaibo 2 14681 14682 
portuguese 2 15170 15169 
ohmynews 1 14302 
zealand 2 14490 14491 
radical 3 14646 14647 14648 
democracy 1 14479 
texting 2 14638 14649 
shaping 3 14562 14563 14564 
negotiating 1 14608 
pages 3 14625 14626 14627 
organisation 2 14605 15170 
sequences 6 14219 14220 14221 14222 14223 14224 
developments 1 14471 
digitally 3 14146 14147 14435 
extension 2 14290 14390 
sectarian 3 14167 14724 14725 
teaching 2 15170 15677 
players 1 14244 
educationally 4 14417 14418 14419 14420 
telecommuting 1 14469 
standing 1 14188 
design 2 14166 14550 
cause 1 14248 
technology 25 14170 14663 14212 14213 14275 14290 14291 14292 14293 14390 14294 14366 14367 14427 14428 14451 14452 14453 14454 14455 14456 14464 14465 14467 14608 
dissociation 3 14308 14403 14404 
individual 7 14197 14308 14309 14326 14646 14647 14648 
location 4 14193 14573 14574 14575 
recognition 2 14668 14669 
perspectives 17 14170 14779 14298 14299 14300 14317 14389 14665 14399 14400 14401 14427 14520 14521 14522 14523 14436 
segmentation 4 14604 14605 14606 14607 
study 29 14146 14527 14528 14529 14178 14197 14205 14206 14207 14248 14249 14250 14388 14389 14405 14406 14407 14411 14412 14413 14414 14415 14416 14430 14431 14572 14593 14688 14689 
computing 5 14298 14299 14300 14427 14428 
studies 1 14664 
nwico 1 14175 
middle 4 14417 14418 14419 14420 
chinese 4 14464 14465 14631 14632 
barriers 1 14178 
shipping 4 14184 14185 14186 14187 
continuance 10 14399 14400 14401 14449 14654 14655 14656 14657 14690 14691 
participation 8 14389 14665 14492 14493 14494 14495 14496 14550 
age 3 14248 14302 14516 
gulf 2 14167 14772 
facebook 23 14160 14276 14277 14278 14279 14284 14285 14286 14430 14431 14492 14493 14494 14495 14496 14583 14598 14599 14600 14601 14625 14626 14627 
value 5 14166 14399 14400 14401 14664 
developing 4 14196 14354 14355 14457 
gratifications 5 14195 14385 14284 14285 14286 
investigation 6 14160 14248 14308 14309 14403 14404 
neutrality 3 14170 14321 14322 
republic 3 14314 14315 14316 
challenges 13 14199 14200 14240 14241 14242 14451 14452 14453 14454 14455 14456 14458 14459 
flat 1 14248 
malaysia 7 14654 14655 14656 14657 15005 15006 15007 
iacute 2 14171 14172 
coexistence 1 14178 
strategising 2 14605 15170 
relative 3 14205 14206 14207 
comparison 14 14146 14147 14182 14263 14264 14265 14284 14285 14286 14492 14493 14494 14495 14496 
textile 1 14639 
studied 1 14630 
statement 3 14437 14438 14439 
emerging 5 14598 14599 14600 14601 14613 
issues 4 14170 14779 14510 14629 
bulletin 2 14167 14772 
alteration 3 14562 14563 14564 
mining 2 14331 14332 
uganda 3 14408 14409 14410 
parity 2 14560 14561 
theory 11 14170 14171 14172 14173 14174 14227 14228 14526 14553 14554 14555 
conferences 3 14333 14334 14335 
protecting 4 14298 14299 14300 14370 
affect 3 14215 14216 14217 
network 25 14170 14215 14216 14217 14253 14254 14255 14256 14257 14258 14266 14267 14268 14284 14285 14286 14290 14291 14292 14293 14321 14322 14354 14686 14544 
online 19 14167 14724 14725 14772 14178 14244 14377 14378 14389 14665 14576 14577 14578 14588 14589 14608 14629 14692 14693 
imperfect 1 14518 
achieved 1 14175 
japan 2 14232 14281 
rise 1 14197 
pleonastic 2 14483 14484 
telecom 6 14205 14206 14207 14240 14241 14242 
cyber-jurisdiction 1 14296 
cooperation 2 14167 14772 
banking 4 14384 15170 15169 14613 
healthcare 2 14605 15170 
application 14 14170 14173 14174 14233 14234 14235 14290 14291 14292 14293 14321 14322 14580 14581 
transition 1 14593 
readers 8 14167 14724 14725 14194 14195 14562 14563 14564 
conversations 2 14637 14638 
customers 1 14248 
sms 3 14248 14513 14514 
inclusion 5 14171 14172 14266 14267 14268 
human 1 14231 
ip 1 14353 
reception 1 14644 
organizational 9 14405 14542 14543 14460 14558 14559 14570 14758 14759 
real-world 6 14253 14254 14255 14256 14257 14258 
local 6 14275 14464 14465 14467 14480 14481 
act 1 14597 
smart 5 14313 14688 14689 14690 14691 
intelligent 4 14331 14332 14336 17758 
arts 1 14608 
xrm 2 14139 14140 
metropolitan 5 14619 14620 14621 14622 14623 
received 3 14215 14216 14217 
phenomenon 1 14583 
pakistan 4 14240 14241 14242 14628 
washington 1 14457 
providers 2 14683 14684 
indigeneity 1 14608 
resistance 1 14612 
computer-centric 3 14248 14249 14250 
traits 4 14276 14277 14278 14279 
opportunities 3 14240 14241 14242 
homeland 2 14668 14669 
cell 2 14392 14393 
copyright 1 14323 
impacts 6 14246 14247 14427 14428 14531 14532 
disaster 2 15170 16250 
content 7 14199 14200 14208 14464 14465 14683 14684 
price 2 14560 14561 
ownership 4 14442 14443 14444 14550 
recommendations 4 14336 14408 14409 14410 
beijing 5 14146 14527 14528 14529 14629 
switchover 1 14624 
trends 5 14199 14200 14298 14299 14300 
problematizing 2 14531 14532 
webcasters 1 14526 
choice 2 14178 14248 
events 6 14253 14254 14255 14256 14257 14258 
data 7 14170 14779 14281 14331 14332 14436 14518 
vs 2 14251 14252 
worlds 3 14314 14315 14316 
reasons 2 14195 14385 
digital 24 14171 14172 14181 14183 14199 14200 14297 14351 14352 14360 14411 14412 14413 14414 14415 14416 14471 14511 14562 14563 14564 14624 14681 14682 
critical 5 14227 14228 14266 14267 14268 
personal 3 14248 14249 14250 
habit 3 14399 14400 14401 
dynamics 1 14170 
older 5 14146 14784 14785 14786 14787 
displacement 2 14173 14174 
bodily 1 14435 
discourse 7 14167 14724 14725 14266 14267 14268 14294 
initiative 1 14624 
oligopolistic 1 14313 
uk 5 14229 14230 14310 14311 14312 
news 6 14173 14174 14562 14563 14564 14629 
cordillera 1 14608 
breakthrough 2 14288 14289 
relationship 4 14308 14403 14404 14510 
peering 1 14270 
overview 2 14427 14428 
preference 3 14205 14206 14207 
modeling 6 14460 14619 14620 14621 14622 14623 
tv 6 14158 14159 14598 14599 14600 14601 
liberalization 1 14593 
tweets 3 14215 14216 14217 
variable 1 14182 
infrastructure 1 14270 
hall 1 14468 
half 1 14468 
candidate 1 14384 
exploration 4 14290 14390 14638 14649 
ghana 1 14664 
haptic 2 14212 14213 
student 1 14178 
gender 1 14182 
electricity 2 14524 14525 
indigenous 2 14597 14608 
shewhart 1 14180 
follow 3 14284 14285 14286 
networks 17 14146 14784 14785 14786 14787 14513 14514 14578 14588 14589 14614 14615 14619 14620 14621 14622 14623 
cellular 6 14253 14254 14255 14256 14257 14258 
reports 1 14629 
index 4 14354 14355 14560 14561 
text 3 14497 14498 14499 
sub-saharan 3 14408 14409 14410 
household 2 14631 14632 
mexico 1 14572 
relation 3 14457 14683 14684 
alternative 2 14227 14228 
kids 1 14680 
logic 2 14319 14550 
input 3 14497 14498 14499 
explosion 1 14590 
efforts 1 14297 
comparative 4 14388 14389 14430 14431 
reforms 1 14593 
empirical 9 14248 14249 14250 14338 14339 15170 15677 14688 14689 
model 15 14178 14212 14213 14273 14274 14276 14277 14278 14279 14290 14291 14292 14293 14390 14302 
forum 1 14356 
density 3 14215 14216 14217 
perception 2 14361 14362 
municipality 2 14171 14172 
nets 2 14480 14481 
observations 1 14613 
phones 6 14281 14392 14393 14497 14498 14499 
geography 1 14677 
niedersachsen 2 14229 14230 
real-time 4 14640 14641 14642 14643 
conflicts 2 14288 14289 
small-scale 2 14201 14202 
recovery 2 14576 14577 
malaysian 3 14405 14542 14543 
adopters 2 14183 14244 
discovering 2 14331 14332 
dilemma 1 14489 
unity 3 14167 14724 14725 
views 2 14170 14779 
temporal 9 14219 14220 14221 14222 14223 14224 14308 14403 14404 
service 20 14166 14219 14220 14221 14222 14223 14224 14354 14686 14576 14577 14578 14579 14604 14605 14606 14607 14645 14658 14659 
operations 4 14184 14185 14186 14187 
employees 2 14251 14252 
journalism 1 14302 
tie 3 14284 14285 14286 
inferences 2 14531 14532 
rescue 2 14201 14202 
motivation 1 14472 
bases 1 14518 
city 10 14411 14412 14413 14414 14415 14416 14464 14465 14681 14682 
open 5 14169 14170 14437 14438 14439 
anatomy 3 14215 14216 14217 
use-based 1 14248 
burden 2 14201 14202 
initial 3 14674 14675 14676 
voip-telephone 1 14645 
groups 11 14451 14452 14453 14454 14455 14456 14492 14493 14494 14495 14496 
information 36 14175 14193 14573 14574 14575 14195 14385 14215 14216 14217 14275 14308 14309 14319 14361 14362 14377 14378 14411 14412 14413 14414 14415 14416 14467 14472 14479 14483 14484 14516 14518 14590 14624 14674 14675 14676 
memorial 3 14625 14626 14627 
exclusion 3 14275 14483 14484 
national 8 14167 14724 14725 14405 14406 14407 14464 14465 
interaction 6 14451 14452 14453 14454 14455 14456 
groupware 2 15170 16250 
tribal 3 14167 14724 14725 
strategic 1 14526 
kakaostory 2 14430 14431 
carriers 4 14604 14605 14606 14607 
associations 2 14568 14569 
adults 5 14146 14784 14785 14786 14787 
mozambique 1 14243 
language 4 14346 14347 14638 14649 
tam 2 14212 14213 
position 3 14437 14438 14439 
zimbabwe 5 14243 14408 14409 14410 14644 
examination 2 15170 15677 
america 6 14270 14273 14274 14314 14315 14316 
long-term 4 14558 14559 14605 15170 
institutions 1 14243 
mode 1 14516 
dea 3 14205 14206 14207 
identity 4 14427 14521 14594 14595 
conversationalists 2 14637 14638 
union 5 14209 14210 14211 14692 14693 
money 2 14560 14561 
india 3 14297 14353 14585 
campaign 3 14263 14264 14265 
ubiquitous 3 14248 14427 14428 
specialization 1 14390 
aging 5 14492 14493 14494 14495 14496 
united 10 14209 14210 14211 14388 14389 14593 14683 14684 14692 14693 
smartphones 1 14390 
access 14 14209 14210 14211 14248 14275 14368 14369 14288 14289 14338 14339 14624 14688 14689 
research 3 14437 14438 14439 
integrated 2 14290 14390 
slovenia 5 14146 14784 14785 14786 14787 
teenagers 1 14197 
cloud 3 14166 14290 14390 
brand 4 14160 14284 14285 14286 
smartphone 4 14244 14308 14403 14404 
based 2 14346 14347 
sector 10 14205 14206 14207 14229 14230 14240 14241 14242 14457 14664 
genre 1 14178 
flanders 1 14360 
users 11 14248 14249 14250 14290 14292 14500 14501 14502 14646 14647 14648 
old 1 14178 
kenya 5 14338 14339 14408 14409 14410 
fixed-mobile 4 14604 14605 14606 14607 
impact 7 14158 14159 14167 14168 14196 14593 14613 
ubicomp 1 14603 
policymaking 1 14593 
fame 1 14468 
requests 6 14219 14220 14221 14222 14223 14224 
tools 2 14346 14347 
icts 6 14231 14297 14510 14624 14631 14632 
unification 1 14296 
korea 11 14169 14170 14302 14354 14686 14388 14389 14598 14599 14600 14601 
systems 12 14188 14421 14331 14332 14388 14389 14408 14409 14410 14674 14675 14676 
work 2 14346 14347 
like-minded 2 14389 14665 
implication 1 14166 
portal 3 14405 14406 14407 
global 3 14464 14465 14670 
nigeria 4 14201 14202 14338 14339 
dissent 1 14608 
programme 3 14437 14438 14439 
environment 9 14162 14163 14370 14427 14520 14521 14522 14523 14612 
market 11 14326 14429 14517 14518 14519 14580 14581 14604 14605 14606 14607 
food 1 14639 
influencing 10 14183 14290 14292 14562 14563 14564 14654 14655 14656 14657 
company 1 14160 
apps 3 14399 14400 14401 
management 7 14319 14513 14514 14758 16734 15170 15677 
longitudinal 2 14605 15170 
instagram 3 14284 14285 14286 
intention 14 14284 14285 14286 14308 14403 14404 14343 14449 14654 14655 14656 14657 14690 14691 
specific 1 14178 
interests 1 14353 
agents 3 14319 14331 14332 
behaviour 1 14326 
ecosystems 3 14354 14355 14686 
recent 2 14199 14200 
biotechnology 2 14758 16734 
interactive 2 14188 14421 
order 1 14175 
regulatory 3 14370 14388 14389 
astray 1 14489 
africa 9 14338 14339 14351 14352 14408 14409 14410 14510 14602 
cross-cutting 2 14389 14665 
website 4 14654 14655 14656 14657 
matter 1 14243 
decade 1 14468 
women 2 14631 14632 
grounded 3 14553 14554 14555 
domestic 2 14308 14309 
rules 1 14296 
disruptive 2 14170 14663 
technologies 13 14139 14140 14184 14185 14186 14187 14570 14571 14640 14641 14642 14643 14650 
latin 6 14270 14273 14274 14314 14315 14316 
context 2 14170 14663 
book 3 14310 14311 14312 
industries 9 14314 14315 14316 14354 14355 14686 14758 16734 14639 
multi-person 1 14180 
channel 3 14158 14159 14472 
