<Keyword> <No of vertices> <vertex1> <vertex2> .... <vertexN> 
reliable 1 11256 
lightpath 4 11217 11218 11219 11220 
chemically 2 11017 11018 
using 29 10640 10647 10648 10649 10795 10796 10799 10800 10851 10852 10910 10911 10912 10946 10947 10948 10949 11074 11075 11076 11077 11222 11223 11224 11255 11314 11315 11361 11362 
visibility 2 10875 10876 
incentive 2 11254 13562 
threat 3 10735 10736 10737 
managing 4 10653 10654 10655 10656 
party 3 10838 10839 10840 
remediation 3 10735 10736 10737 
preface 5 10730 11129 11343 11344 11345 
time 2 11253 11254 
semantics 3 11214 11215 11216 
advanced 11 10718 11243 11244 11245 11246 11247 11248 11249 11250 11251 11252 
systematic 3 11290 11291 11292 
molokai 1 10693 
satellites 2 11078 11079 
generation 5 10829 10830 10831 10832 10833 
reflective 1 10961 
monitoring 3 11197 11198 11199 
patterns 2 10968 10969 
extensible 2 11200 11201 
achieving 2 10708 11698 
daes 4 11022 11023 11024 11025 
optimization 10 10694 10695 10696 10937 18478 19344 19345 19346 11193 11194 
image 9 10715 10716 10717 10937 18478 19344 19345 19346 11086 
gis 5 10733 10734 11272 11273 11274 
evolution 2 11174 11175 
whiteboard 2 10797 10798 
fem 2 11316 11317 
automata 3 11225 11302 11303 
behavioural 2 10826 10827 
bioinformatics 3 10903 10904 10905 
automate 2 11078 11079 
reconfiguration 3 11019 11020 11021 
attacks 2 11314 11315 
discovery 12 10645 11881 11882 10745 10746 10747 10748 10749 10750 10751 10752 10753 
dynamic 12 10893 10894 10917 10918 10954 10955 10956 10957 10958 11019 11020 11021 
assessing 4 10626 13890 13891 13892 
knowledge 4 11013 11014 11015 11016 
behavior 1 11225 
inter-stream 2 10759 10760 
ilu-relaxation 1 11275 
handling 2 10918 12904 
measuring 3 10939 10940 10941 
auml 1 11226 
training 3 10640 11325 11326 
patient 3 11197 11198 11199 
programming 3 10910 10911 10912 
token 1 11362 
experiments 9 10631 10632 11027 11028 11029 11030 11031 11032 11033 
msimd 2 10759 10760 
domain 1 11255 
turbulent 4 10635 10636 10637 10638 
investigating 2 10811 10812 
cpu-gpu 5 10912 12142 12143 12144 12145 
helio 9 10745 10746 10747 10748 10749 10750 10751 10752 10753 
notation 2 11310 11311 
trial 4 11217 11218 11219 11220 
logistics 4 11013 11014 11015 11016 
preferences 4 10626 13890 13891 13892 
intensive 1 11086 
workload 3 10708 10712 13520 
partitions 3 11290 11291 11292 
simulator 2 10631 10632 
detecting 2 10623 10624 
connectivity 1 11225 
rlwe 5 11257 11258 11259 11260 11261 
web 8 10647 10648 10649 10713 11508 11509 11325 11326 
electronic 4 10797 10798 11078 11079 
solving 1 11208 
register 3 10789 10790 10791 
new 7 10799 10800 11099 11100 11101 11226 11229 
utility 9 10626 13890 13891 13892 10646 10665 10666 10667 10668 
subgraphs 3 11071 11072 11073 
leveraging 6 10708 10709 10710 10711 10712 11698 
sequence 5 10903 10965 11355 11356 11357 
next-generation 2 10811 10812 
lazy 2 11139 11140 
profiles 3 10939 10940 10941 
multiprocessor 6 10633 10634 10677 10678 10795 10796 
multi-symplectic 2 10739 10740 
telemedical 1 10776 
circuits 4 11022 11023 11024 11025 
libraries 4 11338 11339 11340 11341 
methods 7 10739 10740 10972 11210 11211 11212 11229 
body 3 11295 11296 12061 
resources 5 10702 10703 13128 11980 11278 
non-product 1 10815 
computational 19 10640 10693 11226 11243 11244 11245 11246 11247 11248 11249 11250 11251 11252 11329 11330 11331 11332 11333 11334 
basis 3 10816 10817 10818 
paradigm 1 11255 
pde 4 11226 13528 13529 13530 
tool 8 10829 10830 10831 10832 10833 11355 11356 11357 
distributed 18 10631 10632 10653 10654 10655 10656 10713 11239 10781 10782 10783 10893 10894 10968 10969 11208 11254 13562 
splitting 1 11229 
architecture 17 10657 10658 10713 11239 10797 10798 10811 10812 10903 10904 10905 11045 11046 11047 11207 11208 11209 
policies 2 10713 10714 
droplets 2 11017 11018 
software 5 10702 10703 10776 11310 11311 
reshaping 3 10708 10712 13520 
medical 5 10741 10742 10743 10775 10776 
pole 1 11256 
heliophysics 9 10745 10746 10747 10748 10749 10750 10751 10752 10753 
bayesian 1 10842 
homotopy 4 11022 11023 11024 11025 
future 8 10693 10703 11980 11979 11981 11982 10739 10740 
reputation 2 11254 13562 
heuristics 1 10641 
composition 6 11282 11283 11284 11285 11286 11287 
processing 14 10625 10626 10713 11239 10715 10716 10717 10935 10936 10937 10938 11355 11356 11357 
perspective 1 11208 
embedding 1 11255 
ant 1 10963 
light 2 10875 10876 
compressible 2 11316 11317 
gen 2 10739 10740 
environments 16 10659 10672 10673 10674 10675 10700 10701 10781 10782 10783 10968 10969 11208 11253 11254 11369 
burst 2 10629 10630 
eager 5 10789 10790 10791 11139 11140 
code 1 11275 
equations 3 11210 11211 11212 
ontology 5 10703 11980 11979 11981 11982 
switching 4 11022 11023 11024 11025 
eeg 1 10776 
agent 5 10784 10785 11222 11223 11224 
forces 2 10811 10812 
credit-based 4 10946 10947 10948 10949 
detection 3 10735 10736 10737 
multiprocessors 2 11139 11140 
factors 3 11034 11035 11036 
cm 1 10972 
linking 1 11208 
similarity 2 11254 13562 
connector 10 11243 11244 11245 11246 11247 11248 11249 11250 11251 11252 
whitelists 4 10653 10654 10655 10656 
streams 7 10722 10723 10724 10725 10726 10727 10728 
lightweight 10 11243 11244 11245 11246 11247 11248 11249 11250 11251 11252 
microarray 7 11027 11028 11029 11030 11031 11032 11033 
fast 4 10779 10968 10969 11275 
sparse 3 11210 11211 11212 
phase 4 11078 11079 11174 11175 
internet 2 10631 10632 
provisioning 4 10702 10703 13128 11980 
extending 2 10657 10658 
heterogeneous 9 10700 10701 10713 10714 11017 11018 11323 11324 11369 
mobile 6 10623 10624 10626 13890 13891 13892 
reflection 2 10784 10785 
trusted 9 10653 10654 10655 10656 10838 10839 10840 11084 19613 
wormhole-routed 2 10713 11082 
qos-based 4 10702 10703 13128 11980 
routing 2 10677 10678 
analysis 23 10745 10746 10747 10748 10749 10750 10751 10752 10753 10799 10800 10816 10817 10818 10918 12904 11027 11028 11029 11030 11031 11032 11033 
discord 2 10623 10624 
simulation 11 10729 10730 10811 10812 11295 11296 12061 11302 11303 11307 11308 
business 2 11208 15632 
meets 2 10733 10734 
sequential 4 10672 10673 10674 10675 
lag 2 10708 11698 
pdes 2 10739 10740 
fuzzy 2 10959 10960 
integration 15 10739 10740 10990 10991 10992 10993 10994 10995 10996 10997 10998 10999 11290 11291 11292 
autocorrelation 2 11276 11277 
experience 3 10910 10911 10912 
cost-effective 2 10702 10703 
offset 2 10629 10630 
grammars 1 11129 
hawaii 1 10693 
parallel 20 10657 10658 10715 10716 10717 10972 11045 11046 11047 11174 11175 11253 11254 11255 11275 11278 11288 11289 11307 11308 
communication 8 10626 13890 13891 13892 10759 10760 10837 11896 
layer 5 10703 11980 11979 11981 11982 
prediction 3 10708 10712 13520 
semantic 5 10708 10709 10710 10711 10712 
iterative 1 11229 
methodology 6 11074 11075 11076 11077 11208 15632 
memory 14 10703 11980 11979 11981 11982 10910 10911 10912 10966 10967 11226 13528 13529 13530 
shadows 2 10875 10876 
message 2 11361 11362 
ai 2 11078 11079 
approximation 3 10633 10634 10815 
intermittent 1 11225 
approach 17 10837 11896 10918 12904 11074 11075 11076 11077 11078 11079 11083 11084 11085 11256 11290 11291 11292 
java 2 11302 11303 
numerical 4 10635 10636 10637 10638 
nature-inspired 2 10837 11896 
arrays 3 10715 10716 10717 
nonlinear 10 10694 10695 10696 11022 11023 11024 11025 11210 11211 11212 
clustered 5 10679 10680 10681 10682 10683 
gener 5 10703 11980 11979 11981 11982 
telemedicine 2 10797 10798 
single-chip 2 10795 10796 
package 1 10776 
neural 2 10851 10852 
fixed 4 11022 11023 11024 11025 
sensor 3 11197 11198 11199 
operation 1 10971 
languages 3 10789 10790 10791 
barrier 1 10779 
rank 2 10799 10800 
caches 3 10713 11508 11509 
correct 3 10843 10844 10845 
social 4 10626 13890 13891 13892 
tolerance 2 10966 10967 
oriented 8 10702 10703 11254 13562 11366 11367 11368 11369 
concurrency 1 10837 
approximate 2 11323 11324 
simulations 4 10635 10636 10637 10638 
synthesis 3 10843 10844 10845 
fully 5 11257 11258 11259 11260 11261 
bbs 1 10972 
thoughts 3 10735 10736 10737 
programs 1 10972 
transfer 4 11217 11218 11219 11220 
services 8 10702 10703 10781 10782 10783 10838 10839 10840 
heart 2 11276 11277 
aaa 3 11207 11208 11209 
support 11 10626 13890 13891 13892 10759 10760 10918 12904 11355 11356 11357 
calculations 3 10972 11316 11317 
adaptive 10 10629 10630 10713 10714 10826 10827 10903 10965 11307 11308 
privacy 5 10939 10940 10941 11084 19613 
puerto 2 10627 10628 
multinets 1 10842 
distribution 5 10645 10646 10647 10648 10649 
decisions 3 11034 11035 11036 
hemt 1 10950 
abstraction 5 10703 11980 11979 11981 11982 
negotiation 14 10645 11881 11882 10826 10827 11222 11223 11224 11282 11283 11284 11285 11286 11287 
scene 3 10816 10817 10818 
records 1 11208 
iaas 3 10942 10943 10944 
virtual 4 10641 10816 10817 10818 
expert 9 10829 10830 10831 10832 10833 10971 11034 11035 11036 
repositories 4 11338 11339 11340 11341 
boltzmann 5 11017 11018 11295 11296 12061 
development 8 10631 10632 11208 15632 11366 11367 11368 11369 
descriptor 1 11256 
assistance 4 10816 10817 10818 10971 
influence 3 11034 11035 11036 
space 2 11174 11175 
decision 4 10826 10827 10913 10914 
middlewares 10 10990 10991 10992 10993 10994 10995 10996 10997 10998 10999 
spills 3 10789 10790 10791 
mapreduce 4 11019 11020 11021 11369 
algorithm 8 10968 10969 11005 11006 11007 11019 11020 11021 
statistical 2 10799 10800 
biometric 4 10847 10848 10849 10850 
unexpected 2 10623 10624 
rolling 2 11307 11308 
adjustment 3 11272 11273 11274 
supported 8 10703 11980 11979 11981 11982 11272 11273 11274 
transbronchial 6 11329 11330 11331 11332 11333 11334 
probabilistic 4 10826 10827 11361 11362 
construction 6 10910 10911 10912 11214 11215 11216 
trading 2 10826 10827 
lattice-boltzmann 3 11294 11295 11296 
schemes 2 11310 11311 
clock 2 11361 11362 
green 3 10650 10651 10652 
n-cube 1 10779 
sciences 4 10627 10628 10640 10693 
middleware 13 10910 10911 10912 11243 11244 11245 11246 11247 11248 11249 11250 11251 11252 
ideal 3 11294 11295 11296 
interpolation 2 10875 10876 
frequent 2 10968 10969 
master 1 11226 
quasi-newton 3 11210 11211 11212 
farming 2 10702 10703 
supercomputing 1 10640 
machines 3 10641 11288 11289 
bluff 3 11295 11296 12061 
extension 8 10843 10844 10845 11257 11258 11259 11260 11261 
nodes 5 10912 12142 12143 12144 12145 
enterprise-scale 3 11083 11084 11085 
classification 5 10775 10776 10842 11276 11277 
method 7 11272 11273 11274 11338 11339 11340 11341 
retry 2 11139 11140 
technische 1 11226 
design 10 11034 11035 11036 11078 11079 11310 11311 11355 11356 11357 
avoidance 1 11362 
single 12 10990 10991 10992 10993 10994 10995 10996 10997 10998 10999 11288 11289 
technology 3 10950 11208 15632 
cad--extending 2 10733 10734 
second 5 10829 10830 10831 10832 10833 
recognition 1 11086 
segmentation 2 11276 11277 
study 2 11208 15632 
computing 43 10627 10628 10646 10665 10666 10667 10668 10650 10651 10652 10672 10673 10674 10675 10700 10701 10735 10736 10737 10781 10782 10783 10917 10918 10935 10936 10937 10938 10968 10969 10990 10991 10992 10993 10994 10995 10996 10997 10998 10999 11004 11208 11278 
land-use 3 11272 11273 11274 
type 1 11229 
procedures 2 10960 11531 
motivated 1 11086 
buffer 2 10713 11082 
self-scalable 2 10702 10703 
level 7 11282 11283 11284 11285 11286 11287 11362 
sky 7 10722 10723 10724 10725 10726 10727 10728 
results 1 10641 
january 1 10693 
wakes 3 11295 11296 12061 
sets 3 10741 10742 10743 
applications 22 10659 10702 10703 13128 11980 10718 10912 12142 12143 12144 12145 10917 10918 10966 10967 11116 11117 11197 11198 11199 11253 11254 
sla 3 10645 11881 11882 
parallelism 1 11278 
thwarting 2 11314 11315 
mesh 2 10875 10876 
protection 4 10847 10848 10849 10850 
joint 2 10629 10630 
challenges 4 10693 10735 10736 10737 
declarative 2 10784 10785 
kinds 3 11034 11035 11036 
meiko 2 11316 11317 
machine 3 11214 11215 11216 
parallelization 3 10910 10911 10912 
matching 2 11323 11324 
corporate 1 11208 
clusters 2 10713 11239 
representing 2 10917 10918 
surveys 7 10722 10723 10724 10725 10726 10727 10728 
interference 3 11295 11296 12061 
hybrid 7 10672 10673 10674 10675 10903 10904 10905 
torus 2 10713 11082 
precompiler 4 11226 13528 13529 13530 
intercloud 1 11221 
scale 1 11278 
mining 19 10722 10723 10724 10725 10726 10727 10728 10851 10852 10910 10911 10912 10913 10914 10968 10969 11083 11084 11085 
concept 2 10733 10734 
multiparadigm 4 11366 11367 11368 11369 
quatrain 3 11355 11356 11357 
loss 3 11272 11273 11274 
uuml 1 11226 
universit 1 11226 
grid-based 7 10645 10646 10893 10894 11083 11084 11085 
footprint 4 11226 13528 13529 13530 
improve 2 10625 10626 
security 4 10838 10839 10840 11208 
requirements 2 10959 10960 
network 8 10626 13890 13891 13892 10629 10630 10645 10646 
online 2 10633 10634 
computer-assisted 6 11329 11330 11331 11332 11333 11334 
vectorized 1 11275 
real 4 11253 11254 11288 11289 
autonomic 6 10837 11074 11075 11076 11077 11221 
decomposition-coordination 4 11074 11075 11076 11077 
overlapping 3 11290 11291 11292 
japan 1 11004 
wormhole 1 10779 
effectiveness 1 10641 
driven 4 10635 10636 10637 10638 
hamiltonian 5 10739 10740 11099 11100 11101 
path 3 11099 11100 11101 
cooperation 4 10946 10947 10948 10949 
grid 45 10625 10626 10645 11881 11882 10672 10673 10674 10675 10702 10703 13128 11980 11979 11981 11982 10708 11698 10903 10965 11013 11014 11015 11016 11027 11028 11029 11030 11031 11032 11033 11197 11198 11199 11222 11223 11224 11253 11254 11314 11315 11366 11367 11368 11369 
tuning 3 10694 10695 10696 
abstract 5 11214 11215 11216 11361 11362 
application 12 10653 10654 10655 10656 10781 10782 10783 10811 10812 11323 11324 11362 
building 8 10729 10730 10829 10830 10831 10832 10833 11278 
agreement 6 11282 11283 11284 11285 11286 11287 
resource 37 10629 10630 10645 10646 10829 19169 19170 10942 10943 10944 10968 10969 10990 10991 10992 10993 10994 10995 10996 10997 10998 10999 11221 11222 11223 11224 11243 11244 11245 11246 11247 11248 11249 11250 11251 11252 11362 
synchronization 3 10779 11361 11362 
problem 6 10775 10776 11099 11100 11101 11208 
doctoral 2 10627 10628 
registration 5 10937 18478 19344 19345 19346 
interface 3 10910 10911 10912 
pie 3 11045 11046 11047 
rapid 4 10935 10936 10937 10938 
provision 11 10703 11980 11979 11981 11982 11282 11283 11284 11285 11286 11287 
section 1 11208 
database 2 11084 19613 
optimizing 3 10789 10790 10791 
environmental 4 10984 10985 10986 10987 
rendering 3 10741 10742 10743 
refinements 3 11214 11215 11216 
organizational 5 10703 11980 11979 11981 11982 
hidden 5 18478 18475 18476 18477 18479 
implementation 8 10775 10776 10903 10965 10910 10911 10912 10961 
scientific 4 10676 10718 11200 11201 
stem 7 11027 11028 11029 11030 11031 11032 11033 
local 1 10640 
step 1 11278 
energy 3 11019 11020 11021 
intelligent 3 11222 11223 11224 
divergence 2 11314 11315 
mpi 6 10966 10967 11116 11117 11323 11324 
qos 5 10633 10634 10645 11881 11882 
e-mail 1 11208 
equipment 2 11078 11079 
flow 7 10635 10636 10637 10638 11295 11296 12061 
decomposition 1 11255 
workstations 4 11116 11117 11323 11324 
scheme 17 10679 10680 10681 10682 10683 10756 10757 10758 10847 10848 10849 10850 11257 11258 11259 11260 11261 
concurrent 5 10912 12142 12143 12144 12145 
feature 2 11276 11277 
convergence 1 10963 
high-level 5 10703 11980 11979 11981 11982 
rigorous 1 10641 
signature 3 10756 10757 10758 
template 4 10847 10848 10849 10850 
provably 3 10843 10844 10845 
multicomputer 2 10713 11082 
shared-image 2 10797 10798 
worms 1 10779 
ants 3 11071 11072 11073 
numerically 1 11256 
available 1 10659 
hpf 1 10718 
models 7 18478 18475 18476 18477 18479 10960 11531 
content 5 10645 10646 10647 10648 10649 
biologically 1 11086 
manets 4 10946 10947 10948 10949 
load 6 10672 10673 10674 10675 11323 11324 
spectral 1 10972 
face 4 10847 10848 10849 10850 
choice 2 10633 10634 
fvm 2 11316 11317 
sys 2 10739 10740 
miscible 3 11294 11295 11296 
wandering 1 11362 
data 61 10641 10702 10703 10708 11698 10722 10723 10724 10725 10726 10727 10728 10741 10742 10743 10745 10746 10747 10748 10749 10750 10751 10752 10753 10851 10852 10910 10911 10912 10913 10914 10984 10985 10986 10987 11019 11020 11021 11048 11083 11084 11085 19613 11129 11200 11201 11217 11218 11219 11220 11290 11291 11292 11338 11339 11340 11341 11355 11356 11357 11369 
component-based 3 11005 11006 11007 
digital 7 10647 10648 10649 11338 11339 11340 11341 
totalistic 1 11225 
significant 5 18478 18475 18476 18477 18479 
dna 2 10903 10965 
autonomous 6 11282 11283 11284 11285 11286 11287 
proxy 3 10713 11508 11509 
collections 2 11200 11201 
direct 4 10635 10636 10637 10638 
group-oriented 3 10756 10757 10758 
diffusion 2 11276 11277 
fortran 2 10676 10718 
learning 2 10826 10827 
fault 2 10966 10967 
assignment 1 11256 
multidestination 1 10779 
pattern 3 10775 10776 11086 
practice 3 11034 11035 11036 
modeling 5 10708 10709 10710 10711 10712 
string 2 11323 11324 
documentation 3 11034 11035 11036 
doe 2 10799 10800 
mra 1 11369 
infrastructure 3 10650 10651 10652 
progress 1 10693 
optical 3 10629 10630 11004 
queue 1 10815 
grids 18 10625 10626 10629 10630 11048 11243 11244 11245 11246 11247 11248 11249 11250 11251 11252 11290 11291 11292 
preprocessing 4 10984 10985 10986 10987 
ipv 3 11207 11208 11209 
congestion 1 11362 
solvers 4 11226 13528 13529 13530 
multiscale 4 11226 13528 13529 13530 
finite 3 10815 11310 11311 
science 2 10693 11226 
dsp 3 10715 10716 10717 
practical 1 10676 
two-level 1 11129 
deductive 2 10960 11531 
cellular 8 10679 10680 10681 10682 10683 11225 11302 11303 
networks 25 10623 10624 10677 10678 10679 10680 10681 10682 10683 10713 11082 10779 10851 10852 11005 11006 11007 11071 11072 11073 11116 11117 11207 11208 11209 
shared 6 10910 10911 10912 11200 11201 11362 
control 2 10631 10632 
index 2 11310 11311 
lsi 1 10950 
text 1 10842 
canada 4 11217 11218 11219 11220 
federations 6 10646 10665 10666 10667 10668 11221 
cavity 4 10635 10636 10637 10638 
benefit-aware 2 10633 10634 
surfaces 2 11017 11018 
preliminary 2 11078 11079 
light-based 3 11099 11100 11101 
workflow 4 10700 10701 10960 11531 
reduce 4 11226 13528 13529 13530 
economic 2 10645 10646 
multilayered 3 10647 10648 10649 
modified 3 11272 11273 11274 
workstation 2 10713 11239 
difference 2 11310 11311 
trusteddb 2 11084 19613 
surgical 2 11325 11326 
sound 2 11276 11277 
generated 4 10811 10812 10917 10918 
service-oriented 3 11290 11291 11292 
heterogenous 1 11278 
case 2 10893 10894 
legal 1 11208 
model 25 10623 10624 10645 10646 10700 10701 10729 10730 10811 10812 11174 11175 11200 11201 11208 15632 11288 11289 11294 11295 11296 11366 11367 11368 11369 
lattice 5 11017 11018 11295 11296 12061 
www 3 10838 10839 10840 
massively 2 10657 10658 
large-scale 8 10646 10665 10666 10667 10668 10694 10695 10696 
engineering 5 10627 10628 10718 11208 11226 
subontology-based 3 10829 19169 19170 
federation 3 11222 11223 11224 
performance 21 10676 10713 10714 11239 10718 10799 10800 10910 10911 10912 10917 10918 11074 11075 11076 11077 11207 11208 11209 11323 11324 
compatible 2 11254 13562 
allocation 3 10942 10943 10944 
real-time 12 10722 10723 10724 10725 10726 10727 10728 10729 10730 10741 10742 10743 
transparent 2 10708 11698 
synoptic 7 10722 10723 10724 10725 10726 10727 10728 
multiple 10 10990 10991 10992 10993 10994 10995 10996 10997 10998 10999 
non-linear 3 11294 11295 11296 
extended 2 11361 11362 
erratum 7 10703 11980 11979 11981 11982 10739 10740 
web-based 5 10811 10812 10829 19169 19170 
principles 2 10811 10812 
markov 5 18478 18475 18476 18477 18479 
threshold 5 11257 11258 11259 11260 11261 
ddos 2 11314 11315 
object-based 3 10713 11508 11509 
discovering 2 10968 10969 
supporting 1 11048 
trajectory 3 10816 10817 10818 
service 10 10702 10703 11254 13562 11282 11283 11284 11285 11286 11287 
infrastructures 5 10646 10665 10666 10667 10668 
circuit 3 10694 10695 10696 
implementing 3 10910 10911 10912 
high 8 10676 10718 10917 10918 11207 11208 11209 11225 
interoperable 4 11338 11339 11340 11341 
self-similarity 3 10708 10712 13520 
consolidation 1 10641 
gholo 4 11366 11367 11368 11369 
personalized 3 10939 10940 10941 
flash 5 10708 10709 10710 10711 10712 
automated 7 10984 10985 10986 10987 11222 11223 11224 
treecode 1 11255 
test 1 10972 
up-to-date 1 10676 
diagnosis 2 10775 10776 
mechanism 6 10946 10947 10948 10949 11254 13562 
graph-based 1 10963 
tin 2 10733 10734 
center 1 10641 
inexact 3 11210 11211 11212 
inferring 5 18478 18475 18476 18477 18479 
bioinformatic 2 10795 10796 
deployment 2 10893 10894 
processor 2 10893 10894 
exchange 4 10917 10918 11361 11362 
strategies 2 11323 11324 
computationally 1 11086 
information 19 10627 10628 10781 10782 10783 10917 10918 10939 10940 10941 11013 11014 11015 11016 11200 11201 11208 11314 11315 
citation 2 10918 12904 
k-ary 1 10779 
problems 1 10693 
form 1 10815 
national 1 10640 
complementing 2 10799 10800 
deriving 4 11022 11023 11024 11025 
operational 5 10960 11531 11214 11215 11216 
distinguished 3 10756 10757 10758 
genetic-based 2 10677 10678 
flows 2 11316 11317 
present 1 10950 
gaps 3 10735 10736 10737 
supervisor 3 11355 11356 11357 
bearing 2 11307 11308 
trees 5 10913 10914 11071 11072 11073 
computation 4 10837 11896 11288 11289 
cube 3 10910 10911 10912 
mimd 1 11255 
approaches 1 11086 
fault-tolerant 2 10677 10678 
legacy 2 10708 11698 
placement 4 11019 11020 11021 11369 
lbba 2 10633 10634 
cells 7 11027 11028 11029 11030 11031 11032 11033 
collaboration 5 10954 10955 10956 10957 10958 
query 6 10625 10626 10713 11239 10893 10894 
optimizer 4 10625 10626 11307 11308 
centers 1 10640 
secure 14 10847 10848 10849 10850 10946 10947 10948 10949 10954 10955 10956 10957 10958 11362 
self 1 10837 
techniques 5 10910 10911 10912 10959 10960 
effective 4 10826 10827 10918 12904 
version 2 11174 11175 
sensing 4 10935 10936 10937 10938 
highly 1 10659 
capacity 1 10815 
conversions 1 11129 
stimulating 4 10946 10947 10948 10949 
ubiquitous 2 11208 15632 
aging 5 10708 10709 10710 10711 10712 
robust 1 11256 
shells 2 10784 10785 
applying 4 11022 11023 11024 11025 
switched 2 10629 10630 
shared-memory 2 10795 10796 
pvm 2 10657 10658 
teleeeg 1 10776 
kernel 3 11045 11046 11047 
statistically 5 18478 18475 18476 18477 18479 
access 2 10708 11698 
model-driven 3 10650 10651 10652 
framework 8 10959 10960 11019 11020 11021 11193 11194 11208 
hardware-based 2 11084 19613 
process 5 10708 10709 10710 10711 10712 
point 4 11022 11023 11024 11025 
handover 5 10679 10680 10681 10682 10683 
c-oriented 5 10829 10830 10831 10832 10833 
balancing 6 10672 10673 10674 10675 11323 11324 
cloud 27 10641 10650 10651 10652 10659 10735 10736 10737 10826 10827 10935 10936 10937 10938 10942 10943 10944 10954 10955 10956 10957 10958 11074 11075 11076 11077 11221 
self-organizing 5 10646 10665 10666 10667 10668 
attack 3 10735 10736 10737 
broker 4 11074 11075 11076 11077 
group-key 3 10647 10648 10649 
based 24 10647 10648 10649 10918 12904 10935 10936 10937 10938 10942 10943 10944 10966 10967 11074 11075 11076 11077 11254 13562 11302 11303 11310 11311 
phone 4 10626 13890 13891 13892 
functional 3 10789 10790 10791 
hypervisors 2 10799 10800 
determination 2 10629 10630 
compliance 3 10918 12904 11208 
remote 5 10640 10935 10936 10937 10938 
one-dimensional 3 10715 10716 10717 
scheduling 22 10629 10630 10633 10634 10659 10912 12142 12143 12144 12145 11005 11006 11007 11116 11117 11139 11140 11253 11254 11307 11308 11369 
tools 2 10784 10785 
signing 3 10756 10757 10758 
encryption 5 11257 11258 11259 11260 11261 
grand 1 10693 
dedicated 2 10713 10714 
survey 6 10735 10736 10737 11034 11035 11036 
visualisation 2 10959 10960 
algorithms 6 10633 10634 10676 10910 10911 10912 
authoritie 3 10756 10757 10758 
systems 33 10653 10654 10655 10656 10703 11980 11979 11981 11982 10713 10714 10815 10829 10830 10831 10832 10833 10837 10939 10940 10941 10959 10960 11208 11210 11211 11212 11254 13562 11366 11367 11368 11369 
biopsy 6 11329 11330 11331 11332 11333 11334 
status 1 10950 
hash 4 10946 10947 10948 10949 
hints 2 11193 11194 
collective 1 11225 
global 5 10937 18478 19344 19345 19346 
class 1 11229 
enterprise 1 11208 
modelling 2 11017 11018 
format 2 10917 10918 
homomorphic 5 11257 11258 11259 11260 11261 
scoring 2 10799 10800 
formal 2 10837 11896 
environment 29 10645 11881 11882 10708 11698 10816 10817 10818 10954 10955 10956 10957 10958 11013 11014 11015 11016 11027 11028 11029 11030 11031 11032 11033 11074 11075 11076 11077 11278 
market 2 10826 10827 
confidentiality 2 11084 19613 
program 3 10627 10628 11226 
images 4 10935 10936 10937 10938 
comput 7 10703 11980 11979 11981 11982 10739 10740 
policy 3 10942 10943 10944 
passing 1 11362 
management 25 10645 10646 10713 11082 11508 11509 10829 19169 19170 11027 11028 11029 11030 11031 11032 11033 11045 11046 11047 11048 11074 11075 11076 11077 11208 
e-learning 3 10829 19169 19170 
efficient 24 10633 10634 10937 18478 19344 19345 19346 10968 10969 11005 11006 11007 11019 11020 11021 11116 11117 11257 11258 11259 11260 11261 11288 11289 
trust-aware 5 10646 10665 10666 10667 10668 
soil 3 11272 11273 11274 
alignment 7 10703 11980 11979 11981 11982 10903 10965 
demands 2 10623 10624 
multigrid 1 11275 
agents 3 11071 11072 11073 
navigational 3 10816 10817 10818 
solution 5 11099 11100 11101 11253 11254 
system--jcasim 2 11302 11303 
evaluation 9 10676 10910 10911 10912 11272 11273 11274 11323 11324 
sharing 1 11221 
interactive 2 11193 11194 
regulatory 2 10918 12904 
fluids 3 11294 11295 11296 
bone 7 11027 11028 11029 11030 11031 11032 11033 
discretization 4 10847 10848 10849 10850 
rico 2 10627 10628 
adaptivity 3 10816 10817 10818 
nchen 1 11226 
auto-scaling 3 10650 10651 10652 
proactive 3 10735 10736 10737 
university 2 10627 10628 
chains 4 10946 10947 10948 10949 
proving 2 10960 11531 
strategy 11 10645 11881 11882 10672 10673 10674 10675 10677 10678 11307 11308 
tasks 10 10672 10673 10674 10675 11329 11330 11331 11332 11333 11334 
space-sharing 2 10713 10714 
searches 2 10795 10796 
rules 2 10913 10914 
soft 2 10875 10876 
gemma 7 11027 11028 11029 11030 11031 11032 11033 
massive 10 10722 10723 10724 10725 10726 10727 10728 11207 11208 11209 
maps 2 11276 11277 
context 7 10954 10955 10956 10957 10958 11254 13562 
cluster 15 10713 10714 10910 10911 10912 12142 12143 12144 12145 11019 11020 11021 11048 11323 11324 
architectural 2 10759 10760 
special 1 11208 
fundamental 1 10693 
auditing 1 11208 
channel 2 10966 10967 
user 6 10939 10940 10941 10971 11193 11194 
atlas 4 11217 11218 11219 11220 
marrow 7 11027 11028 11029 11030 11031 11032 11033 
storage 12 10702 10703 13128 11980 10708 10709 10710 10711 10712 10713 11508 11509 
formula 2 10799 10800 
