<Keyword> <No of vertices> <vertex1> <vertex2> .... <vertexN> 
alliance 1 13834 
analyzing 5 13760 13761 13762 13876 13877 
institutional 1 13786 
awareness 2 13776 13777 
determinants 10 13764 14636 13778 13779 13780 13781 13874 13875 14556 14557 
participants 2 13825 13826 
formats 3 14076 14077 14078 
compete 1 13838 
networked 3 14083 14090 14091 
time 7 13929 13964 13965 14056 14565 14566 14066 
role 10 13768 13840 13876 13877 13926 14179 13893 14584 13900 13901 
systematic 1 13938 
directive 2 14145 14482 
right 1 13899 
generation 4 13916 13917 14049 14545 
video 10 13794 13909 13910 13911 14056 14565 14566 14090 14091 14120 
borders 2 14032 14033 
inequalities 1 14125 
metamorphic 1 13804 
clustering-based 1 13815 
e-business 3 14136 14137 14138 
evolution 3 13954 14344 14345 
european 12 13830 14145 14482 13903 14057 13921 13922 13923 13938 14038 14049 14545 
authorities 1 13805 
reversals 2 13866 13867 
quality 15 13764 13954 14636 13856 13857 13858 13906 13907 13908 14055 14056 14120 14126 14127 14128 
equalized 1 14070 
cafe 1 13823 
codes 2 13868 13869 
components 1 14109 
reinforcement 3 13775 14098 13854 
dynamic 2 13775 14750 
innovate 1 14129 
elites 1 13823 
realities 2 13997 13998 
knowledge 3 13768 14030 14031 
communications 7 13954 13871 13949 13960 14533 14534 14535 
situational 2 13842 13993 
behavior 12 14651 14652 14653 13842 13993 13960 14306 13982 13984 14260 14261 14046 
comparing 3 14076 14077 14078 
rejection 4 14012 14340 14341 14342 
suitability 4 13876 13877 13926 14179 
persuasive 4 13960 14533 14534 14535 
experiments 2 13787 13788 
dating 3 13989 13990 13991 
trial 4 13849 13851 13852 14301 
preferences 6 13764 14058 13795 13796 13797 13839 
ignore 1 13838 
sociability 2 13764 13954 
illegal 4 14092 14093 14094 14095 
censorship 2 14066 14067 
markets 2 13806 13807 
taiwan 1 14060 
forecasting 4 13849 13851 13852 13963 
dissemination 2 14047 14048 
prospects 2 13801 13802 
meaning 2 14177 14295 
electronic 5 13784 13785 13833 13834 13910 
journalists 3 14039 14040 14041 
standards 2 13829 14119 
brazil 3 14017 14018 14019 
licensing 2 13806 13807 
new 34 13764 13954 14636 13774 13775 14098 14161 13786 13801 13802 13815 13849 13851 14485 13865 13883 13884 14788 14789 14790 13910 14379 13924 13929 14340 14791 14792 14038 14061 14062 14063 14131 14132 14133 
utility 4 13764 13954 13825 13826 
next-generation 6 13851 13852 14327 14328 14329 14330 
mediation 4 13876 13877 14179 14320 
library 2 13922 14204 
nfc 5 13756 13831 14473 14474 14475 
testing 1 13768 
blogosphere 2 13914 13915 
public 9 13764 13954 13922 14204 14029 14129 14136 14137 14138 
interpersonal 3 14131 14132 14133 
hong 6 13768 14700 13862 13863 13924 13928 
physical 1 13767 
computational 2 13828 14218 
designing 2 13854 14287 
change 2 13801 13802 
consumption 2 13841 13842 
regulations 2 13862 13863 
spillovers 3 13978 13979 13980 
kong 6 13768 14700 13862 13863 13924 13928 
architecture 3 13808 13809 13810 
consumer 4 14121 14122 14123 14124 
capital 3 13960 13961 13962 
policies 8 13852 13913 13903 14057 13981 13982 13983 13984 
bona-fide 3 13954 14344 14345 
software 4 13784 13785 13806 13807 
march 2 13903 14425 
medical 2 14047 14048 
graduated 2 14145 14482 
terminal 2 14556 14557 
pcs 3 14076 14077 14078 
brain-computer 1 13815 
basic 1 13888 
technological 7 14652 14704 14705 14706 13786 13871 13949 
friendship 3 14651 14652 14653 
perspective 18 13764 14324 13797 14394 14395 14396 13837 13924 13960 14306 14505 14506 13985 13986 13987 14071 14072 14596 
trains 4 13849 13851 13852 13963 
post-adoption 1 14046 
yearning 2 13866 13867 
automatic 4 14652 14704 14705 14706 
e-books 1 14012 
leisure 3 13764 14324 14636 
dual-route 4 13960 14533 14534 14535 
fan 3 13791 13792 13793 
rural 7 13999 14000 14064 14065 14109 14131 14132 
speech 1 14038 
arbajterski 1 13800 
factors 12 13756 13764 14636 14701 14727 14556 14557 13882 13883 13884 13885 14066 
unbundling 2 13922 13923 
names 1 13840 
linking 2 13764 14701 
behavioral 8 13954 14344 14345 13811 13812 13813 13942 13943 
areas 3 13922 14204 14109 
extending 6 13930 13931 13932 13933 13934 13935 
leap 2 14145 14482 
governance 4 13798 13799 13840 14088 
survivability 3 14071 14072 14596 
strangerhoods 2 13821 13822 
evidence 3 14012 14049 14545 
reflections 5 13786 13902 14198 13942 13943 
perceived 8 13797 14394 14395 14396 13876 13877 14179 14320 
analysis 21 13775 14086 14087 14101 14157 14380 14381 14382 14283 13795 13796 13797 13816 13910 14379 13920 13964 13965 14055 14056 14066 
landscape 4 14473 14474 14766 14767 
lab 6 13849 13850 13851 13852 14131 14132 
business 7 13854 14287 13833 13834 13948 14134 14567 
response 5 13954 14344 14345 13910 14177 
findings 4 13849 13851 13852 14301 
wireless 12 13859 13860 13861 13871 13949 13888 13910 14379 13924 14049 14050 14119 
multivariate 1 14066 
asia 2 13988 14038 
hinder 1 13756 
pay 4 13830 13909 13910 13911 
universal 3 13978 13979 13980 
facilities 2 14049 14068 
population 4 13882 13883 13884 13885 
sites 6 14652 14704 14705 14706 13929 14046 
music 5 13831 14473 14474 14746 14747 
obsolete 2 13851 13963 
assigned 1 13840 
frontiers 1 13815 
photo 3 13771 13772 13773 
planned 3 14651 14652 14653 
outcomes 5 13876 13877 14179 14320 14117 
anthropological 1 13992 
great 4 13941 13942 13943 13944 
cross-boundary 2 13776 13777 
source 7 13806 13807 13883 13884 14788 14789 14790 
motives 7 13764 13876 13877 13926 14179 13900 13901 
attributes 5 13764 14121 14122 14123 14124 
piracy 1 14118 
assessment 2 13893 14584 
cyber-entrepreneurship 2 13775 14750 
co-evolving 2 13878 13879 
strangers 3 14651 14652 14653 
telemedicine 1 13815 
socio-technical 1 14088 
neural 5 13831 14473 14474 14746 14747 
multi-screen 2 14044 14045 
historic 2 13902 14198 
overhead 1 14070 
broadcasters 3 14136 14137 14138 
village 1 13994 
given 2 13825 13826 
expectancy-value 2 13764 14269 
social 70 14652 14704 14705 14706 13754 14245 13764 14636 14701 13768 14700 13775 14101 13778 13779 13780 13781 13791 13792 13793 13837 13865 13876 13877 14179 14320 13888 14237 14238 14239 14177 14295 13929 13936 13937 13938 13941 13942 13943 13944 13960 13961 13962 14505 14506 13969 13970 13971 13972 13973 13974 13975 13976 13982 13984 14260 14261 14008 14009 14010 14011 14017 14018 14019 14038 14046 14083 14125 14131 14132 
oriented 3 13808 13809 13810 
report 2 13903 14109 
influenced 3 14039 14040 14041 
border 2 13764 14324 
tivo 2 14090 14091 
digitalization 3 14017 14018 14019 
icann 1 13840 
forums 2 14030 14031 
consequences 1 13905 
support 11 13764 14636 13776 13777 13960 14306 14307 14030 14031 14064 14065 
activism 1 14006 
privacy 1 13994 
job 2 13784 13785 
hopes 2 13902 14198 
downloading 4 14092 14093 14094 14095 
distribution 2 13852 13913 
criterion 1 14119 
recorder 2 14090 14091 
unanticipated 1 14117 
information-gathering 2 13893 14584 
kazaa 1 14118 
journalistic 2 13868 13869 
virtual 8 13831 13832 13833 13834 13904 14177 14295 13924 
home 12 13764 14324 13859 13860 13861 13865 13930 13931 13932 13933 13934 13935 
speeds 3 13922 14203 14204 
television 10 13830 13849 13851 13852 14144 14145 14301 13913 14044 14045 
europe 7 13830 13835 13836 13840 13902 14198 13938 
broad 1 13839 
rhizome 2 14425 14470 
space 5 13764 13954 13767 13904 13925 
decision 10 13776 13777 13960 14306 14307 13985 13986 13987 14064 14065 
short 1 13829 
perceptions 14 13763 13764 13883 13884 14788 14789 14790 13893 13941 13942 13943 13944 14046 14075 
dimensions 7 13852 13913 13856 13857 13858 13936 13937 
protests 2 13768 14700 
promotional 3 13798 13799 14046 
construction 2 14030 14031 
identifying 6 13851 13852 14327 14328 14329 14330 
voip 1 13924 
telephony 2 13827 13828 
reactionary 3 13791 13792 13793 
responding 2 14044 14045 
green 2 13942 13943 
ethical 3 14061 14062 14063 
movie 1 14118 
enhancement 4 13888 14237 14238 14239 
human-computer 1 13815 
newsroom 3 14039 14040 14041 
conflicting 1 14038 
multitasking 2 13764 14324 
postmodern 2 13798 13799 
efficiency 10 13888 14237 14238 14239 13978 13979 13980 14049 14545 14060 
telephone 3 13910 14379 13924 
untangling 3 13989 13990 13991 
motivations 10 13954 13883 13884 14788 14789 14790 13888 13989 13990 13991 
ecosystem 3 13775 13854 14280 
anti-politics 2 13798 13799 
type 3 13775 14397 14398 
related 1 13839 
conundrum 2 14071 14072 
non-users 4 13775 14380 14381 14382 
hiv 3 14131 14132 14133 
surveillance 2 13914 13915 
family 2 13764 14324 
experiment 3 14076 14077 14078 
action 5 13886 14025 14026 14027 14028 
focused 1 13920 
applications 21 13775 14380 14381 14382 14750 13815 13851 13852 14327 14328 14329 14330 13902 13969 13970 13971 13972 13973 13974 13975 13976 
argument 3 13978 13979 13980 
contract 1 14088 
consumers 3 13942 13943 14046 
opposition 1 13767 
us-china 1 14129 
cyberbullying 6 14652 14704 14705 14706 13926 13927 
surveys 3 14076 14077 14078 
hubei 2 13999 14000 
hybrid 2 13833 13834 
societies 1 13988 
trolling 1 13920 
explore 3 14126 14127 14128 
scale 5 13929 14008 14009 14010 14011 
expansion 2 13831 13832 
african 1 14125 
manipulate 1 13920 
so-called 1 13920 
investment 2 14049 14545 
gratification-opportunities 2 13764 14058 
effectiveness 3 13775 13854 14280 
informatics 1 13896 
non-economic 2 14636 14727 
seductive 1 13764 
addiction 4 13764 14701 13900 13901 
east 5 13941 13942 13943 13944 14038 
quantitative 3 13754 13755 13920 
innovation 3 13829 14107 14108 
adapted 2 13868 13869 
building 2 13915 14383 
political 6 13768 13798 13799 13938 13939 13940 
validation 4 14008 14009 14010 14011 
sport 1 13893 
instrument 1 13929 
cyberspace 1 13767 
interface 3 13815 13916 13917 
distributional 1 14109 
provision 2 14049 14068 
attitude-based 3 14086 14087 14283 
concepts 1 13871 
entertainment 2 13764 13954 
environmental 7 13942 13943 14110 14111 14112 14113 14114 
election 1 14029 
plan 4 13886 14126 14127 14128 
generations 1 14119 
implementation 3 13795 13796 13797 
audiovisual 5 13774 14098 14161 14145 14482 
competitive 10 13760 13761 13762 13909 13910 13911 13981 13982 13983 13984 
energy 5 14110 14111 14112 14113 14114 
step 2 14145 14482 
forbidden 2 13914 13915 
professionals 2 13784 13785 
empowerment 2 13764 14269 
discussion 3 13768 14030 14031 
tanzanian 2 14131 14132 
e-regulation 1 14038 
handset 6 13981 13982 13983 13984 14032 14033 
inevitable 2 14032 14033 
user-generated 3 13768 14049 14050 
e-mail 2 13764 14058 
flow 1 13837 
manipulating 2 13870 13871 
countries 7 13775 14750 13868 13869 14073 14074 14109 
customer 13 13775 13853 13854 13855 14397 14398 13808 13809 13810 13874 13875 14556 14557 
english-language 2 14030 14031 
production 2 13865 14060 
deployments 1 13756 
practices 3 13764 14324 13786 
valuation 2 13910 14177 
governmental 4 13981 13982 13983 13984 
hdtv 2 13902 14198 
convergence 9 13786 13864 13924 14025 14026 14027 14028 14044 14045 
feature 1 13839 
finland 4 13775 14087 14382 14687 
styles 6 13754 14245 13811 13812 13813 13814 
pricing 1 14084 
models 8 13854 14287 13862 13863 13878 13879 14064 14065 
mergers 2 13852 13913 
misuse 1 13920 
roles 6 13764 14636 13831 13832 13916 13917 
cloud-based 2 13831 13832 
harmonic-based 1 14070 
devices 10 13797 14394 14395 14396 13876 13877 13926 14179 14134 14135 
low 5 13775 14750 14556 14557 14070 
predictors 7 13764 13954 13883 13884 14788 14789 14790 
m-learning 4 13795 13796 13797 14070 
moderating 12 13768 13775 13854 14101 13811 13812 13813 13814 13874 13875 14556 14557 
advertising 4 14473 14474 14766 14767 
states 4 13775 14750 13924 14072 
use 46 13754 14245 13764 13954 14269 14324 14636 13768 14700 13774 13775 14098 13854 14101 13825 13826 13872 13873 13874 13875 13966 13967 13968 13876 13877 13926 14179 13882 13883 13884 13885 13893 14584 13929 13939 13940 13960 13962 14306 13999 14000 14340 14791 14792 14109 14125 
platforms 8 13849 13851 13852 14144 14145 13909 13910 13911 
usa 1 14083 
absolute 1 14109 
gratifications-sought 2 13764 14324 
life 3 13764 13954 14636 
american 4 14092 14093 14094 14095 
enigmas 1 13834 
citizen 8 13886 13887 13982 13984 14260 14261 14007 14029 
diffusion 12 13851 13963 13878 13879 13924 13928 14066 14084 14121 14122 14123 14124 
documents 2 13870 13871 
buyers 2 14556 14557 
trust 7 13775 13854 14101 13982 13984 14260 14261 
divide 4 14340 14791 14792 14109 
learning 8 13754 14245 13811 13812 13813 13814 13831 13832 
stochastic 1 13794 
young 5 13768 14012 14340 14341 14342 
medium 3 13954 14344 14345 
talking 2 13936 13937 
computer-mediated 2 13900 13901 
informational 2 14425 14470 
presence 1 13948 
practice 2 13769 13770 
south 17 13795 13796 13797 13821 13822 13939 13940 13964 13965 14012 14340 14341 14342 14056 14565 14566 14125 
conjoint 3 13795 13796 13797 
world 3 13868 13869 13888 
sontus 1 13929 
grids 3 14076 14077 14078 
debates 3 13921 13922 13923 
emergency 2 14047 14048 
sports 5 13849 13851 13852 14144 14145 
orchestrating 2 13801 13802 
download 1 13838 
discussions 3 13906 13907 13908 
service-based 2 14049 14068 
frontier 5 13815 13831 14473 14474 14475 
care 4 13815 14035 14036 14037 
dutch 3 13774 14098 14161 
card 4 13831 14473 14474 14475 
cultivation 4 13941 13942 13943 13944 
p-networks 1 13838 
information-seeking 2 13764 13954 
demand 2 14134 14718 
china 9 14636 14727 13914 13915 14383 13999 14000 14066 14067 
control 3 13775 13854 14280 
declaration 1 13886 
expectation-confirmation 4 13872 13873 13874 13875 
click-and-mortar 3 13775 14397 14398 
tourism 4 13960 14533 14534 14535 
belgium 4 13849 13851 13852 13963 
youth 5 13754 13755 13920 14272 14125 
preliminary 2 13851 13963 
cost 2 13794 14060 
economic 11 13852 13913 13905 13910 14379 13942 13943 13964 13965 14055 14056 
case 40 13768 14700 13774 14098 14161 13795 13796 13797 13830 13849 13851 13852 14144 14145 13865 13910 13911 14130 13915 14383 13922 14204 13941 13942 13943 13944 13999 14000 14012 14340 14341 14342 14025 14026 14027 14028 14109 14118 14131 14132 
english 4 14008 14009 14010 14011 
engagement 2 13886 13887 
internet-based 2 13865 13938 
crush 2 13764 14701 
children 2 13920 14272 
era 1 13924 
peer-to-peer 1 14118 
singapore 4 13862 13863 13924 13928 
setting 2 14131 14132 
swiss 2 13787 13788 
commentary 3 13893 13939 13940 
exploratory 2 13764 14701 
terrestrial 3 14017 14018 14019 
introducing 1 13888 
fabric 4 13888 14237 14238 14239 
multiple 2 13764 14636 
formation 3 13775 14750 13840 
transactive 3 13960 14505 14506 
community 12 13787 13788 13805 13896 13903 14057 14425 13904 14006 14039 14040 14041 
extended 4 13797 14394 14395 14396 
instantaneity 1 13992 
korean 14 13874 13875 14556 14557 13909 13910 13911 14130 14055 14056 14092 14093 14094 14095 
sensors 8 13969 13970 13971 13972 13973 13974 13975 13976 
representative 2 14055 14056 
alarm 2 14047 14048 
tablet 2 13764 14324 
examining 7 13954 14344 14345 13837 13960 13961 13962 
effect 13 13775 13854 14101 13811 13812 13813 13814 13846 13847 13848 14056 14565 14566 
authentication 1 14070 
changing 8 13821 13822 14473 14474 14766 14767 13841 13842 
infrastructures 2 14049 14050 
usage 21 13811 13812 13813 13816 13839 13849 13851 14485 13874 13875 14556 14557 13876 13877 13938 13960 14306 14307 13964 13965 14084 
implementing 1 13830 
historical 1 13992 
assistive 6 13930 13931 13932 13933 13934 13935 
high 2 13902 14198 
wearable 12 13797 14394 14395 14396 13969 13970 13971 13972 13973 13974 13975 13976 
erp 2 13782 13783 
electronics 4 14121 14122 14123 14124 
competition 4 13852 13913 14049 14068 
giant 2 14145 14482 
micro-language 2 13870 13871 
deficit 2 13902 14198 
sim-based 1 13756 
people 5 13768 13876 13877 13926 14179 
corporation 1 13840 
desirability 4 14652 14704 14705 14706 
hierarchical 6 13767 14110 14111 14112 14113 14114 
urbanized 2 13754 13755 
candy 2 13764 14701 
focus 8 13778 13779 13780 13781 14013 14014 14015 14016 
loyalty 13 13775 13854 14101 13778 13779 13780 13874 13875 13968 14556 14557 14440 14441 
industry 14 13775 13854 14101 14473 14474 14766 14767 14145 14482 13910 14379 14060 14119 14129 
multi-stage 5 13831 14473 14474 14746 14747 
exchange 4 13778 13779 13780 13781 
strategies 1 13830 
platform 7 13775 13854 14280 13909 13910 13911 14029 
games 1 13837 
antecedents 2 13960 14306 
under-privileged 2 14073 14074 
bubble 1 13924 
visual 1 13759 
satisfaction 8 13784 13785 13875 13968 14440 14441 13916 13917 
mediator 3 13775 14098 13854 
years 1 14006 
culture 7 13905 13992 13994 14038 14039 14040 14041 
drivers 4 13775 14087 14382 14687 
cultural 8 13774 14098 14161 13904 13925 14030 14031 14038 
mapping 7 13764 14324 14425 14470 14017 14018 14019 
self 2 13831 13832 
e-shopping 1 14046 
attitude 2 13926 13927 
telecommunications 11 14636 14727 13862 13863 13910 13911 14130 13922 13923 14060 14119 
coopetition 2 14032 14033 
stimulating 3 14131 14132 14133 
networking 12 14652 14704 14705 14706 13801 13802 13871 13929 13960 13961 13962 14046 
applying 6 14651 14652 14653 13960 13961 13962 
relationships--traditional 2 13833 13834 
romantic 3 13846 13847 13848 
characteristics 5 13874 13875 14556 14557 13910 
friendly 3 13859 13860 13861 
framework 3 13808 13809 13810 
license-exempt 2 14096 14097 
process 2 13916 13917 
critique 1 13786 
signaling 2 13827 13828 
databases 1 13815 
successfully 1 13816 
radio 9 13786 13821 13822 14425 14470 14007 14039 14040 14041 
broadband 19 13849 13851 13852 13963 13922 13923 14203 14204 13948 14340 14791 14792 14049 14050 14068 14545 14072 14134 14718 
improving 4 13888 14237 14238 14239 
explanations 3 13846 13847 13848 
phone 15 13764 13954 14344 14345 14086 14087 14283 13825 13826 13839 13999 14000 14126 14127 14128 
managers 3 13795 13796 13797 
latent 3 14086 14087 14283 
diaspora 1 13904 
connected 11 13815 13897 13898 13969 13970 13971 13972 13973 13974 13975 13976 
structural 3 13906 13907 13908 
patent 1 14119 
remote 1 14070 
travel 4 13960 13962 14505 14506 
context-aware 2 13854 14287 
attitudes 3 13764 14269 13768 
e-shops 1 14046 
mass 6 13954 13804 13941 13942 13943 13944 
sent 3 14651 14652 14653 
contributing 4 13888 14237 14238 14239 
regulating 2 14044 14045 
populism 2 13798 13799 
boundaries 3 14035 14036 14037 
survey 2 13823 13920 
nigerian 1 14029 
connection 3 14340 14791 14792 
penetration 1 14125 
status 2 13764 13954 
cybersocialities 1 14083 
intellectual 1 14038 
literature 2 13770 13845 
enterprise 3 13808 13809 13810 
format 2 13893 14584 
chaco 2 13866 13867 
cognitive 1 13888 
moderator 2 13926 13927 
regulation 4 14145 14482 14049 14545 
policy 11 13764 13954 13852 13913 13902 14198 13978 13979 13980 14060 14119 
media 63 13754 14245 13764 13954 14636 13768 14700 13778 13779 13780 13791 13792 13793 13800 13804 13841 13842 13849 13851 13852 14145 14485 13913 14482 13876 13877 13883 13884 14788 14789 14790 13903 14057 14425 13941 13942 13943 13944 13960 13962 14505 14506 13969 13970 13971 13972 13973 13974 13975 13976 13982 13984 14260 14261 14006 14044 14045 14055 14056 14565 14566 14131 14132 
jordanians 1 14075 
finnish 1 13839 
increased 2 13851 13963 
cultures 5 13786 13798 13799 13821 13822 
owning 3 13764 13954 13905 
issue 4 13775 13854 14086 14087 
redundant 1 13830 
state 2 13769 13770 
boredom 2 13764 14324 
outlining 3 14017 14018 14019 
blog 2 13893 14584 
interdependent 4 14121 14122 14123 14124 
leapfrogging 1 14109 
evaluation 1 14109 
complement 3 14096 14097 14129 
sharing 9 13771 13772 13773 13865 13960 13961 13962 14505 14506 
equality 2 13922 13923 
implications 9 13954 14344 14345 13775 14397 14398 13914 13915 14125 
gast 1 13800 
netizen 2 13997 13998 
ecology 2 13841 13842 
making 2 13851 13963 
acceptance 17 14651 14652 14653 13797 14394 14395 14396 13831 13832 14473 14474 14746 14747 14012 14340 14341 14342 
deliberative 7 13876 13877 14179 14320 13906 13907 13908 
availability 1 14072 
cameras 1 13920 
university 3 14125 14131 14132 
students 16 13754 14245 13764 14058 13839 14012 14340 14341 14342 14092 14093 14094 14095 14125 14134 14135 
funding 4 13778 13779 13780 13781 
pressure 2 13926 13927 
check 1 13902 
leadership 2 13768 14700 
evaluating 4 13776 13777 14134 14567 
greece 3 13830 14134 14718 
poor 3 13942 13943 14109 
potential 7 13774 13775 13856 13857 13858 13910 14177 
geographical 3 13775 14397 14398 
swaying 2 13915 14383 
entrepreneurship 2 14177 14295 
e-hospice 3 14035 14036 14037 
palliative 3 14035 14036 14037 
enjoyment 2 13916 13917 
personalization 2 13769 13770 
myths 2 13997 13998 
net-generation 1 13764 
networks--the 1 14118 
special 4 13775 13854 14086 14087 
uses 4 13771 13772 13773 14007 
turkey 1 14088 
user 13 13954 14344 14345 13797 14394 14395 14396 13849 13851 13852 14301 14030 14031 
visions 1 14038 
need 1 13948 
total 1 13794 
predicting 13 13764 14324 13774 13775 13811 13812 13813 13831 13832 14473 14474 14746 14747 
using 12 13760 13761 13762 13764 13954 13837 13989 13990 13991 14131 14132 14133 
communities 13 13801 13802 13821 13822 13896 13960 13961 13962 13985 13986 13987 14064 14065 
hubble 2 13866 13867 
gratifications-obtained 2 13764 14058 
correlates 1 14072 
college 10 13764 14058 14012 14340 14341 14342 14092 14093 14094 14095 
radios 2 13787 13788 
continued 3 13960 14306 14307 
triumph 2 13798 13799 
free 2 13806 13807 
telecommunication 3 13815 13910 14119 
search 2 13960 13962 
e-commerce 3 13775 14397 14398 
features 5 13906 13907 13908 14134 14135 
government 6 13886 13887 13982 13984 14260 14261 
instant 8 13764 14058 13872 13873 13874 13875 13926 13927 
brussels 3 13902 14425 14470 
lower-quality 3 13846 13847 13848 
monitoring 6 14652 14704 14705 14706 13784 13785 
patterns 4 13851 13963 13876 13877 
optimization 1 13794 
psychological 6 13764 14269 14701 13778 13779 13780 
effects 31 13754 14245 13764 14058 14269 14636 13778 13779 13780 13825 13826 13874 13875 13968 14556 14557 14440 14441 13876 13877 14179 14320 13893 13924 13941 13942 13943 13944 13964 13965 14109 
number 1 13924 
webcam 1 13920 
cities 8 13930 13931 13932 13933 13934 13935 14049 14050 
behavioural 4 13941 13942 13943 13944 
view 1 13992 
mechanisms 4 13775 13854 14280 14109 
acquisitions 2 13852 13913 
introduction 7 13775 13854 14086 14087 13786 13903 14425 
review 2 13770 13845 
saturated-access 4 13882 13883 13884 13885 
e-government 4 13856 13857 13858 14075 
non-obviousness 1 14119 
assessing 2 13764 14636 
idea 2 13916 13917 
blackmail 1 13920 
saga 2 13764 14701 
civilizational 1 13925 
segmentation-based 1 13815 
measuring 2 13929 13938 
interplay 3 13775 13854 14101 
feasibility 4 14652 14704 14705 14706 
electromagnetic 2 13910 14177 
current 4 13775 14087 14382 14687 
loop 2 13922 13923 
debate 1 13924 
bhoomi 1 13899 
socio-economic 2 13871 13949 
affecting 5 13882 13883 13884 13885 14066 
relationships 3 13846 13847 13848 
ahp 2 14134 14567 
clustering 1 13925 
streaming 1 13794 
look 2 13842 13993 
adoption 34 13770 13845 13775 13854 14087 14101 14382 14687 13782 13783 13849 13851 13852 13963 14485 13878 13879 13910 13960 14306 13985 13986 13987 13999 14000 14008 14009 14010 14011 14012 14013 14014 14015 14016 
eu 4 13840 13924 13928 14038 
napoleon 1 13992 
organizations 2 13876 13877 
firm 1 13910 
addicted 2 13764 14701 
web 11 13769 13770 13775 14098 13854 13920 14073 14074 14076 14077 14078 
traditional 13 13851 13963 13883 13884 14788 14789 14790 13909 13910 13911 14035 14036 14037 
living 6 13849 13850 13851 13852 14131 14132 
multimedia-based 1 14070 
sextortion 1 13920 
poland 2 13920 14272 
history 2 13835 13836 
glasgow 3 13922 14203 14204 
elderly 6 13930 13931 13932 13933 13934 13935 
expression 1 14038 
auctions 1 14046 
stupid 6 13851 13852 14327 14328 14329 14330 
adio 1 13800 
transportation 4 13888 14237 14238 14239 
long 2 13903 14425 
close 1 14109 
shop--contact 2 13936 13937 
exploring 22 13754 13755 13876 13877 13926 14179 14320 13886 13887 13893 13904 13922 14203 14204 13960 14306 14340 14791 14792 14136 14137 14138 
transparency 2 13782 13783 
theories 3 13960 13961 13962 
broadcasting 5 13787 13788 13852 13913 14007 
future 18 13769 13770 13775 14098 13854 14087 14382 14687 13833 13834 13902 14198 13930 13931 13932 13933 13934 13935 
competitiveness 2 14107 14108 
misbeliefs 2 13997 13998 
financial 2 13964 13965 
gyan 1 13899 
enhancing 5 13754 14245 13775 14397 14398 
environments 2 14047 14048 
integrating 4 13849 13851 13852 14301 
coping 2 14090 14091 
measurement 4 13775 13853 13854 13855 
regulatable 2 14145 14482 
wsis 1 13886 
stratification 1 13886 
better 1 14117 
teletransmission 5 14110 14111 14112 14113 14114 
meetings 2 13916 13917 
amp 1 14038 
internet 59 13763 13764 14269 14636 13775 14098 13854 13798 13799 13811 13812 13813 13821 13822 13823 13827 13828 13840 13849 13851 13852 13963 13864 13868 13869 13882 13883 13884 13885 13914 13915 14383 13920 14272 13922 14204 13924 13960 14306 13964 13965 13992 14025 14026 14027 14028 14046 14049 14068 14064 14065 14066 14067 14071 14072 14596 14109 14125 14129 
provisioning 1 14084 
mobile 111 13754 13755 14245 13756 13760 13761 13762 13764 13954 14701 14344 14345 13770 13845 13775 14098 13853 13854 13855 14086 14087 14101 14157 14280 14382 14687 14287 14283 13811 13812 13813 13821 13822 13825 13826 13831 14473 14474 14475 14746 14747 14766 14767 13835 13836 13841 13842 13993 13849 13850 13851 13852 14144 14145 14301 13864 13871 13949 13872 13873 13874 13875 13966 13967 13968 13876 13877 13926 14179 13927 13897 13898 13902 13905 13910 14177 13924 13960 14533 14534 14535 13969 13970 13971 13972 13973 13974 13975 13976 13981 13982 13983 13984 13999 14000 14007 14012 14340 14341 14342 14032 14033 14073 14074 14084 14109 14120 14131 14132 14134 14135 
unrealized 1 13924 
does 2 13782 13783 
sociology 2 13798 13799 
ict 13 13764 14324 13816 14039 14040 14041 14088 14107 14108 14131 14132 14134 14567 
intentions 8 13941 13942 13943 13944 14092 14093 14094 14095 
understanding 17 13831 14473 14474 14746 14747 13960 14306 14307 14505 14506 13985 13986 13987 14092 14093 14094 14095 
today 5 13851 13963 14061 14062 14063 
purchase 3 13985 13986 13987 
icq 2 13763 13764 
organization 1 13767 
mesm-study 2 13841 13842 
experience 3 13837 14055 14056 
types 3 13960 14505 14506 
employee 2 13784 13785 
hypothesis 1 13893 
individuals 1 14109 
inventing 1 14038 
speed 1 13948 
communication 27 13775 13854 14086 14087 13835 13836 13842 13993 13896 13897 13898 13900 13901 13938 13960 14505 14506 13985 13986 13987 14340 14791 14792 14083 14131 14132 14133 
society 6 13830 13886 13915 14383 13938 14038 
peer-group 2 13926 13927 
game 4 13764 14701 13900 13901 
ecc 1 13903 
readiness 3 14136 14137 14138 
methodology 2 14134 14567 
memory 3 13960 14505 14506 
message 4 13804 13829 13893 14584 
urban 3 13767 14047 14048 
dimension 3 14340 14791 14792 
advertisements 1 14046 
approach 17 13754 13755 13828 14218 13831 14473 14474 14746 14747 13849 13850 13851 13852 13915 14383 13942 13943 
disabled 6 13930 13931 13932 13933 13934 13935 
persona 3 13846 13847 13848 
growth 4 14636 14727 13964 13965 
stations 2 14425 14470 
thailand 2 14044 14045 
rights 1 14038 
fixed 4 13775 14098 13854 13864 
heritage 3 13774 14098 14161 
barrier 1 13805 
realm 2 13914 13915 
activities 6 13764 14636 13876 13877 14179 14320 
regime 1 14038 
commercial 3 14071 14072 14596 
challenge--is 1 13805 
thoughts 2 14134 14135 
services 39 13774 13775 14098 14161 13854 14087 14101 14157 14382 14687 14287 13794 13838 13851 13852 14145 14327 14328 14329 14330 14482 13856 13857 13858 14556 14557 13981 13982 13983 13984 14044 14045 14049 14068 14056 14565 14566 14134 14135 
tiananmen 2 13768 14700 
structure 2 13924 13928 
czech 2 13920 14272 
welfare 1 14109 
reality 1 13902 
responses 2 13910 14379 
novelty 2 13825 13826 
heterogenization 1 13925 
enabling 1 13896 
operating 2 13806 13807 
experienced 3 13764 14269 13905 
vulnerability 2 14071 14072 
converge 1 14129 
expert 4 13849 13851 13852 14301 
plans 1 14120 
series 3 13964 13965 14066 
fashion 2 13764 13954 
experiences 2 13920 14272 
item-by-item 3 14076 14077 14078 
development 13 14636 14727 13899 13964 13965 14084 14109 14110 14111 14112 14113 14114 14119 
influence 7 13791 13792 13793 13985 13986 13987 14075 
workplace 2 13764 14269 
closer 2 13842 13993 
principle 1 13886 
telecommunicative 1 13925 
portuguese 1 13767 
sri 2 13784 13785 
prospectus 1 13924 
democracy 4 13876 13877 14179 14320 
completed 3 14076 14077 14078 
pager 2 13764 13954 
motivators 5 13831 14473 14474 14746 14747 
ideal 3 13846 13847 13848 
developments 2 13871 13949 
outcome 2 13916 13917 
product 1 14109 
extension 3 13775 14098 13854 
route 2 14066 14067 
archive 3 13774 14098 14161 
telecommuting 2 13764 14324 
design 2 13916 13917 
technology 26 13754 14245 13764 13954 13774 13775 13801 13802 13805 13878 13879 13910 13911 14130 14177 14007 14061 14062 14063 14084 14109 14119 14121 14122 14123 14124 
perspectives 5 13997 13998 14017 14018 14019 
coexist 1 14129 
segmentation 7 13775 13853 13854 13855 14086 14087 14283 
study 39 13764 14324 14701 13839 13897 13898 13910 13911 14130 13924 13928 13938 13999 14000 14008 14009 14010 14011 14013 14014 14015 14016 14025 14026 14027 14028 14030 14031 14046 14066 14067 14092 14093 14094 14095 14119 14125 14131 14132 
adversity 2 14636 14727 
computing 1 13871 
chinese 5 13764 14269 13904 14030 14031 
seti 1 13865 
blacksburg 1 14083 
love 3 13989 13990 13991 
barriers 5 13775 14087 14382 14687 13905 
avenues 2 13769 13770 
continuance 4 13872 13873 13874 13875 
participation 4 13768 14700 14007 14125 
facebook 15 13771 13772 13773 13866 13867 13873 13875 13966 13967 13968 13886 13887 13920 13939 13940 
age 1 13839 
value 7 13775 14397 14398 13797 14394 14395 14396 
developing 4 13994 14073 14074 14109 
centres 2 13936 13937 
gratifications 11 13764 13954 13771 13772 13773 13873 13875 13966 13967 13968 13924 
investigation 1 14046 
contexts 2 14030 14031 
credit 4 13831 14473 14474 14475 
competence 3 14340 14791 14792 
protection 2 14071 14072 
republic 2 13920 14272 
challenges 13 13764 13954 13852 13913 13871 13888 13902 13921 13922 13923 14061 14062 14063 
punctuality 1 13992 
coexistence 2 13787 13788 
relative 1 14109 
telehealth 2 13776 13777 
emerging 6 13786 13852 13913 13989 13990 13991 
phone-in 1 14029 
ecrea 1 13903 
issues 4 13871 13949 13942 13943 
citizens 1 13902 
uganda 1 13823 
ethics 2 13868 13869 
wibro 3 13910 13911 14130 
theory 11 14651 14652 14653 13764 14324 13778 13779 13780 13781 13831 13832 
insight 2 13851 13963 
citizenship 1 14125 
cyber 1 13823 
stage 1 14046 
network 14 13775 14101 13828 14218 13831 14473 14474 14746 14747 13837 13978 13979 13980 14088 
online 27 14651 14652 14653 13768 13846 13847 13848 13876 13877 14179 14320 13893 14584 13900 13901 13906 13907 13908 13920 13985 13986 13987 14030 14031 14056 14565 14566 
risk 2 13910 14177 
real 3 13904 14134 14567 
mvno 2 13924 13928 
patronage 4 13982 13984 14260 14261 
japan 7 13816 13886 13887 13941 13942 13943 13944 
extent 1 13910 
cooperation 2 13787 13788 
banking 4 13770 13845 13960 14306 
messaging 8 13754 14245 13764 14058 13872 13873 13874 13875 
spent 1 13929 
ads 3 13954 14344 14345 
application 6 13924 13989 13990 13991 14131 14132 
premium 5 13849 13851 13852 14144 14145 
transition 5 13775 13854 14101 14049 14545 
sms 4 13764 13954 14344 14345 
human 9 13969 13970 13971 13972 13973 13974 13975 13976 14109 
aids 3 14131 14132 14133 
organizational 3 13786 14425 14470 
local 11 13798 13799 13805 13856 13857 13858 13886 13887 13922 13923 14029 
smart 3 14556 14557 13902 
compound 2 14134 14567 
collaborative 3 13760 13761 13762 
xrm 3 14136 14137 14138 
viable 2 13854 14287 
nature 2 13821 13822 
scheme 4 13888 14237 14238 14239 
place 2 13784 13785 
opportunities 5 13774 14098 14161 14090 14091 
option 2 14134 14567 
turn 1 13786 
self-disclosure 2 13763 13764 
cell 6 13764 13954 13839 14126 14127 14128 
croatia 3 14126 14127 14128 
international 1 14046 
e-reverse 1 14046 
impacts 4 13764 14017 14018 14019 
content 7 13849 13851 13852 14144 14145 14301 14482 
price 3 14126 14127 14128 
ownership 5 13778 13779 13780 13794 14038 
serbia 1 13800 
split 2 13915 14383 
participatory 4 13876 13877 14179 14320 
sensational 1 13804 
trends 1 13902 
data 8 13938 14084 14110 14111 14112 14113 14114 14120 
threats 3 13774 14098 14161 
vs 13 13767 13825 13826 13838 13846 13847 13848 13909 13910 13911 13997 13998 14120 
worlds 2 14177 14295 
differences 6 13760 13761 13762 13922 14203 14204 
digital 26 13768 14700 13771 13772 13773 13786 13830 13868 13869 13886 13930 13931 13932 13933 13934 13935 14340 14791 14792 14049 14050 14090 14091 14109 14119 14125 
file-sharing--fight 1 13838 
critical 3 13786 14071 14072 
leads 1 14117 
numbers 1 13840 
dynamics 4 13909 13910 13911 13938 
displacement 5 13764 14636 14056 14565 14566 
va 1 14083 
discourse 2 13914 13915 
improper 2 13764 13954 
globalization 1 13925 
uk 2 13922 13923 
payment 4 13831 14473 14474 14475 
news 6 13841 13842 13876 13877 13926 14179 
snss 5 13873 13875 13966 13967 13968 
amarc 1 14006 
q-sort 3 13775 14101 14157 
intercultural 2 13787 13788 
selection 4 13916 13917 14064 14065 
relationship 10 13754 13755 13926 13927 14340 14791 14792 14126 14127 14128 
commemoration 2 13768 14700 
field 4 13897 13898 13910 14177 
billing 2 13910 14120 
norwegian 4 14025 14026 14027 14028 
overview 2 13902 14198 
modeling 4 13786 14126 14127 14128 
tv 23 13849 13850 13851 13852 13913 14556 14557 13909 13910 13911 13924 14012 14340 14341 14342 14013 14014 14015 14016 14017 14018 14019 14029 
milamu 2 13870 13871 
liberalization 1 14060 
lanka 2 13784 13785 
infrastructure 3 13829 14071 14072 
actions 3 13942 13943 14046 
portable 1 13924 
disappearing 1 14109 
earthquake 4 13941 13942 13943 13944 
exploration 2 14049 14050 
lifestyle 6 13775 13854 14086 14087 13842 13993 
ott 3 13909 13910 13911 
conference 1 13903 
ict-innovations 2 13851 13963 
networks 17 13760 13761 13762 13851 13852 14327 14328 14329 14330 14425 14470 14008 14009 14010 14011 14049 14545 
selfies 3 13846 13847 13848 
victim 1 13920 
alternative 5 14425 14470 13978 13979 13980 
japanese 1 13886 
standards-setting 1 14119 
openness 2 13964 13965 
associated 3 13846 13847 13848 
adolescents 3 14651 14652 14653 
comparative 7 13816 14030 14031 14092 14093 14094 14095 
object-relationship 1 13759 
shopping 4 13960 14533 14534 14535 
killer 7 13851 13852 14327 14328 14329 14330 13924 
empirical 8 13910 14013 14014 14015 14016 14046 14066 14067 
forum 1 14129 
model 18 13775 14750 13778 13779 13780 13856 13857 13858 13872 13873 13874 13875 13900 13901 13985 13986 13987 14012 
trade 2 13964 13965 
perception 6 13784 13785 13876 13877 13926 14179 
portability 1 13924 
engineering 4 13888 14061 14062 14063 
businesses 1 13948 
phones 8 13754 13755 13821 13822 13905 13910 14177 14109 
abundant 1 14117 
tracing 2 14066 14067 
reach 3 13775 14397 14398 
lans 3 13859 13860 13861 
e-governance 1 13899 
disposition 1 13893 
interactivity 4 13875 13968 14440 14441 
geographic 3 14071 14072 14596 
hrd 3 13795 13796 13797 
web-based 2 13916 13917 
attachment 3 13960 13961 13962 
suppliers 1 14046 
recovery 4 13941 13942 13943 13944 
unwillingness-to-communicate 2 13763 13764 
malaysian 2 13754 13755 
appliances 4 14013 14014 14015 14016 
participative 2 14131 14132 
service 18 13756 13775 13854 14101 13829 13875 13968 14440 14441 13924 13978 13979 13980 13982 13984 14260 14261 14084 
denmark 1 13816 
success 5 13756 13811 13812 13813 13814 
brief 2 13835 13836 
employees 3 13795 13796 13797 
specifically 1 13839 
journalism 3 13868 13869 14029 
ganga 1 13899 
uptake 3 14039 14040 14041 
test 1 13893 
acquaintance 2 13893 14584 
city 2 13902 14083 
center 2 13866 13867 
open 2 13806 13807 
page 2 13886 13887 
behaviors 8 13764 13954 13791 13792 13793 13926 13927 13920 
youngsters 3 13849 13851 14485 
compression 1 13815 
legislator 2 14145 14482 
satire 1 13768 
information 35 13782 13783 13830 13883 13884 14788 14789 14790 13896 13899 13910 14177 13915 14383 13924 13938 13942 13943 13960 13961 13962 14505 14506 13985 13986 13987 13988 14013 14014 14015 14016 14038 14109 14117 14119 
problems 2 13801 13802 
form 1 13865 
exclusion 2 13936 13937 
national 1 14046 
art 2 13769 13770 
interaction 5 13754 14245 13759 13815 14083 
wi-fi 2 14096 14097 
flemish 3 13849 13851 14485 
canadian 2 14049 14068 
adults 7 13989 13990 13991 14012 14340 14341 14342 
diverging 1 13988 
language 2 13759 14029 
tam 3 13778 13779 13780 
rapidly 2 13878 13879 
query 1 13759 
long-term 1 13815 
deprivation 2 13922 14204 
failed 3 13910 13911 14130 
sphere 1 14029 
mra-artificial 5 13831 14473 14474 14746 14747 
effective 3 13795 13796 13797 
costs 5 13775 13854 14101 14134 14135 
version 4 14008 14009 14010 14011 
private 2 13764 13954 
identity 1 13904 
paid 1 13838 
scaled 1 14070 
messengers 2 13926 13927 
union 7 13830 13921 13922 13923 14038 14049 14545 
blurring 2 13764 13954 
wired 1 14083 
india 2 13899 13905 
tinder 3 13989 13990 13991 
ubiquitous 6 13775 14101 13871 13960 14306 14307 
want 1 13839 
fmic 1 13864 
diplomacy 1 14129 
migration 1 13800 
app 2 13754 14245 
united 4 13775 14750 13924 14072 
jealousy 3 13846 13847 13848 
smartphones 3 14076 14077 14078 
access 20 13849 13851 13852 14144 14145 13876 13877 13926 14179 13922 13923 14203 14204 14029 14064 14065 14072 14109 14134 14718 
research 8 13769 13770 13849 13850 13851 13852 14131 14132 
integrated 4 13778 13779 13780 14012 
fluctuations 2 13886 13887 
crowdfunding 4 13778 13779 13780 13781 
industrial 2 13852 13913 
cloud 1 13815 
smartphone 18 13775 13853 13854 13855 14101 14380 14381 14382 13874 13875 13968 14556 14557 14440 14441 14340 14791 14792 
based 4 13775 13853 13854 13855 
users 19 13775 14086 14087 14380 14381 14382 14283 13823 13837 13875 13968 14440 14441 13910 14177 14017 14018 14019 14046 
post-disaster 4 13941 13942 13943 13944 
functional 3 13921 13922 13923 
truths 1 13804 
determination 2 13831 13832 
fixed-mobile 3 13775 14098 13854 
deliberation 4 13876 13877 14179 14320 
impact 11 13768 13784 13785 13806 13807 13948 14049 14068 14084 14107 14108 
requests 3 14651 14652 14653 
instrumentality 2 13916 13917 
well-being 8 13969 13970 13971 13972 13973 13974 13975 13976 
icts 6 13868 13869 13899 14039 14040 14041 
business-to-business 1 14046 
korea 19 13795 13796 13797 13873 13875 13966 13967 13968 14556 14557 13960 14306 14012 14340 14341 14342 14056 14565 14566 
systems 10 13776 13777 13782 13783 13828 14218 13888 13960 14505 14506 
work 5 13764 14324 13784 13785 13886 
portal 1 13805 
global 2 13865 13994 
parallels 2 13866 13867 
pacific 1 13988 
class 3 14086 14087 14283 
property 1 14038 
properties 1 13764 
practice-centered 2 13776 13777 
programme 1 14029 
market 20 13775 14397 14398 13874 13875 14556 14557 13909 13910 13911 13922 13923 13924 13928 13981 13982 13983 13984 14049 14068 
environment 7 13831 13832 13868 13869 14012 14107 14108 
importance 4 13851 13963 14134 14135 
promote 1 13816 
program 2 14055 14056 
influencing 3 14556 14557 13910 
management 10 13811 13812 13813 13814 13828 14218 13888 14237 14238 14239 
longitudinal 2 13897 13898 
voice 1 14070 
intention 14 13778 13779 13780 13781 13811 13812 13813 13837 13872 13873 13874 13875 13960 14306 
behaviour 3 13960 14306 14307 
bundling 6 13981 13982 13983 13984 14055 14056 
ecosystems 5 13760 13761 13762 14032 14033 
user-database 1 13759 
object 2 13828 14218 
share 2 13774 13775 
regulatory 4 13778 13779 13780 13781 
interactive 11 13754 14245 13876 13877 14179 14320 14013 14014 14015 14016 14070 
reinforced 1 13924 
hedonic 3 14126 14127 14128 
africa 11 13821 13822 13939 13940 13964 13965 14039 14040 14041 14109 14125 
kakaotalk 5 13873 13875 13966 13967 13968 
familiarity 1 14075 
matter 2 13782 13783 
backers 4 13778 13779 13780 13781 
website 2 13893 14584 
cafes 2 13915 14383 
rich 3 13942 13943 14109 
abstracted 3 13760 13761 13762 
separation 3 13921 13922 13923 
strategy 5 13760 13761 13762 14055 14056 
geodemographic 1 14072 
undergraduate 1 13839 
women 3 13764 14269 13905 
classroom 2 13754 14245 
technologies 24 13871 13883 13884 14788 14789 14790 13896 13910 14379 13930 13931 13932 13933 13934 13935 13938 14064 14065 14131 14132 14133 14136 14137 14138 
multimedia 5 13859 13860 13861 13870 13871 
safety 2 13920 14272 
alternatives 2 14134 14567 
continue 1 13837 
industries 1 14119 
context 13 13775 14098 13854 14101 14157 13842 13993 13849 13851 13852 14301 13903 14057 
cluster 2 13775 14750 
immap 2 13754 14245 
culprit 1 13920 
non-repudiation 1 14070 
channel 2 13831 13832 
