<Keyword> <No of vertices> <vertex1> <vertex2> .... <vertexN> 
lightpath 6 10489 10490 10491 10492 10493 10494 
analyzing 6 10357 10358 10467 10468 10469 10470 
using 60 9860 9996 9904 19612 9953 9954 9998 9999 10000 10001 10002 10003 10025 10026 10027 10028 10029 10030 10031 10032 10134 10405 10406 10173 10174 10177 10178 19426 10219 10220 10221 10501 10502 10503 10504 10505 10506 10251 10252 10253 10254 10327 10328 10329 10330 10389 10390 10391 10392 10393 10419 10420 10421 10422 10423 10424 10425 10518 10519 10520 
devops 4 10327 10328 10329 10330 
workflows 4 9859 9893 9894 9895 
privileges 3 9933 13789 13790 
awareness 2 9932 9933 
phenylium 3 10119 10120 10121 
managing 4 10614 10615 10616 10617 
wavelet 3 10354 10355 13067 
networked 4 9943 9944 9945 9946 
preface 1 10144 
semantics 1 10084 
search 6 9950 9951 10092 10093 10094 10095 
protein 4 10541 10542 10543 10544 
event 5 10487 11931 11932 11933 11934 
features 4 9992 9993 9994 9995 
role 2 9987 11507 
systematic 1 10042 
generation 3 9952 10534 10535 
intelligence 1 10619 
monitoring 3 10486 10487 10488 
multi-core 7 10352 11154 11155 11156 11157 11158 11159 
elasticity 7 9923 10108 11497 10467 10468 10469 10470 
tosca 4 10327 10328 10329 10330 
extensible 5 10020 10021 10022 10023 10024 
engine 3 10057 10058 10059 
contention-based 2 9950 9951 
queueing 1 10060 
image 5 10507 10508 10509 10510 10511 
optimization 5 10268 10269 10270 10312 13293 
continental 2 10025 10026 
molecular 7 10120 10121 12155 10374 10375 10376 10377 
transmission 3 10354 10355 13067 
aggregation 6 9987 9988 9989 10159 10160 10161 
provenance 6 10366 10367 10368 10369 10370 10371 
project 1 9952 
junction 1 10096 
european 2 10415 10416 
automata 1 10268 
quality 9 9992 9993 9994 9995 10389 10390 10391 10392 10393 
codes 1 10619 
artificial 3 10619 10620 10621 
discovery 3 10222 10223 10224 
bayanihan 2 9860 9996 
mechanisms 9 9860 9943 9944 9945 9946 10121 10669 10670 10671 
gcel 2 10025 10026 
review 2 11497 14259 
array 2 10194 10195 
dynamic 23 9859 9932 9933 10084 10105 10106 10222 10223 10224 10486 10487 10488 10489 10490 10491 10492 10493 10494 10550 10551 12905 12906 12907 
theorem-proving 1 9952 
knowledge 3 9901 9902 10144 
knowledge-based 4 10042 10473 10474 10475 
situational 2 9932 9933 
prospect 1 10096 
ocean 2 9924 9925 
handling 3 10159 10160 10161 
commerce 2 10171 10172 
execution 4 10108 11497 10255 10256 
transform 3 10354 10355 13067 
suny 1 10583 
programming 6 10219 10220 10221 10310 10311 10312 
subspace 1 10014 
outputs 2 9998 9999 
targets 2 10534 10535 
metacomputing 5 10060 10434 10435 10436 10437 
clustering 2 10580 10581 
caching 4 10092 10093 10094 10095 
clouds 7 10000 10001 10002 10003 10486 10487 10488 
intensive 15 9893 9894 9895 10027 10028 10029 10030 10031 10032 10366 10367 10368 10369 10370 10371 
semi-discrete 2 10043 10044 
linear 6 10310 10311 10312 10430 11181 11182 
detecting 1 10622 
keys 4 9998 10853 10854 10855 
topology-aware 7 10352 11154 11155 11156 11157 11158 11159 
redesign 3 10132 10133 10134 
dissemination 2 11497 14259 
web 17 10092 10093 10094 10095 10291 10292 10293 10294 10348 10349 10419 10420 10421 10422 10423 10424 10425 
solar 3 10234 10235 10236 
blocks 4 10076 10077 10078 10079 
specifications 6 10366 10367 10368 10369 10370 10371 
electronic 2 10171 10172 
attribute-based 8 9974 9975 9976 10487 11931 11932 11933 11934 
solving 2 9953 9954 
c---c 3 10120 10121 12155 
situated 3 10134 10405 10406 
automaton 3 10186 10187 10188 
new 5 9923 10191 10192 10620 10621 
dinger 2 10545 10546 
utility 5 10389 10390 10391 10392 10393 
chemistry 1 10383 
leveraging 2 10177 10178 
sequence 4 10541 10542 10543 10544 
base 3 9873 9901 9902 
mediation 2 9904 19612 
volume 1 10162 
analyses 6 10366 10367 10368 10369 10370 10371 
configuration 4 10541 10542 10543 10544 
multiprocessor 3 10268 10269 10270 
multi-symplectic 2 10545 10546 
comments 2 10289 10290 
methods 5 10014 10545 10546 10580 10581 
phase-difference 2 10173 10174 
computational 16 9889 9890 9891 9892 10122 10583 10603 10604 10605 10606 10607 10608 10609 10610 10611 10612 
client 3 10065 12291 12292 
paradigm 5 10181 10182 10183 10184 10185 
distributed 20 9924 9925 10007 10008 10009 10057 10058 10059 10234 10235 10236 10268 10269 10270 10363 10364 10374 10375 10376 10377 
event-driven 4 10010 10011 10012 10013 
aware 3 10223 11057 11058 
architecture 14 10020 10021 10022 10023 10024 10090 10091 10234 10235 10236 10251 10252 10253 10254 
traffic-aware 6 10027 10028 10029 10030 10031 10032 
logic-based 2 9978 9979 
software 8 9998 9999 10455 10456 10457 10458 10459 10460 
reactivity 3 10119 10120 10121 
latency 1 10383 
medical 9 10251 10252 10253 10254 10507 10508 10509 10510 10511 
component 1 10060 
broadcasting 2 10325 10326 
heuristics 2 9903 9904 
evaporative 3 10159 10160 10161 
processing 7 9859 9888 10010 10011 10012 10013 10144 
hyperbolic 2 10043 10044 
perspective 2 10090 10091 
jgrim 3 10068 10069 10070 
azure 4 10000 10001 10002 10003 
processes 1 10613 
streamlining 4 10327 10328 10329 10330 
sabotage-tolerance 1 9860 
automatic 4 9926 10428 10429 10430 
environments 3 10372 10373 10383 
tailorable 2 10212 10213 
equations 2 10545 10546 
code 8 10121 10865 10866 10867 10868 10430 11181 11182 
multifrontal 3 9908 9909 9910 
bytecode 1 10084 
processed 1 9997 
involved 4 10121 10669 10670 10671 
detection 4 9992 9993 9994 9995 
recursive 3 9908 9909 9910 
molecules 3 10119 10120 10121 
fast 7 10478 10479 10550 10551 12905 12906 12907 
phase 2 10534 10535 
sparse 3 9908 9909 9910 
internet 11 9911 9912 9913 9914 9915 9916 10550 10551 12905 12906 12907 
provisioning 7 10489 10490 10491 10492 10493 10494 10533 
extending 1 10209 
heterogeneous 14 10310 10311 10312 13293 10383 10419 10420 10421 10422 10423 10424 10425 10476 10477 
mobile 5 10251 10252 10253 10254 10622 
reflection 2 9953 9954 
trusted 4 9998 9999 10105 10106 
bgp-inspired 5 10547 10548 10549 10550 10551 
consensus 4 10614 10615 10616 10617 
routing 17 9971 10027 10028 10029 10030 10031 10032 10389 10390 10391 10392 10393 10547 10548 10549 10550 10551 
education 4 10595 10596 10597 10598 
analysis 9 9873 10090 10091 10186 10187 10188 10350 10351 10352 
discord 1 10622 
simulation 5 10025 10026 10057 10058 10059 
wireless 2 10217 10218 
quantum 1 10383 
circulation 5 9924 9925 10428 10429 10430 
fuzzy 2 10177 19426 
unicore 2 10171 10172 
music 4 9943 9944 9945 9946 
two-processor 1 10268 
parallel 27 9888 9908 9909 9910 10000 10001 10002 10003 10007 10008 10009 10065 12291 12292 10255 10256 10268 10350 10351 10352 10383 10428 10429 10430 10518 10519 10520 
tort 1 10238 
communication 3 10354 10355 13067 
estimates 2 10191 10192 
substation 4 10010 10011 10012 10013 
uniform 2 10171 10172 
ecg 3 10219 10220 10221 
wifi-based 2 10217 10218 
prediction 4 10434 10435 10436 10437 
semantic 7 10223 11057 11058 10289 10290 10357 10358 
iterative 6 10000 10001 10002 10003 10191 10192 
microstructures 4 9889 9890 9891 9892 
theoretical 10 10120 10121 12155 10669 10670 10671 10541 10542 10543 10544 
stages 2 10357 10358 
securing 4 10291 10292 10293 10294 
memory 5 9924 9925 10518 10519 10520 
message 2 10478 10479 
hadoop 2 10312 13293 
source 2 10043 10044 
wasam 2 9932 9933 
privilege 2 9987 11507 
multi-dimensional 6 10051 10052 10053 10054 10055 10056 
patience 4 10596 10597 10598 12383 
cooperative 4 9943 9944 9945 9946 
approach 25 9911 9912 9913 9914 9915 9916 9923 10042 10068 10069 10070 10120 10121 12155 10159 10160 10161 10219 10220 10221 10357 10358 10618 10620 10621 
enablers 1 9923 
java 5 9860 9996 10084 10348 10349 
numerical 2 10043 10044 
generalized 2 10545 10546 
nonlinear 6 9926 10043 10044 10219 10220 10221 
twister 4 10000 10001 10002 10003 
jobs 2 10478 10479 
clustered 7 10352 11154 11155 11156 11157 11158 11159 
inference 2 10177 19426 
linearization 1 9926 
entropy 4 9998 10853 10854 10855 
neural 8 9885 10221 10501 10502 10503 10504 10505 10506 
formalization 2 10090 10091 
visualization 3 10350 10351 10352 
operation 4 10010 10011 10012 10013 
social 2 11497 14259 
mechanics 1 10122 
simulations 12 10217 10218 10331 10332 10333 10419 10420 10421 10422 10423 10424 10425 
standardized 4 10327 10328 10329 10330 
fully 3 9908 9909 9910 
element 2 10171 10172 
programs 4 9997 10518 10519 10520 
transfer 2 9978 9979 
structure 1 9885 
services 26 9923 9930 9931 10105 10106 10291 10292 10293 10294 10419 10420 10421 10422 10423 10424 10425 10489 10490 10491 10492 10493 10494 10596 10597 10598 12383 
support 12 10010 10011 10012 10013 10051 10052 10053 10054 10055 10056 10177 19426 
searching 3 10234 10235 10236 
theorem 3 9952 10289 10290 
privacy 6 9911 9912 9913 9914 9915 9916 
batteries 3 10120 10121 12155 
bonds 3 10120 10121 12155 
wavelet-based 5 10507 10508 10509 10510 10511 
flexible 5 9953 9954 10222 10223 10224 
health 6 11497 14259 10291 10292 10293 10294 
agent-based 2 9903 9904 
criterion 3 10268 10269 10270 
verification 1 10042 
foraging 2 10107 10108 
novel 5 10181 10182 10183 10184 10185 
expert 1 10238 
astronomical 5 9959 9960 9961 9962 9963 
region 2 10025 10026 
virtual 7 10045 10046 10047 10048 10060 10357 10358 
creation 3 10132 10133 10134 
interval 3 10219 10220 10221 
diabetes 4 10251 10252 10253 10254 
aspects 3 10068 10069 10070 
diffusive 3 10159 10160 10161 
space 4 10541 10542 10543 10544 
decision 8 10051 10052 10053 10054 10055 10056 10177 19426 
resource-conscious 2 10478 10479 
biometric 3 10354 10355 13067 
algorithm 7 10352 11154 11155 11156 11157 11158 11159 
semi-structured 2 9930 9931 
mapreduce 4 10000 10001 10002 10003 
cwi 1 10015 
statistical 3 10122 10177 19426 
anonymous 6 9933 13789 13790 9974 9975 9976 
unexpected 1 10622 
solve 2 10620 10621 
patients 4 10251 10252 10253 10254 
subscribe 5 10487 11931 11932 11933 11934 
products 1 10582 
inspired 2 10354 10355 
bacterial 2 10107 10108 
shuttles 3 10120 10121 12155 
productivity 2 10348 10349 
backup 3 9893 9894 9895 
analyse 1 9923 
ideas 1 10582 
diversity 4 10541 10542 10543 10544 
immune 2 10620 10621 
spatial 1 9885 
schemes 3 10159 10160 10161 
middleware 7 10033 10034 10035 10036 10037 10038 10039 
coprocessor 2 9998 9999 
dmpp 1 10209 
suprenum 2 10415 10416 
federative 2 10363 10364 
machines 7 10352 11154 11155 11156 11157 11158 11159 
supercomputing 2 10171 10172 
studying 2 9860 9996 
ontology-based 3 9930 9931 10618 
unified 5 9959 9960 9961 9962 9963 
reasoning 4 9904 19612 10177 19426 
classification 2 10312 13293 
improvement 1 10042 
method 8 9992 9993 9994 9995 10060 10486 10487 10488 
design 13 9901 9902 9926 10136 10137 10138 10139 10357 10358 10374 10375 10376 10377 
josephson 1 10096 
multicore 2 10214 10215 
technology 1 10096 
individual 2 10049 10050 
location 3 10486 10487 10488 
permis 2 9987 11507 
recognition 13 10150 10151 10152 10173 10174 10221 10501 10502 10503 10504 10505 10506 10618 
variation 3 10219 10220 10221 
perspectives 1 10015 
study 7 10119 10120 10121 10534 10535 10580 10581 
computing 29 9860 9996 9974 9975 9976 10000 10001 10002 10003 10107 10108 10181 10182 10183 10184 10185 10325 10326 10467 10468 10469 10470 10476 10477 10533 10595 10596 10597 10598 
related 4 9992 9993 9994 9995 
level 3 10486 10487 10488 
results 6 10092 10093 10094 10095 10534 10535 
family 2 9903 9904 
exact 4 9926 10428 10429 10430 
provers 1 9952 
applications 24 10068 10069 10070 10108 11497 10134 10405 10406 10144 10217 10218 10327 10328 10329 10330 10350 10351 10352 10489 10490 10491 10492 10493 10494 
investigation 6 10121 10669 10670 10671 10214 10215 
homes 1 10618 
combining 4 10614 10615 10616 10617 
tiriac 2 10372 10373 
challenges 3 10122 10217 10218 
declarative 6 10366 10367 10368 10369 10370 10371 
functioning 3 10120 10121 12155 
e-health 5 10181 10182 10183 10184 10185 
team 2 10357 10358 
machine 2 9901 9902 
parallelization 5 10121 10865 10866 10867 10868 
matching 5 10487 11931 11932 11933 11934 
r-r 3 10219 10220 10221 
clusters 3 10310 10311 10312 
overlay 4 10537 10538 10539 10540 
tangent 3 10430 11181 11182 
cations 3 10119 10120 10121 
controller 1 9926 
hybrid 9 10121 10669 10670 10671 10486 10487 10488 10620 10621 
mere 4 10136 10137 10138 10139 
proteins 4 10541 10542 10543 10544 
conceptual 5 9987 9988 9989 10357 10358 
airfoil 3 10430 11181 11182 
scale 7 10331 10332 10333 10374 10375 10376 10377 
mining 6 10051 10052 10053 10054 10055 10056 
adl 1 10618 
volunteer 2 9860 9996 
runtime 3 10068 10069 10070 
security 5 10105 10106 10354 10355 13067 
protecting 4 9998 10853 10854 10855 
enhanced 2 10105 10106 
silicon 3 10150 10151 10152 
network 20 9930 9931 9997 10060 10221 10501 10502 10503 10504 10505 10506 10357 10358 10486 10487 10488 10537 10538 10539 10540 
datacentre 1 10533 
autonomic 5 10547 10548 10549 10550 10551 
japan 1 10238 
effectiveness 2 11497 14259 
conservation 2 10545 10546 
considerations 3 10065 12291 12292 
interstellar 3 10119 10120 10121 
hamiltonian 1 10313 
layout 2 10214 10215 
scalable 16 10000 10001 10002 10003 10222 10223 10224 11057 11058 10486 10487 10488 11931 11932 11933 11934 
grid 34 10033 10034 10035 10036 10037 10038 10039 10107 10108 10177 10178 10289 10290 10325 10326 10372 10373 10419 10420 10421 10422 10423 10424 10425 10603 10604 10605 10606 10607 10608 10609 10610 10611 10612 
develop 3 10134 10405 10406 
major 1 10583 
palmprint 2 10173 10174 
visionary 1 10582 
coshh 2 10312 13293 
building 11 9860 9996 10076 10077 10078 10079 10121 10669 10670 10671 10619 
application 7 10043 10044 10325 10326 10354 10355 13067 
validation 1 10042 
resource 21 10027 10028 10029 10030 10031 10032 10107 10108 11497 10222 10223 10224 10363 10364 10476 10477 10595 10596 10597 10598 12383 
generating 3 10430 11181 11182 
problem 2 9953 9954 
interface 8 9959 9960 9961 9962 9963 10132 10133 10134 
provision 3 10486 10487 10488 
database 5 9873 10374 10375 10376 10377 
section 1 10144 
rendering 1 10162 
energy-driven 5 10181 10182 10183 10184 10185 
dataset 3 9893 9894 9895 
implementation 1 9859 
workspaces 5 9981 9982 9983 9984 9985 
scientific 9 10020 10021 10022 10023 10024 10136 10137 10138 10139 
competitive 2 10049 10050 
local 2 9904 19612 
things 6 9911 9912 9913 9914 9915 9916 
energy 1 10533 
smart 3 9932 9933 10618 
intelligent 5 10144 10251 10252 10253 10254 
mpi 2 10478 10479 
metamodel 4 10327 10328 10329 10330 
qos 2 10363 10364 
refinement 2 10191 10192 
power-aware 3 10310 10311 10312 
jxta-based 3 10234 10235 10236 
collaborative 17 9904 19612 9981 9982 9983 9984 9985 10049 10050 10132 10133 10134 10547 10548 10549 10550 10551 
amsterdam 1 10015 
optimal 6 10389 10390 10391 10392 10393 10533 
flow 7 10025 10026 10430 11181 11182 10620 10621 
eigenvalues 1 10313 
gridification 3 10068 10069 10070 
providers 4 10467 10468 10469 10470 
scheme 11 10027 10028 10029 10030 10031 10032 10043 10044 10065 12291 12292 
admission 5 10389 10390 10391 10392 10393 
concurrent 2 9903 9904 
comprehensive 6 9911 9912 9913 9914 9915 9916 
turing-like 3 10186 10187 10188 
runtime-interference 1 10383 
structured 4 10092 10093 10094 10095 
integrate 7 10419 10420 10421 10422 10423 10424 10425 
homogeneous 1 10383 
defined 6 10455 10456 10457 10458 10459 10460 
intermediate 3 9893 9894 9895 
astronomy 6 10489 10490 10491 10492 10493 10494 
relativistic 5 10121 10865 10866 10867 10868 
content 1 9997 
models 8 9924 9925 10057 10058 10059 10186 10187 10188 
brockport 1 10583 
load 11 10352 11154 11155 11156 11157 11158 11159 10434 10435 10436 10437 
cloud-based 9 9893 9894 9895 9911 9912 9913 9914 9915 9916 
elastic 7 9903 9904 10487 11931 11932 11933 11934 
devices 4 10251 10252 10253 10254 
cheap 2 10177 10178 
examples 2 9953 9954 
appraisal 1 9888 
complex 3 10354 10355 13067 
ontozilla 2 9930 9931 
chronic 4 10251 10252 10253 10254 
data 45 9893 9894 9895 10020 10021 10022 10023 10024 10033 10034 10035 10036 10037 10038 10039 10051 10052 10053 10054 10055 10056 10065 10066 12291 12292 10076 10077 10078 10079 10144 10214 10215 10234 10235 10236 10366 10367 10368 10369 10370 10371 10374 10375 10376 10377 
use 9 9933 13789 13790 10251 10252 10253 10254 10268 10619 
worlds 4 10045 10046 10047 10048 
scenarios 8 10132 10133 10134 10181 10182 10183 10184 10185 
fingerprint 7 9992 9993 9994 9995 10150 10151 10152 
critical 2 9932 9933 
personal 4 9998 10853 10854 10855 
bag-of-tasks 2 9903 9904 
composing 4 10045 10046 10047 10048 
easy 3 10068 10069 10070 
dynamics 7 10159 10160 10161 10374 10375 10376 10377 
gremlin 1 10383 
large-dimension 3 10222 10223 10224 
electron 3 10120 10121 12155 
trust-driven 2 10372 10373 
publish 5 10487 11931 11932 11933 11934 
debugging 3 10518 10519 10520 
tailored 3 10057 10058 10059 
homologous 4 10541 10542 10543 10544 
becloud 1 9923 
chips 3 10150 10151 10152 
trust 2 10105 10106 
matrix 3 10014 10214 10215 
fourier 3 10186 10187 10188 
learning 5 10132 10133 10134 10405 10406 
stochastic 2 10177 10178 
selection 2 10065 10066 
medium 3 10119 10120 10121 
biometrics 2 10354 10355 
viva 1 10042 
assignment 2 9904 19612 
pattern 3 10186 10187 10188 
modeling 6 9889 9890 9891 9892 9978 9979 
mixture 4 10434 10435 10436 10437 
catalogs 5 9959 9960 9961 9962 9963 
decentralized 5 9904 19612 10486 10487 10488 
infrastructure 2 9987 11507 
queue 2 10478 10479 
grids 14 9932 9933 10049 10050 10065 10066 12291 12292 10291 10292 10293 10294 10471 10472 
geo-collaborative 3 10134 10405 10406 
terms 2 10043 10044 
retrieving 3 10234 10235 10236 
download 3 10065 12291 12292 
finite 2 9924 9925 
science 1 10583 
exploration 3 10057 10058 10059 
architectures 6 10162 10547 10548 10549 10550 10551 
drawings 1 10619 
derivative 3 10430 11181 11182 
exploiting 7 10033 10034 10035 10036 10037 10038 10039 
practical 4 10541 10542 10543 10544 
matrices 1 10313 
cryptosystem 2 10325 10326 
trustworthiness 4 10614 10615 10616 10617 
gridx 10 10603 10604 10605 10606 10607 10608 10609 10610 10611 10612 
replica 2 10065 10066 
demand 1 10533 
cellular 4 10186 10187 10188 10268 
shared 12 9981 9982 9983 9984 9985 10045 10046 10047 10048 10518 10519 10520 
networks 17 9885 9950 9951 9971 10027 10028 10029 10030 10031 10032 10092 10093 10094 10095 10217 10218 10622 
control 16 10014 10251 10252 10253 10254 10255 10256 10289 10290 10372 10373 10389 10390 10391 10392 10393 
ouml 2 10545 10546 
scheduler 2 10312 13293 
anfis 4 10434 10435 10436 10437 
cpu 4 10434 10435 10436 10437 
ontology-driven 5 9981 9982 9983 9984 9985 
effort 3 10068 10069 10070 
unstructured 2 10471 10472 
xml 2 10348 10349 
workflow 7 10057 10058 10059 10136 10137 10138 10139 
reduce 4 10541 10542 10543 10544 
logic 1 9997 
modified 4 10121 10669 10670 10671 
difference 2 9924 9925 
architect 4 10076 10077 10078 10079 
prolog 2 10255 10256 
spineware 2 10212 10213 
failure 2 10177 10178 
generated 3 10428 10429 10430 
data-driven 2 10194 10195 
comparative 2 10580 10581 
irregular 2 10194 10195 
memories 1 9997 
natural 3 10331 10332 10333 
early 2 10357 10358 
inframetric 3 10486 10487 10488 
addressable 1 9997 
hyper-heuristic 2 10107 10108 
replay 3 10518 10519 10520 
model 34 9859 9932 9933 9952 9987 9988 9989 10103 10104 10105 10106 10219 10220 10221 10289 10290 10366 10367 10368 10369 10370 10371 10389 10390 10391 10392 10393 10428 10429 10430 10486 10487 10488 10622 
sub 3 10119 10120 10121 
density 3 10119 10120 10121 
estimation 4 10049 10050 10476 10477 
confirming 1 10619 
large-scale 9 9971 10014 10217 10218 10478 10479 10486 10487 10488 
servbgp 5 10547 10548 10549 10550 10551 
peer-to-peer 11 9930 9931 9950 9951 10033 10034 10035 10036 10037 10038 10039 
quo 1 10096 
repository 4 10374 10375 10376 10377 
complete 2 10065 10066 
performance 18 9950 9951 9992 9993 9994 9995 10049 10050 10060 10103 10104 10350 10351 10352 10537 10538 10539 10540 
real-time 1 10162 
definite 1 10313 
interdisciplinary 2 10217 10218 
transparent 2 10177 19426 
multiple 3 10065 12291 12292 
interactions 2 10357 10358 
formation 3 10186 10187 10188 
decomposed 3 10268 10269 10270 
icot 1 9888 
differentiation 4 9926 10428 10429 10430 
loosely-coupled 1 10613 
web-based 4 9860 9996 11497 14259 
general 6 10428 10429 10430 10486 10487 10488 
supporting 3 10134 10405 10406 
trajectory 4 10374 10375 10376 10377 
genetic 9 10219 10220 10221 10501 10502 10503 10504 10505 10506 
authentication 3 9974 9975 9976 
service 17 10092 10093 10094 10095 10389 10390 10391 10392 10393 10486 10487 10488 10547 10548 10549 10550 10551 
device 1 10096 
circuit 4 10121 10669 10670 10671 
hemotherapy 6 10366 10367 10368 10369 10370 10371 
implementing 2 9924 9925 
server 8 10007 10008 10009 10060 10065 12291 12292 10533 
gridftp 4 10537 10538 10539 10540 
high 4 9992 9993 9994 9995 
nosql 1 9873 
specifically 3 10057 10058 10059 
automated 1 9952 
taf 3 10430 11181 11182 
domains 2 9932 9933 
diagnosis 2 9953 9954 
mechanism 4 10471 10472 10478 10479 
triva 3 10350 10351 10352 
prototype 2 9901 9902 
many-core 3 10222 10223 10224 
hierarchical 7 10352 11154 11155 11156 11157 11158 11159 
annotation 5 9981 9982 9983 9984 9985 
invariant 2 10191 10192 
comparisons 4 10541 10542 10543 10544 
tree 3 10354 10355 13067 
evolutionary 2 9930 9931 
deployment 4 10291 10292 10293 10294 
shelf 2 10025 10026 
compression 5 10507 10508 10509 10510 10511 
processor 2 10194 10195 
watermarking 2 10354 10355 
information 17 9930 9931 9978 9979 11497 14259 10173 10174 10366 10367 10368 10369 10370 10371 10473 10474 10475 
platform 2 10105 10106 
problems 5 10014 10043 10044 10620 10621 
ygdrasil--a 4 10045 10046 10047 10048 
computerized 7 10221 10501 10502 10503 10504 10505 10506 
multiprogramming 1 10209 
jxta 2 10103 10104 
fundamentals 1 10238 
record 3 10518 10519 10520 
risk-aware 5 9893 9894 9895 10372 10373 
canadian 10 10603 10604 10605 10606 10607 10608 10609 10610 10611 10612 
computation 3 10177 10178 10313 
chalk-harrod 4 10121 10669 10670 10671 
mimd 2 9924 9925 
qos-aware 2 10108 11497 
ontology-centric 5 10020 10021 10022 10023 10024 
range 2 9950 9951 
secure 2 10325 10326 
mapping 5 10550 10551 12905 12906 12907 
techniques 12 9953 9954 10033 10034 10035 10036 10037 10038 10039 10132 10133 10134 
retrieval 7 10065 10066 10471 10472 10473 10474 10475 
diseases 4 10251 10252 10253 10254 
costs 4 10595 10596 10597 10598 
sensing 2 11497 14259 
dual 3 10354 10355 13067 
computers 2 9924 9925 
accurate 3 10486 10487 10488 
openmole 3 10057 10058 10059 
reputation-based 2 10049 10050 
capacity 4 10596 10597 10598 12383 
subspaces 2 10191 10192 
spin 1 9885 
fractional 3 10354 10355 13067 
ubiquitous 4 10251 10252 10253 10254 
algebra 2 10090 10091 
dft 5 10121 10865 10866 10867 10868 
fifth 3 9952 10534 10535 
multidimensional 2 9950 9951 
automation 4 10327 10328 10329 10330 
mit 3 10428 10429 10430 
access 6 10171 10172 10289 10290 10372 10373 
framework 19 9933 13789 13790 10045 10046 10047 10048 10108 11497 10212 10213 10348 10349 10372 10373 10541 10542 10543 10544 
research 2 9888 9952 
liveness 4 9992 9993 9994 9995 
process 3 10090 10091 10619 
integrated 4 10121 10669 10670 10671 
optimising 4 10595 10596 10597 10598 
balancing 7 10352 11154 11155 11156 11157 11158 11159 
euler 3 10430 11181 11182 
relational 2 9901 9902 
cloud 35 9903 9904 9923 9974 9975 9976 10108 11497 10134 10405 10406 10327 10328 10329 10330 10455 10456 10457 10458 10459 10460 10467 10468 10469 10470 10547 10548 10549 10550 10551 10595 10596 10597 10598 12383 
radio 12 10027 10028 10029 10030 10031 10032 10489 10490 10491 10492 10493 10494 
disease-eeg 7 10221 10501 10502 10503 10504 10505 10506 
based 31 9987 11507 9992 9993 9994 9995 10060 10105 10106 10107 10108 10150 10151 10152 10173 10174 10310 10311 10312 13293 10354 10355 10366 10367 10368 10369 10370 10371 10486 10487 10488 
adjoint 5 10428 10429 10430 11181 11182 
cyber-physical 2 9978 9979 
shop 2 10620 10621 
metacomputers 2 10212 10213 
functional 3 10119 10120 10121 
compliance 1 10619 
remote 2 9998 9999 
server-aided 3 9974 9975 9976 
mortals 4 10136 10137 10138 10139 
impact 8 10467 10468 10469 10470 10596 10597 10598 12383 
supercomputer 2 10415 10416 
function 2 10194 10195 
scheduling 12 9903 9904 10107 10108 10268 10269 10270 10310 10311 10312 10620 10621 
vizier 5 9959 9960 9961 9962 9963 
user-oriented 2 10212 10213 
granularity 2 10255 10256 
cooling 1 10533 
survey 6 10455 10456 10457 10458 10459 10460 
krylov 1 10014 
reduction 1 10383 
algorithms 9 10191 10192 10221 10501 10502 10503 10504 10505 10506 
ising 1 9885 
positive 1 10313 
directly 1 9997 
kurganov-levy 2 10043 10044 
systems 37 9860 9996 9930 9931 9952 9978 9979 10020 10021 10022 10023 10024 10042 10222 10223 10224 10238 10268 10312 13293 10366 10367 10368 10369 10370 10371 10434 10435 10436 10437 10487 11931 11932 11933 11934 10534 10535 
status 1 10096 
collective 4 10614 10615 10616 10617 
enterprise 4 10076 10077 10078 10079 
multi-provider 5 10547 10548 10549 10550 10551 
properties 2 10545 10546 
modelling 1 10060 
cholesky 3 9908 9909 9910 
all-by-all 4 10541 10542 10543 10544 
throughput 3 10065 12291 12292 
multi-tiers 2 10348 10349 
cognitive 6 10027 10028 10029 10030 10031 10032 
environment 11 10419 10420 10421 10422 10423 10424 10425 10434 10435 10436 10437 
batch 1 9859 
program 3 10015 10268 10383 
energy-aware 6 10027 10028 10029 10030 10031 10032 
naphtylium 3 10119 10120 10121 
policy 1 10015 
hybridnn 3 10486 10487 10488 
rest 2 10090 10091 
management 17 9971 9987 11507 10020 10021 10022 10023 10024 10033 10034 10035 10036 10037 10038 10039 10363 10364 
efficient 7 10428 10429 10430 11181 11182 10471 10472 
demands 1 10622 
attribute 3 9987 9988 9989 
schr 2 10545 10546 
evaluation 15 9901 9902 9950 9951 10068 10069 10070 10103 10104 10455 10456 10457 10458 10459 10460 
bandwidth 3 10065 12291 12292 
interactive 3 10350 10351 10352 
integrators 2 10545 10546 
making 1 10619 
computations 2 10194 10195 
crowd 4 10614 10615 10616 10617 
auto-scaling 4 10596 10597 10598 12383 
profit 4 10467 10468 10469 10470 
vision 3 10331 10332 10333 
evaluating 1 10533 
nic 3 10007 10008 10009 
strategy 3 9893 9894 9895 
tasks 5 10268 10614 10615 10616 10617 
processors 2 10214 10215 
fragmented 2 10065 10066 
alzheimer 7 10221 10501 10502 10503 10504 10505 10506 
wide-area 2 9932 9933 
technologies 1 10144 
multi-agent 2 9978 9979 
massive 4 10541 10542 10543 10544 
context 3 10223 11057 11058 
specification 3 9933 13789 13790 
architectural 3 10214 10215 10619 
secret 4 9998 10853 10854 10855 
special 1 10144 
multisymplectic 2 10545 10546 
auditing 2 9998 9999 
user 8 10596 10597 10598 12383 10614 10615 10616 10617 
storage 5 10223 11057 11058 10471 10472 
