<Keyword> <No of vertices> <vertex1> <vertex2> .... <vertexN> 
institutional 3 1814 6692 6693 
external 8 1865 1866 1867 1868 2137 3189 3190 3191 
determinants 4 4403 14363 14364 14365 
prototyping 1 1568 
participants 3 1938 2520 2521 
time 11 1764 1765 2633 2982 2983 1981 1982 1983 1985 2173 2174 
semantics 5 1681 1714 1715 1716 1812 
advanced 1 1990 
generation 2 1699 1700 
video 4 1953 3126 3283 3284 
host 5 1911 1912 1913 1914 1915 
extensible 3 1968 4984 4985 
wide 5 1911 1912 1913 1914 1915 
conditions 11 1679 1938 2548 2549 2634 3115 3301 3302 3112 3113 3114 
touch 9 1908 1909 1910 1946 2899 2900 2901 2902 2903 
steering 2 1968 1969 
quality 13 2109 2705 2704 1944 1945 1946 1965 1966 1967 1982 1985 2173 2196 
codes 1 1785 
bin 1 1732 
dynamic 3 1692 2634 3115 
hotz 3 1796 1797 1798 
smooth 3 1957 1958 1959 
behavior 1 1665 
dependent 2 1764 1765 
john 1 1805 
ogden-like 1 1707 
drawing 4 1603 1604 1605 1606 
auml 1 1795 
synchronised 3 4984 16792 16793 
continuous-time 2 1791 1792 
snapshots 2 1875 1876 
preferences 3 1938 2548 2549 
classes 3 1580 1581 1582 
join 2 1814 7220 
vdt 4 3115 3112 3113 3114 
specifications 5 1568 1644 1645 1718 1719 
electronic 15 1938 2520 2521 2549 2633 2634 2635 2956 2109 2705 2965 2983 2512 3301 3302 
standards 2 2109 2687 
compensation 4 1947 1948 1949 1950 
new 6 1661 1662 1947 1948 1949 1950 
including 6 1948 1949 1950 2780 2868 2869 
time-based 4 3115 3112 3113 3114 
testing 1 1768 
having 5 1896 2836 2837 2838 2839 
sizes 2 1924 1925 
transactions 1 1710 
tilewise 2 1869 1870 
basis 3 1916 1917 1918 
distributed 9 1639 1718 1719 1729 2137 3189 3190 3191 3344 
parsers 1 1694 
lcd 5 1908 1909 2989 2109 2687 
ctmdps 2 1791 1792 
polyaniline 4 1926 1927 1928 1929 
bounce 3 2512 2510 2511 
usability 2 2957 4403 
software 1 1693 
band 5 1911 1912 1913 1914 1915 
terminal 3 2633 2982 2983 
priority 2 1747 1748 
composition 5 1620 1621 1718 1719 1723 
pda 3 1938 1941 2073 
processing 2 1869 1870 
motion 7 1764 1765 2109 2107 2108 1968 2114 
one-write 3 1591 1592 1593 
processes 1 1617 
vital 1 1749 
display 87 1896 2836 2837 2838 2839 1916 1917 1918 1926 1927 1928 1929 1937 1938 1939 1940 1941 1942 1943 2549 2633 2634 2956 2109 2957 2982 2983 3115 1944 1945 1946 2016 2899 2900 2901 2902 2903 1981 1982 1983 1984 1985 2173 2174 2229 2197 2196 2180 2181 2182 3099 2198 2199 3198 3199 3200 2136 2137 3285 2134 2132 2133 2135 3189 3190 3191 3344 1990 2093 2094 2095 2096 2097 2098 2099 2100 2101 2102 2332 2333 2334 2335 2960 3350 3351 3352 3353 
e-books 3 1944 1946 2016 
code 3 1679 1699 1700 
waveform 11 1981 1982 1983 1984 1985 2173 2229 2181 3099 2198 2199 
einer 1 1701 
bounds 1 1742 
factors 3 1908 2071 2072 
column 1 1741 
radiologists 7 1937 1938 1939 1940 1941 1942 1943 
fast 2 1831 1832 
survivability 1 1692 
van 1 1713 
powder 8 1985 2173 2197 2196 2199 3198 3199 3200 
remarks 2 1805 1840 
analysis 15 1570 1827 1828 1829 1919 1920 2786 1953 3126 1990 2960 3350 3351 3352 3353 
perceived 3 1944 1945 1946 
pushdowen 2 1793 1794 
business 3 1765 6843 6844 
atomic 3 1591 1592 1593 
response 3 2633 2982 2983 
lag 6 1981 1982 1983 1985 2173 2174 
phenylene 6 1902 1903 1904 1905 2694 2695 
statements 1 1812 
semanol 3 1714 1715 1716 
rational 1 1707 
packing 1 1732 
recognizable 1 1639 
sites 2 2957 4403 
injection 2 1906 1907 
semantic 3 1618 1619 1691 
variance 1 1583 
compilation 1 1691 
time-bounded 2 1791 1792 
trifl 3 1852 1853 1854 
navigator 3 1908 1909 1910 
source 4 2633 2635 2983 2512 
relations 8 1580 1581 1582 1734 1848 1849 1850 1851 
java 2 4985 12896 
icons 3 1921 1922 1923 
attributes 3 1733 2957 4403 
assessment 3 2109 2705 2704 
graphs 2 1589 1819 
generalized 1 1673 
prepolymers 6 1896 1897 1898 1899 1900 1901 
layers 11 1896 1897 1899 1900 2117 2118 2119 2836 2837 2838 2839 
refined 2 1783 1784 
szlig 1 1795 
layered 2 1810 1811 
rewrite 2 1618 1619 
languages 10 1568 1587 1588 1639 1714 1715 1716 1717 1742 1769 
improved 5 1911 1912 1913 1914 1915 
he-ne-xe 4 2199 3082 3083 3084 
constructing 1 1590 
subtypes 1 1681 
diagnostic 7 1937 1938 1939 1940 1941 1942 1943 
support 4 1908 2643 5460 4984 
adaptive 2 1953 3126 
job 2 1747 1748 
distribution 8 1639 1673 1981 1982 1983 1985 2173 2174 
verification 1 1679 
abstraction 3 1814 1815 1816 
spacers 5 1896 2836 2837 2838 2839 
heuristic 2 1699 1700 
cathode 5 2137 3189 3190 3191 3344 
binary 7 1576 1590 1635 1682 1683 1836 1837 
polygonal 4 1892 1893 1894 1895 
electro-optical 6 1896 1897 1898 1899 1900 1901 
distance 4 1877 1878 1879 1880 
subscribe 3 1862 18322 18323 
eacute 4 1720 1757 1758 1773 
encoding 1 1825 
hierarchy 1 1742 
products 3 1968 4984 4985 
note 1 1785 
analyse 2 1757 1758 
satisfying 1 1710 
editorial 3 1792 1830 1990 
gallery 6 1946 2899 2900 2901 2902 2903 
green 5 1911 1912 1913 1914 1915 
legible 4 2549 2956 2109 2957 
perdurant 3 1814 6692 6693 
mura 5 2109 2687 1970 1971 1972 
dtimef 2 1738 1739 
dioxide 3 2512 2510 2511 
centralis 2 1757 1758 
bi-criterion 3 1788 1789 1790 
reasoning 2 1644 1645 
improvement 4 1982 1985 2173 2196 
method 18 1913 10768 10769 10770 10771 1981 1982 1983 1984 1985 2197 2136 2137 3285 2134 3189 3190 3191 
efficiency 5 1911 1912 1913 1914 1915 
aliasing 2 1724 1725 
speedup 2 1661 1662 
nonterminal 1 1742 
single 15 1666 1981 1983 1985 2173 2197 2196 2199 3198 3199 3200 2136 2137 3285 2134 
bi-component 6 1896 1897 1898 1899 1900 1901 
snap 4 1855 1856 1857 1858 
difficulty 2 2643 2644 
neighbor 3 1862 1863 1864 
type 6 1948 1949 1950 2780 2868 2869 
algebraic 1 1681 
iteration 1 1707 
related 3 1908 2071 2072 
angles 3 1908 2071 2072 
mems-based 1 1990 
hyperedge 1 1717 
action 2 1968 2355 
applications 11 1990 2093 2094 2095 2096 2097 2098 2099 2100 2101 2102 
photonic 11 1990 2093 2094 2095 2096 2097 2098 2099 2100 2101 2102 
langages 1 1720 
area-preserving 4 1892 1893 1894 1895 
inefficiency 4 1668 1669 1670 1671 
damage 2 1919 1920 
analyzer 1 1698 
depth 3 1944 1945 1946 
high-xe 11 1985 2173 2197 2196 2181 3099 2198 2199 3198 3199 3200 
restore 4 1855 1856 1857 1858 
hybrid 8 1904 1905 2694 2695 1953 3126 3283 3284 
impurity 3 1754 1755 1756 
panel 16 1981 1983 1984 1985 2173 2197 2180 2181 2182 2136 2137 3285 2134 2132 2133 2135 
all-p-type 4 1947 1948 1949 1950 
resolution 10 1951 1952 1953 1954 1981 1982 1983 1984 1985 2229 
requirements 1 1583 
silicon 10 1896 1897 1899 1900 2117 2118 2119 2512 2510 2511 
bipolar 6 1985 2173 2181 3099 2198 2199 
corresponding 1 1769 
compute 1 1691 
boundary-labeling 3 1845 1846 1847 
algebras 2 1831 1832 
emulator 2 1682 1683 
problem 6 1639 1788 1789 1790 1793 1794 
generating 2 1875 1876 
interface 6 1919 1920 2786 2109 2107 2108 
database 1 1692 
grammar 4 1733 1796 1797 1798 
boxed 1 1825 
implementation 7 1827 1828 1829 1951 1952 1953 1954 
registers 3 1591 1592 1593 
thiophene-terminated 4 1902 1903 1904 1905 
in-place 3 1827 1828 1829 
subscriber 3 1862 18322 18323 
energy 4 1981 1983 1985 2197 
technique 1 1753 
rations 1 1773 
treatment 16 2549 2956 2109 2705 2965 2512 2510 2511 1985 2173 2197 2196 2199 3198 3199 3200 
countries 2 4403 14364 
production 6 1819 1913 10768 10769 10770 10771 
small-sized 3 1944 1946 2016 
concurrent 2 1968 2114 
movements 2 1968 2114 
boolean 4 1676 1677 1678 1680 
copy 3 1944 1946 2016 
variables 1 1597 
structures 2 1919 1920 
suppression 4 1982 1985 2173 2196 
interline 4 2633 2635 2983 2512 
minimum-delay 2 1810 1811 
modell 1 1701 
spectral 5 1960 1961 1962 1963 1964 
diagramme 1 1795 
encapsulation 2 1906 1907 
complex 2 1875 1876 
sort 3 1827 1828 1829 
minimum 5 1749 2549 2956 2109 2957 
lcd-tv 3 2109 2705 2704 
lengths 2 1775 1776 
partial-predicate 1 1663 
transformationen 1 1795 
wijngaarden 1 1713 
data-parallel 2 1814 7220 
publish 3 1862 18322 18323 
correctness 1 1691 
multirow 3 1845 1846 1847 
diffusion 4 4403 14363 14364 14365 
light-emitting 5 1911 1912 1913 1914 1915 
learning 5 1711 1712 1788 1789 1790 
e-reader 3 1908 1909 2989 
young 3 1938 2520 2521 
material 8 1911 1912 1913 1914 1915 1919 1920 2786 
medium 7 1937 1938 1939 1940 1941 1942 1943 
distinguishing 1 1617 
assignment 3 1862 18322 18323 
oxide 10 1896 1897 1899 1900 2117 2118 2119 1919 1920 2786 
lighting 7 2549 2633 2634 2635 2512 3301 3302 
cog 3 1970 1971 1972 
biased 7 1983 1984 1985 2173 2180 2181 2182 
multiway 2 1814 7220 
gestion 2 1757 1758 
arbitrary 2 1831 1832 
vertical 10 1990 2332 2333 2334 2335 2960 3350 3351 3352 3353 
grids 3 1862 1863 1864 
microcalcification 7 1937 1938 1939 1940 1941 1942 1943 
co-oligomers 4 1904 1905 2694 2695 
emission 4 1902 1903 1904 1905 
anti-glare 5 2549 2956 2109 2705 2965 
ambient 17 1938 2520 2521 2548 2549 2633 2635 2956 2109 2957 2705 2965 2983 2512 1944 1945 1946 
science 1 1663 
saccade 3 1957 1958 1959 
drawings 4 1691 2619 2620 2621 
practical 1 1713 
matrices 1 1741 
radiance 5 1960 1961 1962 1963 1964 
two-level 1 1770 
eliminating 3 2512 2510 2511 
extendes 2 1793 1794 
gpu 3 1862 1863 1864 
presented 3 2633 2982 2983 
shared 2 1718 1719 
control 4 1791 1792 1968 1969 
schedules 2 1810 1811 
localize 2 1783 1784 
ouml 1 1701 
condition 7 1896 1897 1899 1900 2117 2118 2119 
burs 2 1699 1700 
differing 7 1937 1938 1939 1940 1941 1942 1943 
surfaces 4 1691 2619 2620 2621 
extraction 5 1981 1982 1983 1984 1985 
cost 4 1676 7317 1869 1870 
bifid 1 1720 
electrode 4 2137 3189 3190 3191 
recognizing 2 2643 2644 
two-stack 3 1919 1920 2786 
navigation 3 1908 1909 1910 
early 2 4403 14364 
world-referenced 2 1968 2114 
mouse 3 1908 1909 1910 
estimation 4 1848 1849 1850 1851 
www 3 4984 16792 16793 
stability 5 1911 1912 1913 1914 1915 
regions 2 1875 1876 
iptv 4 4403 14363 14364 14365 
indirect 2 4403 14364 
cliques 1 1589 
long-duration 3 2634 3301 3302 
e-paper 3 1938 2548 2549 
performance 32 1760 1813 1937 1938 1939 1940 1941 1942 1943 2073 2520 2521 2548 2549 2633 2634 2635 2983 2512 3301 3302 1946 2899 2900 2901 2902 2903 1953 3126 4984 16792 16793 
polarity 4 2633 2634 2635 2512 
illumination 13 2549 2633 2635 2956 2109 2957 2705 2965 2983 2512 1944 1945 1946 
multiple 2 2109 2687 
profile 3 1814 6692 6693 
plasma 26 1981 1982 1983 1984 1985 2173 2174 2229 2197 2196 2180 2181 2182 3099 2198 2199 3198 3199 3200 2136 2137 3285 2134 2132 2133 2135 
regular 3 1591 1592 1593 
primitives 1 1626 
extended 1 1626 
bending 9 1938 2520 2521 2548 2549 2956 2109 2705 2965 
defects 6 1990 2960 3350 3351 3352 3353 
general 3 1599 1600 1726 
non-real-time 2 1793 1794 
threshold 3 1908 2071 2072 
unit 5 2137 3189 3190 3191 3344 
charge 16 1902 1903 1904 1905 1981 1982 1983 1985 2173 2174 2197 2196 2198 2199 2136 2137 
effect 35 1896 1897 1898 1899 1900 1901 2117 2118 2119 1937 1938 1939 1940 1941 1942 1943 2549 2633 2634 2635 2983 2512 1944 1945 1946 1968 2114 1985 2173 2197 2196 2199 3198 3199 3200 
sensory 3 1965 1966 1967 
trajectory 3 1852 1853 1854 
device 3 1916 1917 1918 
scan 13 1948 1949 1950 2780 2868 2869 1983 1984 1985 2173 2180 2181 2182 
performances 1 1590 
high 16 1948 1949 1950 2776 2777 2778 2779 2780 1981 1982 1983 1984 1985 2173 2229 2196 
clause 1 1691 
competition 2 4403 14364 
surface 22 1869 1870 1896 1897 1899 1900 2117 2118 2119 2549 2956 2109 2705 2965 1985 2173 2197 2196 2199 3198 3199 3200 
polarizer 3 1990 1991 1992 
mechanism 7 1619 1646 1647 1648 1814 1815 1816 
extensions 1 1693 
uml 3 1814 6692 6693 
lamps 5 2137 3189 3190 3191 3344 
hierarchical 1 1564 
unifying 2 1718 1719 
invariant 1 1840 
interlocking 3 1814 6692 6693 
sustain 8 1981 1983 1985 2197 2136 2137 3285 2134 
tree 5 1590 1635 1749 1836 1837 
represented 3 1908 2071 2072 
drive 19 1981 1982 1983 1984 1985 2173 2229 2197 2181 3099 2198 2199 2136 2137 3285 2134 2132 2133 2135 
typing 2 1783 1784 
expressiveness 1 1617 
strategies 2 1968 1969 
games 2 1791 1792 
platform 7 4403 14364 1968 4984 4985 16792 16793 
diophantine 2 1599 1600 
single-machine 3 1788 1789 1790 
obstacles 2 1764 1765 
ell 5 1619 1646 1647 1648 1740 
greedy 2 1676 7317 
random 6 1673 1676 1677 1678 1814 7220 
deriving 1 1819 
operational 1 1760 
typability 1 1731 
goal 2 1968 1969 
curtain 3 1970 1971 1972 
solid 4 1926 1927 1928 1929 
tfts 11 1947 1948 1949 1950 2776 2777 2778 2779 2780 2868 2869 
recurrence 1 1721 
visual 32 1908 1909 2989 1924 1925 1938 2520 2521 2548 2549 2633 2634 2635 2956 2109 2705 2965 2982 2983 2512 3115 3301 3302 3112 3113 3114 1965 1966 1967 1968 1969 2355 
planning 2 1764 1765 
une 2 1757 1758 
combination 6 1908 2643 5460 2633 2982 2983 
ranking 3 1730 2109 2687 
thin-film-transistor 3 1990 1991 1992 
cells 4 1733 2512 2510 2511 
pixel 4 1947 1948 1949 1950 
complexity 15 1580 1581 1582 1603 1604 1605 1606 1710 1711 1712 1717 1731 1840 2643 2644 
power-efficient 6 2136 2137 2134 2132 2133 2135 
line 4 1691 2619 2620 2621 
goto 1 1812 
techniques 3 1908 1909 1910 
according 9 1747 1748 1937 1938 1939 1940 1941 1942 1943 
optimized 3 1916 1917 1918 
transport 4 1902 1903 1904 1905 
low-power 6 1948 1949 1950 2780 2868 2869 
proc 2 1757 1758 
lemma 1 1707 
module 6 1948 1949 1950 2780 2868 2869 
robust 4 1855 1856 1857 1858 
applying 3 1819 2643 2644 
observation 3 1908 2071 2072 
meshes 1 1730 
les 1 1720 
egrave 3 1720 1757 1758 
characteristics 4 2199 3082 3083 3084 
undecidability 1 1721 
subdivisions 4 1892 1893 1894 1895 
framework 4 1726 2109 2705 2704 
process 3 1970 1971 1972 
back-light 5 2137 3189 3190 3191 3344 
led 3 1965 1966 1967 
databases 4 1710 1754 1755 1756 
compiler 1 1691 
polyvariant 1 1698 
binary-search 2 1814 7220 
patterned 5 1896 2836 2837 2838 2839 
reading 9 2643 2644 2634 3115 3301 3302 1944 1946 2016 
subjects 3 1938 2548 2549 
nlc 1 1742 
function 7 1916 1917 1918 1951 1952 1953 1954 
scheduling 6 1703 1747 1748 1788 1789 1790 
mass 2 2643 2644 
cold 5 2137 3189 3190 3191 3344 
single-line 2 2634 3115 
algorithms 8 1591 1592 1593 1805 1813 1845 1846 1847 
head 2 1968 2114 
ultraviolet 5 1896 2836 2837 2838 2839 
decision-making 3 1908 2643 5460 
gate 11 1919 1920 2786 1948 1949 1950 2776 2777 2778 2779 2780 
picture 4 1982 1985 2173 2196 
path-based 4 1877 1878 1879 1880 
sputtered 3 2512 2510 2511 
derivation 1 1769 
formal 8 1568 1587 1588 1694 1699 1700 1799 1800 
cognitive 2 2643 2644 
presentation 2 2634 3115 
floating 5 2197 2136 2137 3285 2134 
color-concept 2 1955 1956 
interruptions 1 1666 
output 6 1948 1949 1950 2780 2868 2869 
media 5 1765 6843 6844 1953 3126 
parser 5 1619 1646 1647 1648 1740 
characters 2 2643 2644 
generic 6 1852 1853 1854 1968 4984 4985 
exposure 3 2633 2982 2983 
alignment 24 1896 1897 1899 1900 2117 2118 2119 2836 2837 2838 2839 2512 2510 2511 1990 2332 2333 2334 2335 2960 3350 3351 3352 3353 
phosphor 8 1985 2173 2197 2196 2199 3198 3199 3200 
paper 10 1938 2520 2521 2633 2634 2635 2983 2512 3301 3302 
issue 5 1792 1830 1968 2355 1990 
ein 1 1701 
state 4 1926 1927 1928 1929 
convert 2 4985 12896 
attribute 2 1723 1733 
navigational 3 1908 1909 1910 
spacing 4 2633 2635 2983 2512 
solution 2 1599 1600 
evaluation 5 1564 1723 1965 1966 1967 
prepaging 1 1665 
variable-sized 1 1732 
finding 1 1749 
mammogram 7 1937 1938 1939 1940 1941 1942 1943 
izo 10 1948 1949 1950 2776 2777 2778 2779 2780 2868 2869 
definition 2 1799 1800 
tft-tn 3 1970 1971 1972 
context-free 5 1769 1796 1797 1798 1840 
tasks 4 1703 2634 3301 3302 
dependence 3 1919 1920 2786 
addition 4 2199 3082 3083 3084 
transistors 2 1919 1920 
wide-area 3 1862 18322 18323 
address 6 1981 1982 1983 1985 2173 2174 
maps 3 1908 1909 1910 
ac-dc 6 1948 1949 1950 2780 2868 2869 
equational 1 1643 
facing 4 1982 1985 2173 2196 
special 5 1792 1830 1968 2355 1990 
fundamental 1 1760 
group 3 1796 1797 1798 
user 8 2957 4403 1946 2899 2900 2901 2902 2903 
storage 5 1583 1733 1852 1853 1854 
formula 2 1661 1662 
using 28 1599 1600 1744 1745 1775 1776 1848 1849 1850 1851 1862 1863 1864 1919 1920 2786 1924 1925 1938 2520 2521 2634 3301 3302 1951 1952 1953 1954 
controlling 4 2137 3189 3190 3191 
predicate 3 1620 1621 1753 
covering 5 1589 1668 1669 1670 1671 
preface 2 1968 2355 
electronic-paper 4 2549 2956 2109 2957 
free 3 1589 1783 1784 
acrylate 6 1896 1897 1898 1899 1900 1901 
search 4 1699 1700 1836 1837 
e-commerce 2 2957 4403 
laws 1 1760 
projections 2 1576 1741 
sorting 1 1805 
color-combinations 3 1938 2548 2549 
discharge 15 1981 1982 1983 1985 2173 2174 2197 2196 2199 3198 3199 3200 3082 3083 3084 
direct-touch 3 1908 1909 1910 
nondeterministic 5 1580 1581 1582 1644 1645 
quivalente 1 1795 
long-gap 6 1985 2173 2181 3099 2198 2199 
multivalued 3 1591 1592 1593 
homeotropic 3 2512 2510 2511 
moving 2 1875 1876 
optimization 3 2109 2107 2108 
image 14 1946 2899 2900 2901 2902 2903 1968 2114 2197 2196 2198 2199 2136 2137 
hd 4 1951 1952 1953 1954 
number 1 1742 
dependability 1 1564 
effects 22 1938 1941 2073 2520 2521 2548 2549 2956 2109 2957 2705 2965 3115 4403 3112 3113 3114 14364 2199 3082 3083 3084 
papers 8 2549 2633 2634 2635 2956 2109 2705 2965 
molecular 2 1990 2960 
blocking 2 1747 1748 
voltage 7 1983 1984 1985 2173 2180 2181 2182 
automata 3 1639 1793 1794 
view 2 1968 2114 
review 1 4984 
zinc 2 1919 1920 
thin-film 3 1919 1920 2786 
terranni 3 1862 1863 1864 
geometric 4 1855 1856 1857 1858 
execution 1 1813 
programming 5 1568 1643 1714 1715 1716 
domain 3 1814 6692 6693 
map 7 1877 1878 1879 1880 1908 1909 1910 
safe 2 1576 1825 
linear 4 1599 1600 1822 1823 
detecting 2 1676 7317 
sung 1 1701 
films 10 1896 1897 1899 1900 2117 2118 2119 2512 2510 2511 
web 5 1908 1909 1910 2957 4403 
background 5 1938 2548 2549 1955 1956 
et 3 1720 1757 1758 
elderly 3 1938 2520 2521 
es 2 1757 1758 
driving 4 1981 1983 1985 2197 
amoled 4 1947 1948 1949 1950 
phenomena 6 2197 2196 2198 2199 2136 2137 
indium-gallium-zinc 3 1919 1920 2786 
nanoscale 2 1990 2960 
accumulated 2 1869 1870 
rewriting 4 1629 1630 1631 1726 
light 4 2633 2635 2983 2512 
forced 2 1783 1784 
therory 2 1699 1700 
environments 3 2109 2107 2108 
instrumented 2 1906 1907 
equations 1 1721 
ontology 3 1814 6692 6693 
croissants 1 1720 
lens 2 1906 1907 
eeg 3 2633 2982 2983 
measurement 5 2109 2687 4984 16792 16793 
detection 3 1957 1958 1959 
maximum 2 1775 1776 
recursive 2 1673 1680 
illuminance 5 1938 2520 2521 2548 2549 
queries 3 1629 1630 1631 
phase 6 1896 1897 1898 1899 1900 1901 
wall 12 1981 1982 1983 1985 2173 2174 2197 2196 2198 2199 2136 2137 
mobile 9 1916 1917 1918 1946 2899 2900 2901 2902 2903 
ics 4 1951 1952 1953 1954 
modifiable 1 1597 
datasets 4 1855 1856 1857 1858 
typed 1 1825 
inter-layer 2 1953 3126 
transformers 3 1620 1621 1753 
approximating 2 1775 1776 
edges 1 1749 
apex 1 1742 
style 4 2633 2634 2635 2512 
multiplication 2 1831 1832 
nicely 4 1603 1604 1605 1606 
experience 7 1937 1938 1939 1940 1941 1942 1943 
types 4 1666 1681 1726 1751 
grammars 6 1680 1713 1723 1769 1770 1840 
deadlock 2 1747 1748 
sample 2 1924 1925 
termination 2 1618 1619 
terrain 4 1865 1866 1867 1868 
parallel 3 1718 1719 1813 
fibration 3 1814 1815 1816 
requirement 4 2549 2956 2109 2957 
uniform 7 1668 1669 1670 1671 1721 1738 1739 
speed 11 1921 1922 1923 1948 1949 1950 2776 2777 2778 2779 2780 
prediction 3 1665 1953 3126 
game 4 1668 1669 1670 1671 
memory 4 1865 1866 1867 1868 
perceiving 2 1968 2114 
message 2 1718 1719 
certaines 1 1773 
color 11 1908 1909 2989 2643 5460 1916 1917 1918 2633 2982 2983 
ac 19 1981 1982 1983 1984 1985 2173 2174 2229 2197 2196 2198 2199 3198 3199 3200 2136 2137 3285 2134 
approach 6 1618 1619 1620 1621 1718 1719 
numerical 1 1813 
nonlinear 1 1572 
turing 3 1580 1581 1582 
np 1 1701 
entropy 2 1775 1776 
first-order 1 1617 
street 4 1877 1878 1879 1880 
dspacef 2 1738 1739 
lifecycle 3 1968 4984 4985 
concurrency 2 1718 1719 
synthesis 3 1792 1830 1805 
programs 4 1570 1698 1833 1834 
screen 4 1908 1909 1910 2989 
structure 6 1919 1920 2786 1990 1991 1992 
op 1 1773 
channels 3 1765 6843 6844 
co-oligomer 4 1902 1903 1904 1905 
board 4 1981 1983 1985 2197 
flexible 9 1896 2836 2837 2838 2839 1926 1927 1928 1929 
donn 2 1757 1758 
gas 4 2199 3082 3083 3084 
operating 3 1938 1941 2073 
assumption-commitment 2 1718 1719 
measures 5 1587 1588 1754 1755 1756 
novel 15 1953 3126 3283 3284 1990 2093 2094 2095 2096 2097 2098 2099 2100 2101 2102 
optimisation 2 1757 1758 
gap 5 1911 1912 1913 1914 1915 
series 1 1707 
occupational 2 1955 1956 
ll 1 1713 
development 1 1729 
lr 2 1744 1745 
influence 12 1981 1982 1983 1985 2173 2174 2197 2196 2198 2199 2136 2137 
arbitration 1 1597 
stepwise 1 1729 
algorithm 20 1590 1599 1600 1732 1744 1745 1822 1823 1855 1856 1857 1858 1865 1866 1867 1868 1953 3126 3283 3284 
principle 2 1775 1776 
walks 3 1676 1677 1678 
equivalence 8 1629 1630 1631 1676 1677 1678 1793 1794 
fluorescent 5 2137 3189 3190 3191 3344 
dimming 4 2137 3189 3190 3191 
satur 1 1720 
curvature 9 1938 2520 2521 2548 2549 2956 2109 2705 2965 
characterizing 5 1960 1961 1962 1963 1964 
simultaneous 3 1580 1581 1582 
equilibria 4 1668 1669 1670 1671 
spatial 4 1848 1849 1850 1851 
interpolation 3 1862 1863 1864 
expressive 1 1565 
machines 9 1580 1581 1582 1668 1669 1670 1671 1814 7220 
wince 3 1938 1941 2073 
extension 2 1953 3126 
product 6 1908 2071 2072 2643 5460 4984 
nodes 1 1742 
design 20 1691 1908 2643 5460 2109 2957 2107 2108 4403 1948 1949 1950 2776 2777 2778 2779 2780 4984 16792 16793 
replacement 1 1717 
dure 2 1757 1758 
technology 4 1953 3126 3283 3284 
second 1 1751 
location 4 1848 1849 1850 1851 
multi-queue 1 1703 
reliability 1 1768 
category-theoretic 3 1814 1815 1816 
study 7 1908 1909 1910 2643 2644 1955 1956 
reprise 2 1757 1758 
studies 2 1924 1925 
fatigue 19 1908 1909 2989 2549 2633 2634 2635 2956 2109 2705 2965 2983 2512 3115 3301 3302 3112 3113 3114 
chinese 9 2643 2644 2634 2109 3115 2107 2108 1955 1956 
legibility 13 1908 1909 2989 2549 2633 2634 2635 2956 2109 2705 2965 2982 2983 
versatile 4 1981 1983 1985 2197 
partition 5 1960 1961 1962 1963 1964 
level 3 1944 1945 1946 
ind 1 1773 
syst 2 1757 1758 
age 3 1921 1922 1923 
sets 1 1576 
developing 13 2109 2687 1990 2093 2094 2095 2096 2097 2098 2099 2100 2101 2102 
investigation 3 1970 1971 1972 
switch-based 2 1990 2960 
machine 7 1668 1669 1670 1671 1694 1711 1712 
professional 7 1937 1938 1939 1940 1941 1942 1943 
content-based 3 1862 18322 18323 
comparison 7 1877 1878 1879 1880 1944 1946 2016 
textile 4 1926 1927 1928 1929 
liquid 50 1896 1897 1898 1899 1900 1901 2117 2118 2119 2836 2837 2838 2839 1906 1907 2512 2510 2511 1960 1961 1962 1963 1964 2137 3189 3190 3191 3344 1990 1991 1992 2093 2094 2095 2096 2097 2098 2099 2100 2101 2102 2332 2333 2334 2335 2960 3350 3351 3352 3353 
matching 5 1913 10768 10769 10770 10771 
permanent 2 1747 1748 
surjective 1 1741 
issues 4 1711 1712 1968 2355 
quicksort 1 1570 
positiven 1 1701 
menu-design 3 1938 1941 2073 
concept 2 2643 2644 
jnds 2 2109 2687 
uuml 1 1795 
theory 5 1565 1572 1694 1751 1768 
strictness 2 1783 1784 
rounding 4 1855 1856 1857 1858 
improve 5 1990 2332 2333 2334 2335 
enhanced 9 1908 1909 1910 1946 2899 2900 2901 2902 2903 
customized 3 1908 2643 5460 
network 2 4403 14364 
selected 3 1676 1677 1678 
radial 3 1916 1917 1918 
panels 22 1970 1971 1972 1981 1982 1983 1984 1985 2173 2174 2229 2197 2196 2181 3099 2198 2199 3198 3199 3200 2136 2137 
considerations 4 1788 1789 1790 1813 
etch-back 2 1919 1920 
scalable 4 1953 3126 3283 3284 
deciding 1 1731 
layout 2 1682 1683 
generator 5 1619 1646 1647 1648 1740 
mixed 2 1666 1698 
various 6 1938 2548 2549 2634 3301 3302 
driver 10 1948 1949 1950 2776 2777 2778 2779 2780 2868 2869 
abstract 1 1694 
application 13 1926 1927 1928 1929 1946 2899 2900 2901 2902 2903 1990 1991 1992 
electrochromic 4 1926 1927 1928 1929 
list 1 1730 
acf 3 1970 1971 1972 
productions 1 1742 
crystals 12 1896 1897 1898 1899 1900 1901 1902 1903 1904 1905 2694 2695 
merging 1 1693 
local 4 2137 3189 3190 3191 
utilizing 5 1911 1912 1913 1914 1915 
category-based 1 1643 
collaborative 1 4984 
characterization 5 1661 1662 1916 1917 1918 
lucid 1 1691 
optimal 5 1590 1682 1683 1791 1792 
sputtering 7 1896 1897 1899 1900 2117 2118 2119 
environment-based 4 3115 3112 3113 3114 
reachability 2 1791 1792 
piecewise 5 1960 1961 1962 1963 1964 
xe 8 1981 1982 1983 1984 1985 2173 2229 2196 
cell 5 1981 1982 1983 1984 1985 
constraints 2 1692 1710 
stacks 1 1565 
content 8 1981 1982 1983 1984 1985 2173 2229 2196 
pure 1 1785 
vlsi 2 1682 1683 
film-insert 2 1906 1907 
etch 2 1919 1920 
conversion 2 4985 12896 
common 1 1597 
bucket 3 1827 1828 1829 
data 9 1576 1751 1983 1984 1985 2173 2180 2181 2182 
near-to-eye 3 1944 1946 2016 
spanning 1 1749 
worlds 3 1814 6692 6693 
vs 3 1908 1909 1910 
personal 3 1765 6843 6844 
pendance 1 1773 
equation 2 1599 1600 
hard 3 1944 1946 2016 
paired 2 1924 1925 
gallium 2 1919 1920 
field 2 1968 2114 
relationship 2 1955 1956 
pattern 1 1572 
preference 10 1937 1938 1939 1940 1941 1942 1943 2073 2957 4403 
mixture 4 2199 3082 3083 3084 
blankinship 2 1599 1600 
variable 2 1718 1719 
respect 1 1749 
coding 6 1738 1739 1953 3126 3283 3284 
lattices 2 1711 1712 
relating 1 1617 
optical 3 2512 2510 2511 
queue 3 1666 1775 1776 
affects 3 1921 1922 1923 
simplification 4 1892 1893 1894 1895 
pebbles 1 1642 
robinson 2 1822 1823 
finite 2 1791 1792 
affected 3 1908 1909 2989 
transistor 3 1919 1920 2786 
networks 4 1676 7317 1810 1811 
index 3 1852 1853 1854 
text 8 1908 1909 2989 1938 2548 2549 2634 3115 
shvc 2 1953 3126 
association 2 1955 1956 
multi-domain 10 1990 2332 2333 2334 2335 2960 3350 3351 3352 3353 
relation 2 1738 1739 
logic 4 1643 1663 1724 1725 
size 9 1908 1909 2989 2549 2633 2634 2635 2983 2512 
palm 3 1938 1941 2073 
input 3 1908 1909 1910 
generated 1 1717 
comparative 3 1908 1909 1910 
ambients 1 1825 
natural 3 1862 1863 1864 
simulated 3 1938 2520 2521 
sub 5 1589 2199 3082 3083 3084 
model 17 1673 1908 2643 5460 1916 1917 1918 1960 1961 1962 1963 1964 2137 3189 3190 3191 3344 
perception 17 1691 2619 2620 2621 1921 1922 1923 1924 1925 1944 1945 1946 1965 1966 1967 1968 2355 
strings 2 2643 2644 
panorama 3 1845 1846 1847 
brics 2 4403 14364 
realistic 1 1568 
gate-insulator 3 1919 1920 2786 
complete 2 1682 1683 
crystalline 8 1985 2173 2197 2196 2199 3198 3199 3200 
real-time 2 1799 1800 
autostereoscopic 8 1944 1945 1946 2899 2900 2901 2902 2903 
modes 3 1908 1909 1910 
sticking 6 2197 2196 2198 2199 2136 2137 
svc 4 1953 3126 3283 3284 
viewshed 4 1865 1866 1867 1868 
icon 3 2633 2982 2983 
dry 2 1919 1920 
trace 1 1639 
web-based 1 4984 
descent 1 1680 
dans 2 1757 1758 
markov 2 1791 1792 
recovery 10 1619 1646 1647 1648 1919 1920 1981 1983 1985 2197 
units 2 1869 1870 
organic 5 1911 1912 1913 1914 1915 
tracking 3 1957 1958 1959 
pixel-isolated 6 1896 1897 1898 1899 1900 1901 
supporting 4 1951 1952 1953 1954 
service 4 1953 3126 3283 3284 
calculus 1 1734 
coupled 1 1723 
circuit 18 1947 1948 1949 1950 1981 1983 1985 2197 2136 2137 2134 2132 2133 2135 3189 3190 3191 3344 
server 1 1666 
cycles 2 1676 7317 
flash 3 1852 1853 1854 
aggregate 3 1629 1630 1631 
forte 1 1773 
comparisons 2 1924 1925 
prevention 2 1747 1748 
compression 2 1906 1907 
corrigendum 4 1603 1604 1605 1606 
rubbing 3 2512 2510 2511 
information 5 1814 1815 1816 2643 2644 
mgo 8 1985 2173 2197 2196 2199 3198 3199 3200 
problems 6 1676 1677 1678 1701 1738 1739 
form 2 1738 1739 
fair 1 1729 
black-white 1 1642 
ppxml 3 1968 4984 4985 
trees 8 1583 1603 1604 1605 1606 1673 1682 1683 
computation 7 1698 1865 1866 1867 1868 1869 1870 
language 7 1691 1694 1799 1800 1968 4984 4985 
des 1 1701 
examination 2 4403 14364 
cognizing 2 2643 2644 
v-t 5 1990 2332 2333 2334 2335 
mode 10 1951 1952 1953 1954 1990 2960 3350 3351 3352 3353 
character 9 1908 1909 2989 2549 2633 2634 2635 2983 2512 
indium 2 1919 1920 
command 2 1833 1834 
deterministic 2 1793 1794 
non-procedural 1 1691 
algebra 1 1731 
schematization 4 1892 1893 1894 1895 
mapreduce-based 5 1913 10768 10769 10770 10771 
smartphones 2 4403 14364 
restricted 1 1721 
semaphore 1 1626 
mit 1 1701 
associative 2 1814 7220 
crystal 48 1896 1897 1899 1900 2117 2118 2119 2836 2837 2838 2839 1906 1907 2512 2510 2511 1960 1961 1962 1963 1964 2137 3189 3190 3191 3344 1990 1991 1992 2093 2094 2095 2096 2097 2098 2099 2100 2101 2102 2332 2333 2334 2335 2960 3350 3351 3352 3353 
access 2 1814 7220 
embossed 5 1896 2836 2837 2838 2839 
relational 1 1731 
polynomials 2 1831 1832 
based 20 1568 1699 1700 1713 1753 1904 1905 2694 2695 1953 3126 3283 3284 1965 1966 1967 1982 1985 2173 2196 
perceptual 3 2109 2705 2704 
semi-automatic 2 4985 12896 
users 3 1938 1941 2073 
on-line 2 1589 1732 
oecd 2 4403 14364 
impact 2 1783 1784 
diodes 5 1911 1912 1913 1914 1915 
power 1 1707 
transformer 2 1620 1621 
reduction 7 1983 1984 1985 2173 2180 2181 2182 
repair 2 1744 1745 
unification 2 1822 1823 
molding 2 1906 1907 
systems 8 1564 1618 1619 1729 1812 1814 1815 1816 
alternating 3 1580 1581 1582 
work 4 3115 3112 3113 3114 
higher-order 2 1617 1681 
implication 3 1676 1677 1678 
encodements 1 1635 
font 4 2633 2634 2635 2512 
global 1 1733 
flu 1 1795 
class 5 1587 1588 1742 1793 1794 
property 13 1985 2173 2197 2196 2199 3198 3199 3200 1990 2332 2333 2334 2335 
modelling 3 1968 4984 4985 
properties 17 1691 1896 1897 1898 1899 1900 1901 2117 2118 2119 1902 1903 1904 1905 1919 1920 2786 
producing 4 1855 1856 1857 1858 
thiophene 6 1902 1903 1904 1905 2694 2695 
program 2 1665 1768 
crowdsourced 4 1848 1849 1850 1851 
subjective 13 1937 1938 1939 1940 1941 1942 1943 2073 2548 2549 1965 1966 1967 
conditional 2 1618 1619 
images 3 1845 1846 1847 
word 2 2643 2644 
passing 2 1718 1719 
prepared 7 1896 1897 1899 1900 2117 2118 2119 
efficient 13 1740 1827 1828 1829 1865 1866 1867 1868 1913 10768 10769 10770 10771 
cones 1 1720 
direction 3 1908 1909 2989 
employing 10 1948 1949 1950 2776 2777 2778 2779 2780 2868 2869 
displays 32 1906 1907 1938 2520 2521 2633 2634 2635 2983 2512 3301 3302 1947 1948 1949 1950 1960 1961 1962 1963 1964 1965 1966 1967 2137 3189 3190 3191 1990 1991 1992 2960 
parameter 5 1981 1982 1983 1984 1985 
graph 5 1589 1642 1717 1726 1742 
order 3 1644 1645 1751 
rule 7 1836 1837 1913 10768 10769 10770 10771 
metalanguage 3 1714 1715 1716 
parsing 3 1680 1713 1770 
deduction 1 1812 
graphics 2 1869 1870 
max-entropy 2 1836 1837 
film 3 1990 1991 1992 
theorems 2 1783 1784 
error 6 1619 1646 1647 1648 1744 1745 
separation 7 1642 1896 1897 1898 1899 1900 1901 
ac-pdp 4 2199 3082 3083 3084 
proving 4 1618 1619 1833 1834 
nearly 1 1590 
strategy 2 1676 7317 
processors 1 1813 
darlington 1 1805 
technologies 11 1990 2093 2094 2095 2096 2097 2098 2099 2100 2101 2102 
modularisation 1 1643 
multimedia 3 1944 1946 2016 
hevc 2 1953 3126 
cinema 4 1951 1952 1953 1954 
applied 2 1968 2355 
context 1 1734 
specification 5 1620 1621 1753 1833 1834 
coloring 1 1589 
negative 2 1676 7317 
