<Keyword> <No of vertices> <vertex1> <vertex2> .... <vertexN> 
need 4 7889 7890 7891 7892 
flocculation 2 7580 7581 
using 40 7634 7635 13134 13135 7636 7637 7638 8430 17037 7718 10448 10449 10450 7720 8155 8156 9170 7762 9015 7777 7778 7779 18537 18547 18548 18549 18094 7842 9547 9548 9549 9550 7916 7917 7918 7919 7990 7991 11280 11281 
communities 4 7723 11748 12381 12382 
party 1 8235 
free 5 7869 7870 7871 7872 7873 
time 7 10317 11939 7702 7961 7962 7963 7964 
materials 4 7889 7890 7891 7892 
threads 5 7861 7862 7863 7864 7865 
search 3 7790 7791 7792 
levels 4 7739 7740 7741 7742 
event 4 7961 7962 7963 7964 
protein 5 7791 7792 13158 13159 13160 
role 1 7576 
propagation 4 7961 7962 7963 7964 
generation 8 10237 11413 7685 7686 7687 7688 7720 12072 
objects 5 7683 8666 8005 8006 8007 
intelligence 7 7756 7933 7934 7935 7936 7937 7949 
clone 4 7990 7991 11280 11281 
patterns 2 10237 11413 
monitoring 3 7702 7720 9215 
timed 1 9015 
extensible 5 18537 18547 18548 18549 18094 
multidisciplinary 3 7886 7887 7888 
portfolio 4 7610 7611 7612 7613 
dynamical 3 7958 7959 7960 
multistage 4 7839 7840 7841 7842 
optimization 3 18537 7817 7818 
image 7 12072 12420 12421 7739 7740 7741 7742 
papers 2 7720 7721 
molecular 1 7756 
transmission 2 7608 7609 
partially-observable 1 7926 
biological 6 7509 10237 7889 7890 7891 7892 
scenario 3 7992 10920 10921 
fem 7 13408 13409 13410 13411 13412 13413 13414 
automata 9 7509 10317 10237 11413 11415 7851 7852 7853 7854 
quality 8 7542 7543 7544 7545 7546 7712 7713 7714 
inter-connectivity 3 7712 7713 7714 
view 2 7608 7609 
d-dimensional 2 10317 11939 
components 2 7762 9015 
big 10 7542 7543 7544 7545 7546 7780 7781 7782 7999 13127 
sympatix 4 7739 7740 7741 7742 
reconfiguration 2 7762 9015 
discovery 4 7509 10237 7720 9170 
reinforcement 1 7926 
gcel 2 7580 7581 
consisting 1 7655 
dynamic 15 7652 7653 7654 7702 7762 9015 7817 7818 9103 7926 13127 19818 18643 18644 18642 
knowledge 4 7723 11748 12381 12382 
quasi-random 1 7756 
ocean 4 7718 10448 10449 10450 
cubemat 1 7655 
handling 1 7920 
adaptively 3 7720 10896 10897 
execution 8 7720 10896 11872 7861 7862 7863 7864 7865 
training 1 7569 
programming 3 7923 7924 7957 
experiments 2 7775 7776 
rheology 1 7992 
planck 7 7676 7677 7678 7679 7680 7681 7682 
datacenters 3 7720 8155 8156 
domain 3 7992 10920 10921 
foundation 9 7699 10258 10259 10260 10261 10262 10263 10264 10265 
clustering 3 12072 12420 12421 
clouds 3 7949 11263 11264 
tags 10 7527 7528 7529 7530 7531 7532 7533 7534 7535 7536 
workload 2 7812 7813 
adoption 3 7949 11263 11264 
linear 3 7636 7637 7638 
prescribed 3 7874 7875 7876 
dissemination 4 7851 9497 9498 9499 
virtualization 3 7712 7713 7714 
web 16 7512 7513 7514 9927 9928 9929 7722 7723 7724 7725 7726 18537 18547 18548 18549 18094 
electronic 1 7683 
situated 3 11413 11415 11414 
solving 10 7693 7694 7695 7696 7697 7698 7699 7886 7887 7888 
register 2 7920 7921 
communication-efficient 1 7716 
new 5 7720 9215 8005 8006 8007 
chemistry 18 7771 7772 7773 7774 9227 9228 9229 9230 9231 9232 9233 9234 9235 9236 9237 9238 9239 9240 
sequence 10 7527 7528 7529 7530 7531 7532 7533 7534 7535 7536 
givens 2 7644 9216 
volume 2 7985 11056 
public 1 7576 
configuration 4 7762 9015 7923 7924 
telemedical 6 7783 11935 11936 11937 11938 8235 
grid-enabled 16 7693 7694 7695 7696 7697 7698 7699 8428 8429 8430 8431 8432 8433 8434 8435 8436 
bound 3 7791 7792 13229 
libraries 3 7930 7931 7932 
methods 8 7764 7765 7766 7817 7818 7992 10920 10921 
transactions 5 7861 7862 7863 7864 7865 
resources 3 7722 9734 9735 
ca 2 10317 11939 
computational 13 7750 7751 7791 7792 13158 13159 13160 13229 7886 7887 7888 7990 7991 
multi-start 3 7790 7791 7792 
designing 3 7569 7570 7571 
paradigm 7 8430 17037 7723 11747 11748 7762 9015 
consumption 5 7996 7997 7998 7999 8000 
multi-block 1 7819 
broadcast 2 7634 7635 
injecting 4 7851 9497 9498 9499 
distributed 20 7683 8666 7712 7713 7714 12072 12073 7777 18536 18537 18538 7877 7878 7879 7880 7985 11056 8005 8006 8007 
context-based 5 17460 17456 17457 17458 17459 
aware 3 7817 7818 9103 
architecture 13 18537 19851 19852 19853 7996 7997 7998 7999 8000 8001 8002 8003 8004 
completion 3 7874 7875 7876 
software 6 7511 7664 7665 7708 7709 7710 
phenomena 4 7509 10237 11413 11415 
theories 4 7889 7890 7891 7892 
power-awareness 4 7851 9497 9498 9499 
future 3 7720 12072 7949 
cowb 4 7723 11748 12381 12382 
reputation 2 7809 7810 
heuristics 4 7685 7686 7687 7688 
processing 9 7739 7740 7741 7742 7775 7776 7930 7931 7932 
perspective 3 7883 7884 7885 
ant 7 7720 9656 9657 7792 7965 7966 7967 
key 2 7783 8235 
climate 3 7722 9734 9735 
navier-stokes 1 7819 
refinder 5 17460 17456 17457 17458 17459 
processes 4 7509 10237 11413 11415 
establishment 1 7783 
automatic 1 7983 
protocols 3 7629 7630 7631 
stress 7 13408 13409 13410 13411 13412 13413 13414 
environments 5 7723 11747 11748 7855 7926 
far 7 13408 13409 13410 13411 13412 13413 13414 
code 4 7718 10448 10449 10450 
fam 4 7916 7917 7918 7919 
ontology 3 7722 9734 9735 
eeg 5 7783 11935 11936 11937 11938 
measurement 5 7783 7954 7956 10097 10098 
detection 4 7990 7991 11280 11281 
refinding 5 17460 17456 17457 17458 17459 
near 7 13408 13409 13410 13411 13412 13413 13414 
active 2 8430 17037 
queries 3 7512 7513 7514 
lightweight 2 7634 7635 
internet 9 7629 7630 7631 7783 8235 7916 7917 7918 7919 
provisioning 3 7712 7713 7714 
extending 3 7723 11747 11748 
mobile 5 7614 7615 7617 7618 12782 
heterogeneous 5 7717 7718 7817 7818 9103 
and-parallelism 2 7943 7944 
raw 4 7956 11542 11543 11544 
update 3 7629 7630 7631 
trusted 1 8235 
biosimgrid 10 7699 8428 8429 8430 8431 8432 8433 8434 8435 8436 
measure 1 7756 
semi-autonomous 3 7777 7778 7779 
datasets 3 7636 7637 7638 
thermo-visco-plastic 1 7992 
routing 3 7629 7630 7631 
resource-constrained 1 7926 
analysis 15 7699 8428 8429 8430 8431 8432 8433 8434 8435 8436 7783 11935 11936 11937 11938 
simulation 32 7509 10317 10237 11413 11415 7569 7570 7571 7580 7581 7699 8428 8429 8430 8431 8432 8433 8434 8435 8436 7783 7952 7953 7954 7955 7956 7893 11749 11750 11751 11752 11753 
business 8 7933 7934 7935 7936 7937 7949 11263 11264 
wireless 3 7817 7818 9103 
quantum 4 7771 7772 7773 7774 
integration 5 7869 7870 7871 7872 7873 
fuzzy 3 7512 7513 7514 
pilot 1 7783 
universal 4 7839 7840 7841 7842 
experience 3 7780 7781 7782 
matlab 7 7693 7694 7695 7696 7697 7698 7699 
voting 1 7683 
parallel 53 7508 7509 10237 11413 11415 7646 7647 7655 7685 7686 7687 7688 7716 7747 7771 7772 7773 7774 7775 7776 18537 7791 7792 13158 13159 13160 7965 7966 7967 12086 12087 12088 7851 7852 7853 7854 7893 12184 7923 7924 7957 7985 11056 13408 13409 13410 13411 13412 13413 13414 8005 8006 8007 
requirement 4 7990 7991 11280 11281 
society 1 7783 
communication 3 7717 7718 7855 
ttps 1 8235 
prediction 16 7608 7609 7791 7792 13158 13159 13160 7990 7991 11280 11281 7996 7997 7998 7999 8000 
semantic 10 7722 7723 7724 7725 7726 7933 7934 7935 7936 7937 
eca 2 8430 17037 
memory 7 7861 7862 7863 7864 7865 7985 11056 
securing 1 8235 
message 4 7771 7772 7773 7774 
source 3 7764 7765 7766 
mission 7 7676 7677 7678 7679 7680 7681 7682 
cooperative 3 7817 7818 9103 
e-science 3 7723 11747 11748 
approach 25 7512 7513 7514 8430 17037 7809 7810 7817 7818 9103 7869 7870 7871 7872 7873 7923 7924 7926 7943 7944 7957 7961 7962 7963 7964 
numerical 4 7893 12184 7992 13408 
ab 4 7771 7772 7773 7774 
ofdma 2 7817 7818 
growth 6 7783 7952 7953 7954 7955 7956 
jobs 2 7990 7991 
manager 3 7790 7791 7792 
inference 5 7747 7916 7917 7918 7919 
consolidated 2 7812 7813 
gener 1 7949 
reusable 2 7775 7776 
neural 4 7961 7962 7963 7964 
formalization 4 7777 18536 18537 18538 
nw 15 7774 9227 9228 9229 9230 9231 9232 9233 9234 9235 9236 9237 9238 9239 9240 
sensor 4 7851 9497 9498 9499 
visualization 17 7511 7783 7952 7953 7954 7955 7956 11542 11543 11544 7855 7930 7931 7932 7958 7959 7960 
improved 6 7809 7810 7916 7917 7918 7919 
caches 2 7664 7665 
replication 8 7614 7615 7616 7617 7618 7720 9656 10906 
chem 15 7774 9227 9228 9229 9230 9231 9232 9233 9234 9235 9236 9237 9238 9239 9240 
social 4 7512 9927 9928 9929 
simulations 3 7886 7887 7888 
meta-level 4 18537 19851 19852 19853 
federated 5 7842 9547 9548 9549 9550 
dbmss 3 18643 18644 18642 
commercial 5 7869 7870 7871 7872 7873 
programs 2 7943 7944 
structure 5 7791 7792 13158 13159 13160 
services 11 7512 7513 7514 9927 9928 9929 7565 7566 7567 7568 8235 
support 6 7636 7637 7638 7930 7931 7932 
adaptive 9 7634 7635 13134 13135 7646 7647 7817 7818 9103 
theorem 2 7508 7509 
job 8 7720 9656 9657 10175 10176 10906 7750 7751 
recommendation 9 7721 12845 12846 12847 12848 7916 7917 7918 7919 
gradient-based 1 7926 
duality 2 7508 7509 
reality 13 7783 7952 7953 7954 7955 7956 9937 9934 9935 9936 7984 7985 7986 
householder 2 7644 9216 
health 2 7576 8235 
distribution 3 7930 7931 7932 
tibidabo 5 7585 7586 7587 7588 7589 
component-oriented 1 7511 
epidemic 4 7851 9497 9498 9499 
type-level 3 18643 18644 18642 
enabling 11 7676 7677 7678 7679 7680 7681 7682 18094 18092 17460 18093 
branch 3 7791 7792 13229 
holds 2 7783 8235 
soa 3 7723 11747 11748 
heuristic 6 7790 7791 7792 12086 12087 12088 
simplified 6 7783 7952 7953 7954 7955 7956 
novel 3 7512 7513 7514 
different 1 7819 
expert 4 7777 7778 7779 7925 
virtual 22 7646 7647 7783 7952 7953 7954 7955 7956 11935 11936 11937 11938 13340 9937 9934 9935 9936 7812 7813 7984 7985 7986 
casein 2 7580 7581 
plant 1 7702 
accessing 3 7720 10896 10897 
series 4 7961 7962 7963 7964 
contextual 3 7817 7818 9103 
creation 1 7783 
evaluate 1 7756 
hardware 5 7861 7862 7863 7864 7865 
routed 5 7842 9547 9548 9549 9550 
europe 1 8235 
development 1 7925 
assistance 2 7664 7665 
pairwise 1 7716 
affective 3 7780 7781 7782 
predictability 1 7957 
constraint 4 7777 18536 18537 18538 
space 16 7676 7677 7678 7679 7680 7681 7682 7683 8666 18537 18547 18548 18549 18094 7968 7969 
decision 3 7636 7637 7638 
statistical 3 7883 7884 7885 
mesh-connected 3 7508 10317 10318 
algorithm 20 7509 10237 7720 8155 8156 9656 9657 18537 7791 7792 13158 13159 13160 13229 7957 12418 7961 7962 7963 7964 
inverse 3 7764 7765 7766 
eacute 1 7983 
tridiagonal 2 7957 12418 
clinical 2 8430 17037 
annealing-based 4 7685 7686 7687 7688 
poisonedwater 2 7809 7810 
water 3 7722 9734 9735 
mr 5 7783 7954 7956 10097 10098 
green 3 7720 8155 8156 
sequences 2 7509 10237 
machines 5 7646 7647 7747 7812 7813 
energy-efficient 3 7720 8155 8156 
prefetching 3 18643 18644 18642 
authoring 1 7511 
java-based 3 7708 7709 7710 
metrology-based 2 7760 7761 
classification 6 7636 7637 7638 12072 12420 12421 
computer-integrated 2 7993 7994 
self-gravitating 6 7893 11749 11750 11751 11752 11753 
method 3 7817 7818 9103 
earth 10 7699 10258 10259 10260 10261 10262 10263 10264 10265 7811 
efficiency 3 7708 7709 7710 
matchmaking 3 7512 7513 7514 
vectorization 1 7819 
manufacturing 2 7993 7994 
replacement 3 7652 7653 7654 
scalability 1 7957 
single 2 7683 8666 
technology 9 7720 12072 18537 18547 18548 18549 18094 7893 12184 
global-bus 3 7508 10317 10318 
conserved 10 7527 7528 7529 7530 7531 7532 7533 7534 7535 7536 
study 2 7817 7818 
segmentation 5 7783 7954 7956 10097 10098 
computing 42 7548 7549 7550 7551 7552 7553 7554 7576 7634 7635 7720 7721 9215 12072 12073 7771 7772 7773 7774 9227 9228 9229 9230 9231 9232 9233 9234 9235 9236 9237 9238 9239 9240 7869 7870 7871 7872 7873 7893 7949 11263 11264 
chromosome 3 12072 12420 12421 
iteration 2 7968 7969 
buffer 5 13127 19818 18643 18644 18642 
partitioning 8 7685 7686 7687 7688 7717 7718 7968 7969 
parallelise 4 7718 10448 10449 10450 
sets 6 7512 7513 7514 7930 7931 7932 
applications 7 7877 7878 7879 7880 7984 7985 7986 
medicine 7 7576 7783 13340 9937 9934 9935 9936 
biomedical 4 7723 11748 12381 12382 
parallelism 4 7889 7890 7891 7892 
biology 4 9937 9934 9935 9936 
live 2 7646 7647 
mesh 2 7717 7718 
cycle 1 7920 
challenges 2 7999 13127 
aphid 4 8001 8002 8003 8004 
frameworks 1 9015 
controlled 2 10237 11413 
odyss 1 7983 
opennebula 3 7790 7791 7792 
machine 6 7636 7637 7638 7652 7653 7654 
cambridge 4 7877 7878 7879 7880 
parallelization 1 7819 
solver 1 7819 
clusters 5 7842 9547 9548 9549 9550 
interference 7 7812 7813 7869 7870 7871 7872 7873 
hybrid 13 7777 7778 7779 7791 7792 13158 13159 13160 7996 7997 7998 7999 8000 
scale 7 13408 13409 13410 13411 13412 13413 13414 
mining 7 7883 7884 7885 8001 8002 8003 8004 
concept 3 8005 8006 8007 
theory 3 7764 7765 7766 
off-the-shelf 5 7869 7870 7871 7872 7873 
security 9 12072 12073 7760 7761 7783 8235 7949 11263 11264 
enhanced 3 7577 7578 7579 
network 5 7712 7713 7714 7760 7761 
real 4 7512 7513 7514 7702 
selected 2 7720 7721 
community-based 4 7512 9927 9928 9929 
scalable 5 18537 18547 18548 18549 18094 
induced 2 7580 7581 
speculative 5 7861 7862 7863 7864 7865 
grid 30 7676 7677 7678 7679 7680 7681 7682 7720 7721 9215 10175 10176 12072 12073 7791 7792 13158 13159 13160 7842 9547 9548 9549 9550 7877 7878 7879 7880 7990 7991 
marketplace 4 7565 7566 7567 7568 
abstract 3 7652 7653 7654 
peer 9 7614 7615 7616 7617 7618 7634 7635 13134 13135 
iq 1 7756 
application 11 11413 11415 11414 7610 7611 7612 7613 7646 7647 7760 7761 
standard 3 7708 7709 7710 
worst 3 7992 10920 10921 
task 3 7720 10896 11872 
resource 11 7646 7647 7720 9170 9215 10896 11872 7990 7991 11280 11281 
generating 4 7851 7852 7853 7854 
problem 25 7610 7611 7612 7613 7693 7694 7695 7696 7697 7698 7699 7777 18536 18537 18538 7792 7965 7966 7967 7886 7887 7888 8005 8006 8007 
pervasive 7 7720 7721 7869 7870 7871 7872 7873 
solvability 1 7992 
optimizing 4 7634 7635 13134 13135 
section 6 7720 7721 12072 12073 7992 13408 
rendering 2 7985 11056 
human 5 7956 11542 11543 11544 7855 
balanced 3 7720 9656 9657 
election 2 10317 11939 
identification 10 7527 7528 7529 7530 7531 7532 7533 7534 7535 7536 
implementation 16 7548 7549 7550 7551 7552 7553 7554 7693 7694 7695 7696 7697 7698 7699 7817 7818 
potentials 4 7956 11542 11543 11544 
local 3 7790 7791 7792 
energy 8 7790 7791 7792 7996 7997 7998 7999 8000 
smart 5 18537 18547 18548 18549 18094 
changes 10 7722 9734 9735 13408 13409 13410 13411 13412 13413 13414 
intelligent 4 18094 18092 17460 18093 
technique 7 7720 8155 8156 7990 7991 11280 11281 
qos 8 7614 7615 7616 7617 7618 7817 7818 9103 
non-uniform 3 11413 11415 11414 
collaborative 8 7722 7723 7724 7725 7726 11748 12381 12382 
orthonormal 2 7644 9216 
mpp 2 7580 7581 
flow 8 7548 7549 7550 7551 7552 7553 7554 7819 
eigenvalues 3 7874 7875 7876 
production 4 18537 19851 19852 19853 
bittorrent 4 7634 7635 13134 13135 
practices 4 18094 18092 17460 18093 
phenomenon 1 7756 
object-relational 3 18643 18644 18642 
decomposition 3 7992 10920 10921 
concurrent 2 7990 7991 
two-way 2 7957 12418 
asynchronous 1 9015 
opportunities 2 7999 13127 
elements 8 7869 7870 7871 7872 7873 8005 8006 8007 
structured 4 7565 7566 7567 7568 
international 2 7720 7721 
high-performance 19 7774 9227 9228 9229 9230 9231 9232 9233 9234 9235 9236 9237 9238 9239 9240 8001 8002 8003 8004 
windows 9 7699 10258 10259 10260 10261 10262 10263 10264 10265 
available 1 7683 
intermediate 4 7739 7740 7741 7742 
impacts 3 7722 9734 9735 
log 2 10317 11939 
hpc 9 7585 7586 7587 7588 7589 7610 7611 7612 7613 
pricing 1 7926 
models 5 7722 9734 9735 7893 12184 
teams 3 7777 7778 7779 
hypercube 1 7655 
biomolecular 10 7699 8428 8429 8430 8431 8432 8433 8434 8435 8436 
load 3 7577 7578 7579 
cloud-based 9 7721 12845 12846 12847 12848 7723 11748 12381 12382 
low 4 7739 7740 7741 7742 
deadline 3 7577 7578 7579 
trends 3 7684 7993 7994 
choice 4 7610 7611 7612 7613 
coordination 2 7762 9015 
data 61 7542 7543 7544 7545 7546 7548 7549 7550 7551 7552 7553 7554 7664 7665 8666 7699 8428 8429 8430 8431 8432 8433 8434 8435 8436 7712 7713 7714 7720 9656 10896 10897 10906 7780 7781 7782 7783 7954 7956 10097 10098 11542 11543 11544 7883 7884 7885 7930 7931 7932 7933 7934 7935 7936 7937 7999 13127 8001 8002 8003 8004 
use 5 7542 7543 7544 7545 7546 
guideline 2 8430 17037 
vr 3 7783 13340 9937 
elimination 1 7716 
platforms 5 7721 12845 12846 12847 12848 
running 2 7990 7991 
digital 5 7721 12845 12846 12847 12848 
continuation 2 7644 7645 
computer-based 2 8430 17037 
scenarios 3 7722 9734 9735 
numbers 4 7851 7852 7853 7854 
loop-free 3 7629 7630 7631 
dynamics 2 7580 7581 
dna 7 7548 7549 7550 7551 7552 7553 7554 
dymos 1 7702 
multi-criteria 4 7839 7840 7841 7842 
micelles 2 7580 7581 
compiling 2 7943 7944 
dht-based 2 7634 7635 
transactional 5 7861 7862 7863 7864 7865 
payment 1 8235 
matrix 3 7874 7875 7876 
factor 4 7839 7840 7841 7842 
non-functional 3 7512 7513 7514 
learning 12 7569 7570 7571 18537 18547 18548 18549 18094 18092 17460 18093 7926 
interoperability 3 7722 9734 9735 
fault 1 7702 
stochastic 2 10237 11413 
selection 7 7634 7635 13134 13135 7817 7818 9103 
biometrics 1 8235 
fitting 3 7720 10896 11872 
supervised 3 12072 12420 12421 
field 7 13408 13409 13410 13411 13412 13413 13414 
security-aware 2 7750 7751 
assignment 12 7629 7630 7631 7790 7791 7792 7965 7966 7967 12086 12087 12088 
micro-world 1 7569 
pattern 5 7509 10237 18643 18644 18642 
brownian 2 7580 7581 
practice 2 8430 17037 
modeling 8 7764 7765 7766 7780 7781 7782 7999 13127 
tv 5 7721 12845 12846 12847 12848 
world 12 7512 7513 7514 18094 18092 17460 18093 7783 11935 11936 11937 11938 
optical 5 7842 9547 9548 9549 9550 
arbitrary 4 7565 7566 7567 7568 
grids 15 7720 9170 9656 9657 10896 10897 10906 7750 7751 7791 7792 13229 7886 7887 7888 
instructions 1 7920 
manifold 2 7762 7763 
emergency 1 7569 
selecting 3 7720 10896 11872 
ambient 4 18094 18092 17460 18093 
finite 3 8005 8006 8007 
colonies 4 7792 7965 7966 7967 
architectures 8 7508 10317 10318 8666 7708 7709 7710 7819 
exploiting 2 7943 7944 
parsytec 2 7580 7581 
vitro 6 7783 7952 7953 7954 7955 7956 
quadratic 4 7792 7965 7966 7967 
care 1 8235 
st 1 7783 
parameters 3 7764 7765 7766 
connections 1 7655 
conference 2 7720 7721 
shared 2 7985 11056 
networks 26 7614 7615 7616 7617 7618 12782 7717 7718 7809 7810 7839 7840 7841 7842 9547 9548 9549 9550 7851 9497 9498 9499 7961 7962 7963 7964 
cellular 10 7509 10317 10237 11413 11415 11414 7851 7852 7853 7854 
control 7 7577 7578 7579 18537 19851 19852 19853 
enabled 3 7712 7713 7714 
high-quality 4 7851 7852 7853 7854 
bitmap 2 7720 9170 
sensitivity 3 7764 7765 7766 
electric 4 7956 11542 11543 11544 
agriculture 3 7722 9734 9735 
friction 1 7992 
extraction 4 7961 7962 7963 7964 
imaging 8 7783 7954 7956 10097 10098 11542 11543 11544 
workflow 9 7699 10258 10259 10260 10261 10262 10263 10264 10265 
logic 2 7943 7944 
prolog 1 8666 
navigation 2 7608 7609 
comparative 2 7817 7818 
case 5 7585 7586 7587 7588 7589 
utility-based 1 7926 
mimd-multicomputers 2 7893 12184 
model 22 7509 10237 11413 11415 7542 7543 7544 7545 7546 7652 7653 7654 7655 7756 7783 7952 7953 7954 7955 7956 7812 7813 
weight 3 7629 7630 7631 
estimation 3 7764 7765 7766 
www 8 7783 7954 7956 10097 10098 11542 11543 11544 
portability 3 7775 7776 7957 
interconnection 5 7655 7839 7840 7841 7842 
large-scale 12 7634 7635 7683 7750 7751 7877 7878 7879 7880 7984 7985 7986 
appears 1 7925 
exploratory 1 7511 
performance 21 7527 7528 7529 7530 7531 7532 7533 7534 7535 7536 7576 7634 7635 13134 13135 7817 7818 7839 7840 7841 7842 
servers 3 7720 10896 10897 
allocation 5 13127 19818 18643 18644 18642 
compatible 4 7956 11542 11543 11544 
isa 1 7920 
instruction 2 7920 7921 
rocks 7 13408 13409 13410 13411 13412 13413 13414 
multiple 2 7990 7991 
formation 3 7777 7778 7779 
microelectronics 1 7684 
differentiation 1 7983 
icot 1 7747 
web-based 4 7569 7570 7571 7783 
principles 1 9015 
manipulation 4 7956 11542 11543 11544 
general 4 7771 7772 7773 7774 
recovery 3 7722 9734 9735 
supporting 8 11413 11415 11414 7723 11748 12381 12382 7855 
genetic 9 7685 7686 7687 7688 7791 7792 13158 13159 13160 
remapping 2 7646 7647 
infrastructures 2 7634 7635 
service 30 7527 7528 7529 7530 7531 7532 7533 7534 7535 7536 7614 7615 7617 7618 12782 7683 7712 7713 7714 18537 18547 18548 18549 18094 7842 9547 9548 9549 9550 7949 
coupled 3 7886 7887 7888 
circuit 4 7685 7686 7687 7688 
implementing 1 9015 
high 11 7527 7528 7529 7530 7531 7532 7533 7534 7535 7536 7576 
operations 7 7548 7549 7550 7551 7552 7553 7554 
transformations 4 7508 7509 7644 9216 
grid-web 10 7527 7528 7529 7530 7531 7532 7533 7534 7535 7536 
test 4 7685 7686 7687 7688 
diam 2 10317 11939 
diagnosis 1 7702 
mechanism 5 7577 7578 7579 7720 9215 
graph-based 5 7869 7870 7871 7872 7873 
hierarchical 3 7791 7792 13229 
center 3 7712 7713 7714 
open 5 18537 18547 18548 18549 18094 
lofar 3 10307 10308 10309 
simultaneously 3 7720 10896 10897 
tree 5 7636 7637 7638 7720 9170 
file 2 7920 7921 
evolutionary 1 7925 
performing 4 7739 7740 7741 7742 
netsec 2 7760 7761 
typing 1 7920 
bingham 1 7992 
processor 1 7920 
micro-architecture 2 7920 7921 
visco-plastic 1 7992 
corrigendum 1 7949 
platform 1 7983 
information 22 10307 10308 10309 7720 12072 7722 9734 9735 17460 17456 17457 17458 17459 7783 7851 9497 9498 9499 7916 7917 7918 7919 
problems 5 7792 12086 12087 12088 7992 
connectivity-preserving 2 7508 7509 
random 4 7851 7852 7853 7854 
table 3 7629 7630 7631 
logical 7 7548 7549 7550 7551 7552 7553 7554 
bsp 2 7957 12418 
satisfaction 4 7777 18536 18537 18538 
ranking 2 7809 7810 
fault-tolerant 4 7792 12086 12087 12088 
stream 5 7933 7934 7935 7936 7937 
assembly 2 7893 12184 
ship 1 7702 
link 3 7629 7630 7631 
secure 1 7683 
arm-based 5 7585 7586 7587 7588 7589 
contact 1 7992 
private 4 8001 8002 8003 8004 
geomechanics 4 7992 10920 10921 13408 
eigendecomposition 2 7644 7645 
accurate 2 7809 7810 
percolation 4 7509 10237 11413 11415 
simd 4 7739 7740 7741 7742 
synergetic 3 7780 7781 7782 
propelling 1 7702 
migration 2 7646 7647 
robust 3 7874 7875 7876 
module 3 7652 7653 7654 
cache 6 7614 7615 7617 7618 12782 8666 
progressive 2 7608 7609 
superscalar 1 7920 
access 6 7708 7709 7710 18643 18644 18642 
framework 25 7512 9927 9928 9929 7527 7528 7529 7530 7531 7532 7533 7534 7535 7536 7723 11748 12381 12382 7926 7949 11263 11264 18643 18644 18642 
point 3 8005 8006 8007 
integrated 11 7750 7751 7996 7997 7998 7999 8000 8001 8002 8003 8004 
geodynamics 2 7992 13408 
cross-layer 2 7817 7818 
cardiac 5 7783 7954 7956 10097 10098 
industrial 3 7984 7985 7986 
balancing 3 7577 7578 7579 
databases 5 8430 17037 7708 7709 7710 
parallelisation 4 7718 10448 10449 10450 
cloud 9 7720 8155 8156 7790 7791 7792 7949 11263 11264 
improving 3 7720 10175 10176 
cfd 4 7877 7878 7879 7880 
based 25 7509 10237 11413 11415 7512 7513 7514 7577 7578 7579 7644 9216 7780 7781 7782 7783 7954 7956 10097 10098 7812 7813 18643 18644 18642 
bus 1 7655 
functional 5 7783 7954 7956 10097 10098 
remote 5 7608 7609 7708 7709 7710 
race 2 7783 8235 
supercomputer 6 7893 11749 11750 11751 11752 11753 
scheduling 16 7720 8155 8156 9656 9657 10175 10176 10906 7750 7751 7777 7778 7779 7812 7813 7926 
utilisation 7 7693 7694 7695 7696 7697 7698 7699 
enhancements 5 7614 7615 7616 7617 7618 
vms 3 7790 7791 7792 
power 5 7508 10317 10318 7775 7776 
reaction-diffusion 4 7509 10237 11413 11415 
visualisation 5 7783 7954 7956 10097 10098 
fisher 3 7636 7637 7638 
algorithms 13 7634 7635 7685 7686 7687 7688 7720 10175 10176 7777 18536 18537 18538 
reduction 2 7608 7609 
work 1 7925 
systems 35 7608 7609 12072 12073 18537 19851 19852 19853 7817 7818 9103 7869 7870 7871 7872 7873 7889 7890 7891 7892 7925 7926 7949 7957 12418 7958 7959 7960 7985 11056 13127 19818 18643 18644 18642 
spaces 3 11413 11415 11414 
global 6 7614 7615 7616 7617 7618 7655 
collective 1 7756 
modelling 16 7699 10258 10259 10260 10261 10262 10263 10264 10265 7718 10448 10449 10450 9015 7992 13408 
rough 3 7512 7513 7514 
dvfs 3 7720 8155 8156 
geomechanical 3 8005 8006 8007 
formal 4 7756 18643 18644 18642 
environment 17 7683 8666 7693 7694 7695 7696 7697 7698 7699 7720 10175 10176 7886 7887 7888 7990 7991 
toolkits 2 7775 7776 
batch 2 7812 7813 
initio 4 7771 7772 7773 7774 
program 9 7721 12845 12846 12847 12848 7771 7772 7773 7774 
energy-aware 3 7629 7630 7631 
comput 1 7949 
media 6 7893 11749 11750 11751 11752 11753 
passing 4 7771 7772 7773 7774 
gridsim 3 7577 7578 7579 
management 26 7512 9927 9928 9929 7569 7614 7615 7616 7617 7618 12782 8430 17037 7723 11748 12381 12382 7933 7934 7935 7936 7937 7990 7991 7999 13127 
efficient 15 7614 7615 7617 7618 12782 7790 7791 7792 7861 7862 7863 7864 7865 7990 7991 
generic 3 8430 17037 7716 
firing 1 18537 
agents 3 11413 11415 11414 
issue 5 7722 7723 7724 7725 7726 
state 3 7629 7630 7631 
video-on-demand 5 13127 19818 18643 18644 18642 
multilevel 2 7717 7718 
evaluation 4 7839 7840 7841 7842 
bandwidth 2 7608 7609 
first-principles 4 7889 7890 7891 7892 
sharing 2 7683 8666 
interactive 7 7718 10448 10449 10450 7780 7781 7782 
integrators 2 7644 9216 
vector 3 7636 7637 7638 
two-dimensional 2 10237 11413 
leader 2 10317 11939 
rule 3 8430 17037 18537 
making 5 7585 7586 7587 7588 7589 
shrinking 2 7508 7509 
toolkit 4 7718 10448 10449 10450 
computations 8 7756 13408 13409 13410 13411 13412 13413 13414 
definition 1 7756 
tumour 6 7783 7952 7953 7954 7955 7956 
discriminant 3 7636 7637 7638 
century 1 7783 
strategy 6 7634 7635 13134 13135 7750 7751 
network-driven 4 7512 9927 9928 9929 
dependence 3 7780 7781 7782 
colonoscopy 3 7783 13340 9937 
classroom 5 18537 18547 18548 18549 18094 
technologies 17 7676 7677 7678 7679 7680 7681 7682 7722 7723 7724 7725 7726 18094 18092 17460 18093 7893 
massive 4 7889 7890 7891 7892 
multimedia 1 9015 
address 7 7683 8666 7842 9547 9548 9549 9550 
applied 4 7756 8005 8006 8007 
cluster 1 7920 
realization 2 7893 12184 
special 11 7720 7721 12072 12073 7722 7723 7724 7725 7726 7992 13408 
cprs 5 7721 12845 12846 12847 12848 
user 6 7512 7513 7514 7817 7818 9103 
storage 10 7699 8428 8429 8430 8431 8432 8433 8434 8435 8436 
