<Keyword> <No of vertices> <vertex1> <vertex2> .... <vertexN> 
lightpath 1 8854 
analyzing 5 8638 9491 9492 8594 8593 
nested 1 7557 
incentive 1 13105 
advances 2 7754 13232 
managing 2 8106 8107 
prototyping 3 4454 4820 4821 
networked 2 5520 5521 
time 7 8209 11446 11447 11448 4274 4275 4276 
semantics 6 17467 17468 4513 11637 7523 384 
materials 4 6101 8695 8379 9126 
promoting 1 9604 
adaptable 1 8920 
movement 1 8522 
taxonomy 13 10444 10445 13110 13111 13112 13113 13114 13115 13116 13117 13118 13119 13120 
generation 2 4820 4821 
objects 3 18275 5332 7398 
incorporation 1 7142 
paging 2 831 832 
video 2 18749 8522 
numerics 2 10286 10288 
consistencies 3 4274 4275 4276 
loading 1 284 
queueing 2 128 129 
wide 1 18749 
aggregation 3 7389 7848 7849 
biological 7 10586 10587 10588 10589 10590 10591 8725 
experimentally 2 831 832 
quality 4 5703 5332 8522 3998 
multi 4 7396 7397 7398 7399 
steering 2 11189 11190 
codes 2 8959 8960 
components 2 8959 8960 
network-aware 7 8594 8593 10204 7402 12127 8592 8591 
big 1 7523 
robotic 2 4508 3959 
array 3 7028 12005 8695 
dynamic 22 3923 3924 3925 3927 3928 3929 11868 11869 11870 11871 7753 7754 17843 7858 3998 8854 7402 7401 10922 10923 10924 10925 
parsa 1 4062 
knowledge 13 17726 19388 8836 6101 18263 18264 18265 7555 7556 7557 3998 6466 4322 
incorporating 7 2724 2725 2726 2727 2728 2729 2730 
behavior 13 7307 8364 11183 11184 11185 11186 11187 11188 8522 11189 11190 11191 11192 
dependent 1 1129 
net 1 12380 
clover 1 3998 
currency 2 6466 6952 
aviation 3 4078 5384 5385 
object-oriented 3 17726 12729 12730 
token 1 8854 
multiagent 2 8106 8107 
mapfs 2 8106 8107 
tags 3 3918 3919 3920 
chromatic-stable 7 2724 2725 2726 2727 2728 2729 2730 
markets 2 6466 6952 
simulator 1 8959 
ordinal 4 18480 18481 6101 18482 
competency-centric 1 384 
hardware-oriented 2 10286 10288 
new 3 12729 12730 3998 
red 7 2724 2725 2726 2727 2728 2729 2730 
predict 2 7753 7754 
next-generation 3 19293 19294 19295 
base 3 17726 19388 8836 
guest 2 5433 384 
testing 1 4078 
resources 9 7788 8865 9604 13531 13532 7499 7402 8106 8107 
computational 8 7523 10407 7848 7849 7499 8960 6952 7142 
leakage 4 4850 4851 4852 4853 
pde 2 10286 10288 
consumption 5 8638 9491 9492 8594 8593 
change 16 4060 4061 4062 4063 4064 4643 4454 9791 13391 13392 13393 13394 13395 13396 13397 13398 
broadcast 3 913 128 914 
entity 2 19220 19221 
distributed 35 4062 10016 10017 10018 1506 648 3959 6032 10168 10169 10170 10407 8903 9500 9501 7753 7754 13232 11903 7978 17837 18653 18631 18632 12574 12575 8695 3998 4474 7572 7574 6952 7015 9700 9701 
firms 3 16910 16911 16912 
metascheduler 4 8594 8593 8592 8591 
architecture 8 19293 19294 19295 9079 8920 11055 8106 8107 
tibet 1 4643 
droplets 1 11396 
transporting 9 2441 2443 3164 2725 2727 2729 3106 3107 3108 
usability 1 7142 
grid-aware 2 8106 8107 
cscw 1 3998 
retrospective 2 3998 4474 
software 7 10286 10288 8364 11450 9682 12166 4322 
medical 1 8575 
energy-efficiency 2 12574 12575 
technological 4 16910 16911 16912 16554 
reputation 1 7389 
composition 1 3998 
processing 7 648 4643 12068 7523 18631 18632 7015 
perspective 3 6101 3998 4474 
climate 9 9791 13391 13392 13393 13394 13395 13396 13397 13398 
colors 1 1986 
protocols 1 648 
automatic 2 19859 19860 
double 9 2441 2443 3164 2725 2727 2729 3106 3107 3108 
factors 2 18926 16554 
active 1 18403 
behavioral 1 18926 
streams 3 8565 11327 11328 
economics 2 8565 7499 
fast 1 7389 
heterogeneous 9 18209 11304 11306 10168 10169 10170 7555 7556 7557 
roll-off 6 2725 2727 2729 3106 3107 3108 
insurance 3 10444 10445 10446 
ray 1 4643 
evidence 2 7398 7015 
vdb-mr 1 7978 
analysis 26 4851 4339 4939 4940 19258 19259 19260 3990 3991 3993 4062 648 5056 5057 19903 13681 13682 8522 7625 10586 10587 10588 10589 10590 10591 8725 
fds 2 1056 1806 
simulation 16 4454 8902 8903 8905 8906 13417 13418 7300 7303 7304 7305 7306 7307 7325 7326 7327 
business 5 384 5691 11566 11567 11568 
sequential 1 18233 
wireless 2 11727 11728 
fuzzy 2 3998 4474 
membrane 1 19753 
complementary 2 6466 6952 
scada 2 7858 7860 
reconfigurable 2 7028 12005 
population 1 7523 
layer 9 2441 2443 3164 2725 2727 2729 3106 3107 3108 
semantic 15 18749 1056 17447 17448 17504 384 7555 7556 7557 3998 4474 8959 8960 9319 9320 
disjointedness 1 1056 
meta-controlled 1 384 
transformation 1 1509 
bpm 4 5691 11566 11567 11568 
relations 4 1056 1806 17447 17448 
outsourcing 1 4339 
java 2 8959 8960 
box 1 7499 
assessment 9 2061 3255 2062 2063 2064 2065 6466 6952 4322 
generalized 2 17447 17448 
metamodeling 2 4513 4514 
diverse 3 18907 18908 18909 
verify 1 18653 
layers 10 2724 2725 2726 2727 2728 2729 2730 3106 3107 3108 
neural 1 10407 
substitution 1 384 
sensor 11 19938 19939 19940 8895 8896 11727 11728 8285 13487 11055 7015 
languages 4 17467 17468 4513 11637 
authenticity 4 9368 9369 9370 9371 
replication 4 17694 17695 7753 7754 
dargos 1 8920 
oriented 3 11903 7978 6952 
tokens 1 8854 
smile 2 8364 11450 
convex 2 18233 19850 
ros 1 11055 
transfer 1 4643 
support 16 10407 9947 9948 9949 12401 12402 12403 9791 13391 13392 13393 13394 13395 13396 13397 13398 
adaptive 15 8204 8205 8206 8207 8208 8209 8364 7389 18631 18632 8379 7848 7849 4820 4821 
bag 4 8865 9604 13531 13532 
privacy 9 8575 7858 7860 8284 8285 8287 13487 11055 7015 
recommendation 3 10444 10445 10446 
job 5 7753 7754 11189 11190 8959 
health 9 18263 18264 18265 10444 10445 10446 10599 10600 10602 
stalking 1 7788 
distribution 1 4643 
genomic 1 8371 
traffic-indexed 1 11637 
histograms 5 17695 19330 19331 19332 19333 
heuristic 2 9884 7523 
filters 5 19905 19906 19907 19908 19909 
iaas 1 7499 
virtual 11 4454 4078 12068 12069 7978 8695 8379 9126 8371 7499 4322 
savings 1 7402 
space 5 7398 4274 4275 4276 4322 
decision 3 9947 9948 9949 
statistical 1 9884 
self-understanding 1 8379 
distance 5 17695 19330 19331 19332 19333 
labeling 2 4508 3959 
eacute 2 351 284 
supported 2 3998 4474 
hierarchy 1 9884 
construction 2 6466 4322 
products 1 17773 
probabilistic 3 18233 19850 7398 
identifying 2 14079 14080 
note 1 284 
analyse 2 351 284 
hole 6 2725 2727 2729 3106 3107 3108 
editorial 2 5433 3998 
green 13 10444 10445 13110 13111 13112 13113 13114 13115 13116 13117 13118 13119 13120 
sciences 3 13162 13163 13164 
composable 1 4454 
reserved 1 7499 
frequent 1 18233 
anomaly 1 7860 
emissive 3 2441 2443 3164 
reasoning 3 7398 4322 7015 
prefetching 2 13252 17504 
preserving 4 1509 8575 7858 7860 
improvement 6 2725 2727 2729 3106 3107 3108 
method 10 5332 7306 7028 10586 10587 10588 10589 10590 10591 8725 
efficiency 6 2725 2727 2729 3106 3107 3108 
matchmaking 2 3998 4474 
manufacturing 7 5520 5521 3959 4820 4821 3998 4474 
scalability 1 648 
summarisation 4 10204 7402 12127 8592 
authorization 1 8854 
cost-efficient 1 7499 
iteration 3 18907 18908 18909 
related 13 8364 11183 11184 11185 11186 11187 11188 8522 11189 11190 11191 11192 5691 
foundations 1 1056 
rt-ros 1 11055 
experiment 1 8854 
primary 1 1986 
fusion 1 11637 
applications 11 8836 12729 12730 7306 7389 7557 9604 7572 7574 7142 12380 
biomedical 2 4820 4821 
stakeholders 2 6466 4322 
preferable 1 17773 
joint 2 5520 5521 
contract 1 7499 
linkage 5 19905 19906 19907 19908 19909 
keyword-based 1 17504 
electromagnetics 1 8960 
corba 2 8959 8960 
clusters 3 7499 8106 8107 
harvesting 2 6466 4322 
interference 1 7499 
hybrid 13 8575 10168 10169 10170 7306 4274 4275 4276 4820 4821 7499 9099 6952 
k-means 3 19938 19939 19940 
scale 7 10016 10017 10018 8902 8903 8905 8906 
time-constrained 1 6952 
rollbacks 1 648 
coordinated 1 10970 
digest 1 18653 
resolution 2 19220 19221 
security 1 10407 
disease 6 3923 3924 3925 3927 3928 3929 
paths 1 8854 
http-based 3 13300 13301 13302 
rate 1 284 
bipolar 1 1986 
cloud-oriented 1 9384 
drum 2 831 832 
grid 33 8836 11637 7523 8902 8903 8905 8906 7753 7754 11189 11190 7848 7849 3998 7625 8371 9604 7499 8959 8960 9319 9320 8106 8107 9789 7142 9791 9792 9793 9794 7662 13189 13190 
workloads 1 7499 
marketplace 4 10922 10923 10924 10925 
portal-based 1 8960 
building 10 4322 9791 13391 13392 13393 13394 13395 13396 13397 13398 
vocabulary 3 18263 18264 18265 
agreement 2 6466 6952 
bloom 5 19905 19906 19907 19908 19909 
problem 9 4851 4339 4939 4940 913 128 914 7398 7662 
anonymization 1 17773 
pervasive 2 7398 7015 
concepts 2 10286 10288 
database 7 18749 19293 19294 19295 1056 7978 7557 
optimizing 2 4378 8959 
subgraph 2 3555 3556 
commodity 1 7499 
plan 4 10444 10445 10446 3998 
implementation 7 4474 4322 8106 8107 13162 13163 13164 
identification 9 3918 3919 3920 3959 5822 5823 5824 5825 5826 
scientific 10 17695 19330 19331 19332 19333 4062 8695 8379 9126 12380 
inter-firm 1 16554 
locality 1 8364 
competitive 1 6952 
bridging 3 18263 18264 18265 
things 6 7689 7690 7691 8284 8285 8287 
advance 5 7499 8594 8593 8592 8591 
energy 3 11189 11190 7402 
technique 1 5520 
validated 2 831 832 
bittorrent 2 7307 8959 
re-decomposition 1 8695 
fluid 1 4454 
concurrent 2 5611 3998 
boolean 1 18209 
feature 9 4060 4061 4062 4063 4064 4643 4454 5611 19903 
derive 1 7402 
pipelined 2 7028 12005 
structured 1 7523 
static 2 8895 8896 
orion 3 19293 19294 19295 
topic-specific 1 18926 
multi-grid 4 8638 8594 8593 8591 
vcpu 1 4064 
structures 1 8522 
pricing 6 7499 12166 10922 10923 10924 10925 
models 13 7523 4820 4821 4474 5691 7499 10586 10587 10588 10589 10590 10591 8725 
gossiptrust 1 7389 
ionic 7 10586 10587 10588 10589 10590 10591 8725 
cataract 3 3990 3991 3993 
packet 3 913 128 914 
devices 10 2441 2442 2443 2724 2725 2726 2727 2728 2729 2730 
low 9 19938 19939 19940 2725 2727 2729 3106 3107 3108 
reasoner 1 17726 
spectral 6 2061 3255 2062 2063 2064 2065 
complex 5 8836 7325 7326 7327 8960 
moire 2 351 284 
on-the-fly 5 17695 19330 19331 19332 19333 
platforms 3 7306 7389 9682 
virtualized 1 8865 
messages 4 8903 9500 9501 7753 
methodologies 1 3998 
autonomous 4 8594 8593 8592 8591 
electron 3 2441 2443 3164 
agreements 1 9604 
site 1 19753 
replicated 2 9700 9701 
documents 2 4508 3959 
light-emitting 14 1986 2441 2442 2443 2724 2725 2726 2727 2728 2729 2730 3106 3107 3108 
cosmic 1 4643 
learning 9 18480 18481 6101 18482 16910 16911 16912 8379 13301 
resource-aware 3 10168 10169 10170 
stochastic 2 8895 8896 
identifiable 7 10586 10587 10588 10589 10590 10591 8725 
material 2 3998 4474 
cloud-aware 1 9857 
rfid 3 3918 3919 3920 
controllers 3 4377 4378 4379 
practice 3 18907 18908 18909 
hsim 1 8959 
sci-basedclusters 2 8364 11450 
decentralized 7 12645 12646 8895 8896 11342 8419 8371 
world 4 18749 9814 9815 9817 
trustable 4 8638 8594 8593 8591 
intrusion 2 13681 13682 
gestion 2 351 284 
grids 8 7523 8854 8865 9604 13531 13532 7499 6952 
procurement 1 7499 
mpi-based 2 8959 8960 
ambient 1 9384 
computer-aided 3 3990 3991 3993 
science 2 6101 7523 
architectures 15 8364 11183 11184 11185 11186 11187 11188 8522 11189 11190 11191 11192 12574 12575 9604 
resilient 1 648 
two-level 1 384 
china 5 16910 16911 16912 7307 16554 
shared 1 7402 
control 3 10970 7625 8865 
enabled 2 11727 11728 
localization 1 19753 
sensitivity 7 10586 10587 10588 10589 10590 10591 8725 
cpu 2 7848 7849 
extraction 1 19903 
dbms 1 18403 
cost 4 19938 19939 19940 9099 
fundus 3 3990 3991 3993 
sweep 4 9791 7662 13189 13190 
economic 1 7402 
modified 1 5332 
failure 1 648 
data-driven 1 8836 
case 9 4508 3959 19859 19860 384 3998 4474 8920 4322 
internet-based 3 12068 12069 3998 
estimation 1 11637 
stability 3 913 128 914 
hull 2 18233 19850 
large-scale 15 7325 7326 7327 8204 8205 8206 8207 8208 8209 8695 8379 9126 7402 9700 9701 
dental 6 3959 5822 5823 5824 5825 5826 
multiquality 2 17694 17695 
peer-to-peer 6 12068 13105 7389 6466 6952 7015 
indirect 1 18848 
cad 7 4506 4508 3959 4915 4274 4275 4276 
orchestration 2 8419 8371 
performance 20 2441 2442 2443 648 8903 7753 7754 7325 7326 7327 2725 2727 2729 3106 3107 3108 8522 3998 7625 9604 
architecture-based 4 7396 7397 7398 7399 
question 4 17467 17468 4513 11637 
transparent 3 10016 10017 10018 
multiple 4 17467 17468 4513 11637 
successive 6 5056 5057 8285 13487 11055 7015 
non-stationary 6 8204 8205 8206 8207 8208 8209 
interactions 1 17843 
formation 1 5520 
ontological 1 6101 
non-linear 6 8204 8205 8206 8207 8208 8209 
protocol 4 3918 3919 3920 18653 
differentiation 1 7307 
community 2 11189 11190 
extended 2 7398 7015 
general 3 129 648 7499 
genetic 6 7396 7397 7398 7399 7753 8959 
smes 1 16554 
infrastructures 2 6952 7402 
usage 1 4322 
implementing 1 18403 
high 5 7325 7326 7327 11189 11190 
wear 2 5056 5057 
competition 4 9791 7662 13189 13190 
automated 7 10922 10923 10924 10925 12401 12402 12403 
predictable 1 8959 
buffers 1 4078 
event-based 1 8522 
mechanism 3 13105 7848 7849 
openstack 1 8920 
laplacian 3 4506 4508 3959 
people 3 19258 19259 19260 
many-core 4 7396 7397 7398 7399 
hierarchical 6 17773 5520 5521 7523 7753 7754 
invariant 3 4508 3959 4915 
exchange 1 13105 
strategies 4 8865 9604 13531 13532 
platform 15 4064 10599 10600 10602 6466 4322 9791 13391 13392 13393 13394 13395 13396 13397 13398 
predicates 2 18275 5332 
continuous 3 19938 19939 19940 
pairs 1 5691 
overhaul 3 4078 5384 5385 
genetic-based 1 7523 
visual 6 2061 3255 2062 2063 2064 2065 
planning 7 3959 7300 7303 7304 7305 7306 7307 
start 3 11446 11447 11448 
satisfaction 1 6952 
mediator 3 7555 7556 7557 
legacy 2 8959 8960 
drivers 2 14079 14080 
placement 1 9099 
qos-aware 4 8638 8594 8593 8591 
range 5 18275 5332 12068 7398 7015 
physics 2 11189 11190 
link 1 13301 
centers 1 8865 
secure 15 4851 4339 4939 4940 19905 19906 19907 19908 19909 10189 10190 10599 10600 10602 8371 
mapping 1 18209 
retrieval 9 17467 17468 4513 11637 4506 4508 3959 9604 5691 
techniques 3 13252 7860 7662 
self 1 8379 
multi-tier 2 7753 7754 
optimized 1 9079 
set-splitting 1 7398 
tool-path 2 4820 4821 
engaging 2 6466 4322 
top-k 1 17773 
networking 1 8854 
uncertain 5 18233 19850 7398 18631 18632 
robust 1 4474 
applying 1 9604 
cache 12 8364 11183 11184 11185 11186 11187 11188 8522 11189 11190 11191 11192 
characteristics 1 5332 
kernel 4 18480 18481 6101 18482 
framework 14 4062 7325 7326 7327 7389 7858 7860 4274 4275 4276 3998 4474 7015 12380 
periodic 2 8895 8896 
process 6 3959 3998 5691 11566 11567 11568 
encrypted 3 8831 8832 8833 
combinatorial 1 17837 
multi-tenant 1 8920 
chain 4 4851 4339 4939 4940 
databases 5 12729 12730 17694 17695 18233 
broker 1 10075 
pagination 2 351 284 
fractal 2 11727 11728 
cfd 1 7306 
checkpoints 1 1129 
skyline 2 18631 18632 
ranked 3 8831 8832 8833 
bus 2 7028 12005 
transaction 1 648 
skydrive 1 11396 
acceleration 5 4060 4061 4062 4063 4064 
structural 1 19747 
remote 6 7300 7303 7304 7305 7306 7307 
nsga-ii 1 5332 
pay-as-you-go 2 19220 19221 
context-aware 1 9384 
concerns 1 9604 
sources 2 18209 17843 
scheduling 27 4064 11304 11306 7523 10168 10169 10170 10407 7753 7754 7389 11446 11447 11448 8695 9857 7499 8959 6952 8638 8594 8593 8591 9791 7662 13189 13190 
automotive 2 4513 4514 
multi-view 2 5520 5521 
granary 2 11903 7978 
survey 20 7689 7690 7691 6101 10189 10190 10444 10445 13110 13111 13112 13113 13114 13115 13116 13117 13118 13119 13120 7860 
algorithms 10 7396 7397 7398 7399 7753 7754 4274 4275 4276 8959 
connection 3 19258 19259 19260 
literature 5 4851 4339 4939 4940 8371 
intellectual 1 4339 
enterprise 3 3998 7625 4322 
algorithme 2 351 284 
role-based 1 4322 
bi-objective 1 5332 
formal 3 4377 4378 4379 
representation 1 6101 
regulation 1 7402 
energy-aware 4 11868 11869 11870 11871 
policy 2 12645 12646 
authorization-security 3 7555 7556 7557 
media 1 18653 
generic 4 5520 10599 10600 10602 
alignment 6 3959 5822 5823 5824 5825 5826 
remnants 1 11396 
issue 5 7754 13232 12574 12575 3998 
state 5 11637 5691 11566 11567 11568 
achieve 1 7015 
co-allocation 1 7499 
attribute 2 17773 7858 
purpose 1 7499 
solution 3 8575 7398 7306 
pipe 4 9368 9369 9370 9371 
microsoft 1 11396 
evaluation 15 3923 3924 3925 3927 3928 3929 18275 5332 2061 2062 2063 2064 2065 3998 7499 
sharing 10 8575 1506 648 10599 10600 10602 11903 7978 3998 7015 
high-throughput 1 4062 
finding 1 17773 
allocations 2 8895 8896 
availability 6 9368 9369 9370 9371 1506 648 
abnormal 1 11637 
discriminant 5 18480 18481 6101 18482 19903 
evaluating 5 4850 4851 4852 4853 9604 
chains 4 4850 4851 4852 4853 
keyword 1 9079 
problem-solving 4 8836 7572 7574 8960 
potential 3 13300 13301 13302 
tasks 5 7389 8865 9604 13531 13532 
searches 1 9079 
centrale 2 351 284 
maps 1 18922 
special 6 7754 13232 12574 12575 384 3998 
benefits 1 7499 
user 3 10444 10445 10446 
storage 3 11903 7978 8379 
using 23 4339 17467 17468 4513 11637 18403 18926 7398 7753 7978 8895 8896 11342 2061 3255 2062 2063 2064 2065 8854 5691 7402 7015 
communities 3 6466 6952 4322 
hla-based 3 8903 13417 13418 
self-adaptive 3 11446 11447 11448 
workflows 5 9814 9815 9817 8419 8371 
high-resolution 6 7300 7303 7304 7305 7306 7307 
search 4 19258 19259 19260 9884 
protein 2 3555 3556 
features 3 4508 3959 4915 
sustainability 2 6466 4322 
propagation 3 4643 4454 18926 
black 1 7499 
limits 4 16910 16911 16912 7402 
multi-core 1 11055 
discrimination 1 18848 
monitoring 22 19938 19939 19940 5520 10407 10599 10600 10602 8364 11183 11184 11185 11186 11187 11188 8522 11189 11190 11191 11192 8920 4322 
patterns 1 18233 
moving 3 18275 5332 7398 
multidisciplinary 1 3998 
gz 5 4060 4061 4062 4063 4064 
optimization 9 4513 4514 7396 7397 7398 7399 8364 17837 3998 
image 8 3990 3991 3993 5056 5057 19859 19860 9604 
papers 2 7754 13232 
causal 4 8903 9500 9501 7753 
molecular 6 9789 7142 9791 9792 9793 9794 
two-tier 1 9079 
independently 1 9604 
reservation 1 7499 
contingency 6 7300 7303 7304 7305 7306 7307 
artificial 1 10407 
mechanisms 4 8638 8594 8593 8591 
discovery 5 7858 10204 7402 12127 8592 
review 5 4851 4339 4939 4940 3998 
introduction 1 384 
consisting 1 1986 
optimum 1 1129 
execution 2 10970 3998 
substitutable 1 7499 
industrialisation 3 16910 16911 16912 
programming 12 8364 11183 11184 11185 11186 11187 11188 8522 11189 11190 11191 11192 
domain 1 7860 
optimizations 6 9789 7142 9791 9792 9793 9794 
non-doped 1 1986 
clustering 1 4378 
clouds 5 13681 13682 7499 9099 8920 
intensive 6 11868 11869 11870 11871 9857 7499 
streaming 2 7389 18653 
workload 3 10016 10017 10018 
adoption 2 14079 14080 
multi-objective 1 7389 
linear 2 7028 12005 
deadline-constrained 1 7499 
virtualization 1 4064 
cocamaal 1 9384 
web 16 18749 19258 19259 19260 10016 10017 10018 17447 17448 3998 4474 7625 7015 13162 13163 13164 
constrained 1 7398 
unforgeability 3 8284 8285 8287 
living 1 9384 
attribute-based 3 8284 8285 8287 
interbase-kb 3 17726 19388 8836 
chemistry 1 7142 
webblow 1 3998 
aborts 1 648 
ecoinformatics 9 9791 13391 13392 13393 13394 13395 13396 13397 13398 
group-by 5 18651 18652 18653 17843 18654 
configuration 3 12401 12402 12403 
atmospheric 3 13162 13163 13164 
methods 1 7523 
body 4 4513 4514 11727 11728 
normal 1 1056 
aware 6 10407 3998 8285 13487 11055 7015 
long 2 7848 7849 
market-based 3 8895 8896 11342 
bayesian 1 13301 
future 3 4821 7572 7574 
victoria 9 9791 13391 13392 13393 13394 13395 13396 13397 13398 
key 8 1509 17467 17468 4513 11637 5332 14079 14080 
compressible 1 8522 
ppfscada 2 7858 7860 
accessibility 1 18922 
financial 1 7860 
enhancing 1 7523 
environments 21 8836 10407 7398 10970 4274 4275 4276 3998 8419 8371 8565 7572 7574 8960 8638 8594 8593 11327 11328 8591 7015 
integrating 4 17726 19388 8836 19753 
agent 3 4322 8106 8107 
switching 3 913 128 914 
eeg 11 4060 4061 4062 4063 4064 2061 3255 2062 2063 2064 2065 
resisting 1 7307 
measurement 8 5056 5057 8204 8205 8206 8207 8208 8209 
detection 7 11637 7860 2061 2062 2063 2064 2065 
similarity 5 18651 18652 18653 17843 18654 
queries 7 18275 5332 18233 19850 17837 18631 18632 
internet 8 7689 7690 7691 17504 4821 8284 8285 8287 
amp 1 7307 
mobile 5 4378 10189 10190 10970 7015 
protective 1 4078 
eeg-based 5 2061 2062 2063 2064 2065 
qos-based 1 10075 
consensus 2 4508 3959 
per-application 1 8379 
routine 1 9604 
statistics 1 7028 
enhance 1 7142 
semistructured 1 19747 
integration 8 7689 7690 7691 5611 18922 7307 7978 8371 
grammars 1 384 
recoding 1 17773 
parallel 18 7753 7754 13232 8364 11183 11184 11185 11186 11187 11188 8522 11189 11190 11191 11192 7028 8106 8107 
software-as-a-service 1 12166 
communication 3 4378 129 7625 
maker 4 10922 10923 10924 10925 
ecg 2 11727 11728 
prediction 4 19753 7848 7849 7499 
game 1 7402 
methodology 2 18848 3998 
memory 2 8522 8695 
message 1 8695 
hadoop 5 8638 9491 9492 8594 8593 
seekers 3 18263 18264 18265 
color 7 2724 2725 2726 2727 2728 2729 2730 
multi-dimensional 5 18651 18652 18653 17843 18654 
cooperative 3 7788 3998 4474 
approach 16 11637 13681 13682 10444 10445 10446 17504 8895 8896 11342 4820 4821 3998 4474 9700 9701 
ad 1 4378 
interlayer 3 2441 2442 2443 
pgga 1 8959 
embeddings 3 18907 18908 18909 
sustainable 1 4821 
simultan 2 351 284 
free-riding 1 7307 
editors 1 384 
perturbed 3 4506 4508 3959 
quantified 1 8379 
oled 3 2441 2443 3164 
visualization 3 3959 6032 3998 
garbled 2 8491 8492 
load-balancing 1 13252 
lifecycle 5 5703 3959 4078 5384 5385 
federated 1 9099 
synthesis 3 4377 4378 4379 
bartering 1 13105 
ring 1 13105 
epass 3 8284 8285 8287 
structure 7 4339 4513 2441 2443 3164 4514 13301 
services 15 7523 17504 3998 4474 8565 7499 10203 10204 10205 10206 7402 7401 13162 13163 13164 
heart 7 3923 3924 3925 3927 3928 3929 8725 
predictive 3 3918 3919 3920 
data-centric 2 8419 8371 
flexible 2 8106 8107 
permuting 1 351 
composite 11 19905 19906 19907 19908 19909 2725 2727 2729 3106 3107 3108 
agent-based 7 4454 8902 8903 8905 8906 3998 4474 
multi-task 1 13301 
microblogging 1 18926 
enabling 1 8959 
negotiation 1 6952 
reporting 3 19938 19939 19940 
delay 2 11304 11306 
delivery 4 8903 9500 9501 7753 
novel 9 13681 13682 13105 2725 2727 2729 3106 3107 3108 
optimisation 1 7499 
gap 3 18263 18264 18265 
creation 1 9682 
satellite 1 129 
series 1 8209 
development 2 4513 4514 
influence 4 2441 2442 2443 284 
gel-based 1 7398 
algorithm 13 3959 4643 4454 6032 10168 10169 10170 11446 11447 11448 7625 7499 8959 
mapreduce 2 7389 8959 
equivalence 2 1056 1806 
multi-keyword 3 8831 8832 8833 
unpredictable 3 9814 9815 9817 
casts 6 3959 5822 5823 5824 5825 5826 
clinical 1 9604 
schemes 1 12166 
discriminative 2 3555 3556 
spatial 6 17695 19330 19331 19332 19333 10970 
middleware 2 9384 7142 
ideal 1 5332 
expressive 3 8284 8285 8287 
product 8 4339 5703 3959 4078 5384 5385 3998 4474 
unified 4 4643 4454 4078 5384 
e-book 2 14079 14080 
gpu-accelerated 1 7306 
rule-based 1 17726 
classification 7 3990 3991 3993 3555 3556 19753 8209 
nf 1 1056 
nl 1 8854 
design 18 4851 4339 4939 4940 1056 4513 4508 3959 4078 4514 7396 7397 7398 7399 3998 4474 8106 8107 
multicore 1 4064 
location 4 8285 13487 11055 7015 
integrity 2 18403 18653 
space-shared 4 8865 9604 13531 13532 
study 11 128 129 4508 3959 19859 19860 16554 384 3998 4474 4322 
computing 50 7689 7690 7691 8836 17695 19330 19331 19332 19333 12068 12069 10168 10169 10170 11868 11869 11870 11871 10189 10190 9947 9948 9949 7398 8831 8832 8833 7753 7028 12574 12575 7858 7625 9857 8565 7499 8959 8960 6952 8638 8594 8593 8591 7015 9789 7142 9791 9792 9793 9794 
imbalanced 1 8209 
fatigue 6 2061 3255 2062 2063 2064 2065 
caused 9 4850 4851 4852 4853 2061 2062 2063 2064 2065 
level 3 9604 6466 6952 
grouped 1 8959 
age 1 1129 
value 1 9682 
developing 7 10586 10587 10588 10589 10590 10591 8725 
sets 6 17695 19330 19331 19332 19333 8371 
sla 1 6952 
consolidation-aware 1 4064 
biology 1 8725 
protection 1 4339 
challenges 5 5691 11566 11567 11568 8725 
capturing 4 17467 17468 4513 11637 
exponential 1 648 
machine 1 7499 
omega 1 351 
comparison 4 2441 2443 3164 5691 
content-based 3 18749 7625 9604 
federate 3 8903 13417 13418 
non-intrusive 1 4322 
compressed 1 18922 
matching 8 4508 3959 4915 5822 5823 5824 5825 5826 
emerging 2 5433 5676 
overlay 4 7788 8895 8896 11342 
issues 1 384 
proteins 1 19753 
quicksort 2 7028 12005 
mining 17 18848 3555 3556 18233 17447 17448 8903 8371 9604 10203 10204 10205 10206 7402 7401 8106 8107 
concept 1 4474 
nomadic 1 7788 
volunteer 5 9857 8638 8594 8593 8591 
application-level 3 13300 13301 13302 
maximizing 2 8895 8896 
grid-based 2 7402 7401 
theory 5 18907 18908 18909 7398 7015 
runtime 1 8364 
enhanced 2 5433 5676 
network 9 4378 351 129 10407 8895 8896 11342 7625 7499 
online 1 7499 
risk 3 6466 6952 4322 
matrix-based 1 7028 
autonomic 4 8594 8593 8592 8591 
real 1 8920 
selected 2 7754 13232 
warehousing 3 17726 19388 8836 
driven 9 10407 7300 7303 7304 7305 7306 7307 8895 8896 
scalable 6 3918 3919 3920 7028 12005 8920 
mixed 2 11304 11306 
cooperation 1 16554 
spectra 3 4506 4508 3959 
healthcare 15 3990 3991 3993 5433 5676 3923 3924 3925 3927 3928 3929 18263 18264 18265 7389 
peer 1 8959 
application 23 128 129 3998 4474 8960 8638 9491 9492 8594 8593 9789 7142 9791 9792 9793 9794 10586 10587 10588 10589 10590 10591 8725 
smp 12 8364 11183 11184 11185 11186 11187 11188 8522 11189 11190 11191 11192 
resource 17 12645 12646 8895 8896 11342 8565 7499 10204 7402 11327 11328 12127 8592 9791 7662 13189 13190 
synchronization 6 8204 8205 8206 8207 8208 8209 
readers 5 3918 3919 3920 14079 14080 
multi-cluster 1 7625 
rapid 2 4820 4821 
section 2 384 3998 
human 6 3959 5822 5823 5824 5825 5826 
cooperating 1 7015 
multi-paradigm 2 8364 11450 
local 11 17773 4508 3959 4915 10586 10587 10588 10589 10590 10591 8725 
bottlenecks 2 14079 14080 
smart 1 11637 
intelligent 1 7523 
demand-paging 2 608 609 
qos 6 3998 8638 9491 9492 8594 8593 
collaborative 7 3918 3919 3920 3959 3998 4474 8725 
reliability-based 2 4513 4514 
characterization 4 8903 9500 9501 7753 
overlays 2 7402 7401 
optimal 3 284 7753 7754 
wiki-health 1 8379 
assistant 1 3998 
decomposition 1 4339 
scheme 6 4643 4454 8379 8284 8285 8287 
admission 1 7625 
packaging 1 4078 
forward 1 18653 
signature 3 8284 8285 8287 
homogeneous 6 2725 2727 2729 3106 3107 3108 
multinational 1 7307 
constraints 4 18403 11304 11306 10970 
hpc 1 7306 
content 5 19859 19860 17447 17448 18926 
disaster 6 7300 7303 7304 7305 7306 7307 
trademark 2 19859 19860 
coronary 6 3923 3924 3925 3927 3928 3929 
owl 1 17726 
load 7 1506 648 7848 7849 7625 7499 7015 
elastic 4 5691 11566 11567 11568 
centric 1 8379 
trends 2 7572 7574 
vm 1 8920 
textual 2 17447 17448 
conversion 7 2724 2725 2726 2727 2728 2729 2730 
data 89 13252 17726 19388 8836 17773 1509 17694 17695 19330 19331 19332 19333 8575 4062 5703 11396 18848 351 4643 18233 19850 19903 19747 12068 12069 7523 11868 11869 11870 11871 10444 10445 13110 13111 13112 13113 13114 13115 13116 13117 13118 13119 13120 8831 8832 8833 8903 7753 7754 10599 10600 10602 8204 8205 8206 8207 8208 8209 8522 7389 7978 18651 18652 18653 17843 18654 18631 18632 7858 7860 8695 8379 9126 7848 7849 8371 9857 8865 9604 10203 10204 10205 10206 7402 7401 8106 8107 9700 9701 
arrivals 1 648 
digital 1 11396 
hoc 1 4378 
critical 1 16554 
self-tuning 4 8594 8593 8592 8591 
personal 1 3998 
utilization 10 2725 2727 2729 3106 3107 3108 8865 9604 13531 13532 
dna 1 7398 
debugging 1 12380 
multi-criteria 1 6952 
direct 1 18848 
news 1 17504 
matrix 1 4339 
life-cycles 2 4078 5384 
multi-tenancy 3 8565 11327 11328 
interoperability 2 4821 3998 
mean-time 1 648 
fault 1 284 
gecem 1 8960 
selection 6 5332 7858 3998 4474 8959 10075 
adaptation 10 10075 9791 13391 13392 13393 13394 13395 13396 13397 13398 
biometrics 6 3959 5822 5823 5824 5825 5826 
relationship 1 13301 
enterprises 1 4821 
icpads 2 7754 13232 
modeling 29 4850 4851 4852 4853 4377 4378 4379 5520 5521 4643 4454 5611 18926 7300 7303 7304 7305 7306 7307 7325 7326 7327 7625 9789 7142 9791 9792 9793 9794 
high-tech 1 16554 
robustness 2 8895 8896 
variable 1 5332 
infrastructure 5 8364 11450 12401 12402 12403 
cancer 1 8725 
wrapping 2 8959 8960 
publishing 6 7858 7860 8285 13487 11055 7015 
optical 1 8854 
simplification 2 3959 6032 
manifold 1 8379 
congestion 1 7402 
gbps 1 8522 
parameters 13 2061 3255 2062 2063 2064 2065 10586 10587 10588 10589 10590 10591 8725 
networks 45 19938 19939 19940 9368 9369 9370 9371 913 128 914 129 7788 11868 11869 11870 11871 10444 10445 13110 13111 13112 13113 13114 13115 13116 13117 13118 13119 13120 7307 7389 11727 11728 8379 8854 7625 8959 10204 7402 12127 8592 8285 13487 11055 7015 
text 1 7557 
dataspaces 3 8695 8379 9126 
association 1 19747 
maintenance 3 4078 5384 5385 
multi-domain 1 8854 
transient 1 7788 
white 12 1986 2441 2442 2443 3164 2724 2725 2726 2727 2728 2729 2730 
xml 4 1056 1509 1806 18922 
dtv 6 2061 3255 2062 2063 2064 2065 
providing 4 8638 8594 8593 8591 
workflow 8 9857 9791 13162 13163 13164 7662 13189 13190 
logic 3 4377 4378 4379 
reduce 3 11446 11447 11448 
size 2 608 609 
bursty 3 8565 11327 11328 
partitioned 1 1056 
uncorrelated 1 19903 
service-oriented 5 8959 8960 9319 9320 4322 
natural 6 7300 7303 7304 7305 7306 7307 
empirical 1 16554 
model 30 3923 3924 3925 3927 3928 3929 5703 831 832 16910 16911 16912 4506 4508 3959 4915 7753 7754 7555 7556 7557 8695 8379 9126 7625 9099 8959 8960 9319 9320 
testbed 1 8522 
grading 3 3990 3991 3993 
interconnection 1 7625 
engineering 4 6101 5611 3998 4474 
incomplete 1 7028 
servers 4 10016 10017 10018 7625 
single-queue 1 129 
allocation 10 12645 12646 8895 8896 11342 8865 9604 13531 13532 7402 
real-time 2 7389 11055 
hrm 1 384 
supply 7 4850 4851 4852 4853 4339 4939 4940 
tor 3 13300 13301 13302 
trace 1 8522 
task-level 1 7389 
sweeps 6 9789 7142 9791 9792 9793 9794 
provider 3 6466 6952 4322 
svm 1 19753 
severity 2 13681 13682 
web-based 1 17843 
organic 14 1986 2441 2442 2443 2724 2725 2726 2727 2728 2729 2730 3106 3107 3108 
discovering 1 19747 
value-based 1 7499 
supporting 2 17843 4322 
temporal 2 18403 10970 
service 13 128 129 8522 3998 9604 9099 9682 6466 6952 4322 7402 7401 10075 
coupled 4 8903 9500 9501 7753 
server 3 648 8865 7015 
emitter 1 1986 
success 4 16910 16911 16912 16554 
consolidation 2 8865 8920 
forensic 1 11396 
perpetual 1 12166 
inferences 4 4850 4851 4852 4853 
bases 3 7555 7556 7557 
regression 4 18480 18481 6101 18482 
lookup 1 18922 
maintaining 3 4274 4275 4276 
center 16 12068 12069 10444 10445 13110 13111 13112 13113 13114 13115 13116 13117 13118 13119 13120 7402 
open 4 5691 11566 11567 11568 
approximations 1 7028 
page 3 284 608 609 
watching 6 2061 3255 2062 2063 2064 2065 
file 3 4062 8106 8107 
evolutionary 1 10407 
prevention 1 18848 
high-dimensional 1 19903 
compression 2 11727 11728 
groups 1 7015 
information 15 4850 4851 4852 4853 5433 5676 18209 17843 7028 8379 3998 8285 13487 11055 7015 
problems 1 7523 
form 1 1056 
ars 1 8364 
art 4 5691 11566 11567 11568 
multiprogramming 1 284 
prevent 1 7402 
wvtdb 1 18749 
tree-based 1 18653 
record 5 19905 19906 19907 19908 19909 
associations 2 17447 17448 
oversampling 1 8209 
computation 2 8491 8492 
language 1 8371 
assisted 1 9384 
collaboration 5 4851 4339 4939 4940 3998 
query 7 18209 12068 7398 8831 8832 8833 7015 
effective 2 7848 7849 
containment 1 1056 
minigrid 2 12645 12646 
sensing 6 7300 7303 7304 7305 7306 7307 
southern 3 16910 16911 16912 
summarization 2 19859 19860 
d-grid 2 11189 11190 
highly 1 8920 
contextualized 1 9079 
deterministic 2 128 129 
ubiquitous 6 3923 3924 3925 3927 3928 3929 
failures 3 1129 1506 648 
logo 2 19859 19860 
centered 3 10444 10445 10446 
migration 7 8903 13417 13418 8865 12401 12402 12403 
catallactic 6 10203 10204 10205 10206 7402 7401 
mapreduce-based 1 7978 
associative 1 5611 
access 7 10970 8695 8379 9126 8371 9700 9701 
research 7 4060 4061 4062 4063 4064 8371 8725 
meta-scheduling 4 8594 8593 8592 8591 
point 1 5332 
integrated 3 8209 8364 11450 
cardiac 7 10586 10587 10588 10589 10590 10591 8725 
industrial 3 4821 3998 4474 
balancing 1 7625 
relational 7 1056 18651 18652 18653 17843 18654 7557 
cloud 41 7689 7690 7691 8575 10189 10190 10444 10445 10446 8831 8832 8833 10599 10600 10602 7389 8491 8492 7858 11727 11728 3998 8419 8371 5691 11566 11567 11568 8565 8920 8959 10922 10923 10924 10925 11327 11328 12401 12402 12403 7662 
phrases 4 17467 17468 4513 11637 
attack 4 11637 13300 13301 13302 
long-lived 1 648 
based 25 3990 3991 3993 1986 5332 4508 3959 13105 10444 10445 10446 7858 11727 11728 8379 7848 7849 4821 8854 9099 8920 9791 7662 13189 13190 
cyber-physical 4 11637 11304 11306 4474 
taxonomies 2 17773 7662 
sector 1 4322 
fine-grained 1 7499 
users 4 10922 10923 10924 10925 
gridway-based 4 8594 8593 8592 8591 
impact 8 7753 7754 12166 8638 9491 9492 8594 8593 
diodes 7 1986 2725 2727 2729 3106 3107 3108 
tools 12 8364 11183 11184 11185 11186 11187 11188 8522 11189 11190 11191 11192 
programmable 3 4377 4378 4379 
phosphorescent 3 2441 2442 2443 
integrative 1 8725 
power 19 18907 18908 18909 4454 11868 11869 11870 11871 2061 3255 2062 2063 2064 2065 8638 9491 9492 8594 8593 
repair 3 4078 5384 5385 
directly 4 8903 9500 9501 7753 
korea 2 14079 14080 
systems 39 5520 608 609 1506 648 12068 13105 11304 11306 11868 11869 11870 11871 9947 9948 9949 7396 7397 7398 7399 8903 9500 9501 7753 7754 13232 7325 7326 7327 7028 384 8695 3998 4474 9857 8920 7015 9700 9701 
flank 2 5056 5057 
multidatabase 3 17726 19388 8836 
researchers 1 8371 
global 5 4851 4339 4939 4940 7307 
property 1 4339 
modelling 9 4078 5384 10586 10587 10588 10589 10590 10591 8725 
throughput 1 129 
market 12 7499 12166 10203 10204 10205 10206 7402 7401 10922 10923 10924 10925 
environment 13 4851 4339 4939 4940 8836 8575 12068 12069 3998 8371 8106 8107 8725 
program 1 284 
images 8 19859 19860 7300 7303 7304 7305 7306 7307 
emitting 6 2725 2727 2729 3106 3107 3108 
management 24 4851 10016 10017 10018 3959 4078 5384 5385 11868 11869 11870 11871 384 8379 3998 4474 5691 11566 11567 11568 8565 8920 11327 11328 
efficient 12 4064 18922 12068 8831 8832 8833 7753 7028 12005 7015 9700 9701 
disque 2 351 284 
sgrid 4 8959 8960 9319 9320 
behaviour 1 129 
agents 5 9947 9948 9949 3998 7015 
analytical 1 7625 
recent 2 7754 13232 
parameter 9 9789 7142 9791 9792 9793 9794 7662 13189 13190 
order 1 7028 
rule 1 19753 
two-dimensional 1 7398 
stackelberg 1 7402 
operators 7 4508 3959 18651 18652 18653 17843 18654 
multiphysics 1 8836 
p-content 4 10204 7402 12127 8592 
coalition 1 10970 
website 2 19859 19860 
separation 1 9604 
strategy 1 6952 
processors 1 11055 
publication 1 7858 
technologies 4 5433 5676 3998 7142 
multimedia 3 17694 17695 384 
term 2 7848 7849 
probabilistically 1 18233 
context 2 7398 7015 
guarantee 3 8284 8285 8287 
cluster 4 8895 8896 7625 5691 
cyclic 1 648 
auditing 1 9604 
channel 8 129 10586 10587 10588 10589 10590 10591 8725 
atlas 1 7557 
