<Keyword> <No of vertices> <vertex1> <vertex2> .... <vertexN> 
reliable 5 12007 12008 12092 12093 12094 
predicting 3 15488 15775 15776 
alliance 2 15776 16622 
using 28 11481 11482 11483 11597 11598 11599 11600 11601 11703 11704 11883 11884 12055 12056 12092 12093 12094 12138 12139 12140 12141 12156 12157 12213 12214 12215 12216 12217 
incentive 3 15488 15775 15776 
workflows 7 11779 11780 11781 12090 12091 12511 12512 
desktop 3 11481 11482 11483 
managing 1 11451 
symposium 1 11986 
minimization 2 11891 11892 
lambda 3 11711 11712 12880 
free 6 11625 11626 11627 11628 11629 11630 
time 6 11686 11687 11688 11779 11780 11781 
semantics 1 12242 
materials 5 12213 12214 12215 12216 12217 
search 8 11502 11503 11504 11505 11506 12077 12078 12079 
event 4 12021 12022 12023 12024 
spacecraft 7 11857 11858 11859 11860 11861 11862 11863 
features 2 11900 11901 
began 1 11880 
sorting 5 12182 12183 12893 12894 12895 
molokai 1 11954 
petsc 3 12141 13456 13457 
multiple-combinational-channel 6 11625 11626 11627 11628 11629 11630 
generation 5 11893 11894 11895 11972 11973 
objects 5 11581 11582 11583 11584 11585 
video 3 12039 12040 12041 
reflective 6 11465 11466 11467 11468 12019 12770 
intelligence 1 11467 
machine-room 1 12128 
multi-core 4 11678 11679 11680 11681 
monitoring 3 15488 15775 15776 
extensible 4 11551 13167 13168 13169 
moving 5 11581 11582 11583 11584 11585 
liquids 1 12258 
entropy-driven 1 12258 
dynamical 7 11616 11617 11618 11619 12083 12084 12085 
image 6 11991 11992 11993 12080 12081 12082 
optimization 9 11551 13167 13168 13169 11684 11685 11711 11712 12880 
effects 2 11724 15488 
molecular 5 11653 11654 11655 12271 12272 
evolution 4 11904 11905 12019 12020 
aggregation 4 11830 11831 11832 11833 
project 6 11436 11437 11438 11439 11972 11973 
automata 1 11887 
opening 6 11837 11838 11839 11840 11841 11842 
contingency 2 11724 15488 
components 2 12281 12282 
artificial 1 11467 
mechanisms 3 11477 11478 11479 
discovery 2 11623 11624 
introduction 2 11972 11973 
aiv 7 11857 11858 11859 11860 11861 11862 11863 
dynamic 13 11465 11466 11467 11468 11532 11533 11534 11535 11684 11685 11703 11704 12250 
knowledge 2 16622 16623 
knowledge-based 1 11813 
communications 3 11983 11984 11985 
behavior 2 12042 12043 
coupling 3 12141 13456 13457 
suitability 3 11686 11687 11688 
u-healthcare 1 11412 
training 4 11553 11554 11555 11556 
faster 4 12138 12139 12140 12141 
programming 6 11372 11373 11374 11484 11787 11788 
object-oriented 1 11408 
electromagnetic 1 11660 
end-to-end 7 11763 11764 11765 11766 11767 11768 11769 
emphasis 4 12242 12243 12244 12245 
convection-diffusion 3 11613 11614 11615 
optimizations 3 11928 11929 11930 
metacomputing 1 12128 
clustering 5 11581 11582 11583 11584 11585 
streaming 4 11885 12039 12040 12041 
clouds 2 11506 12553 
multi-wireless 3 12039 12040 12041 
time-series 4 11498 11499 11500 11501 
workload 9 11625 11626 11627 11628 11629 11630 11893 11894 11895 
linear 4 12138 12139 12140 12141 
simulator 3 12199 12200 12201 
forecasting 4 11498 11499 11500 11501 
constrained 2 12281 12282 
traditional 4 12238 12239 12240 12241 
standardization 1 11408 
increasing 5 11597 11598 11599 11600 11601 
web 5 11714 11715 11716 11717 11718 
solar 5 11581 11582 11583 11584 11585 
optimum-aiv 7 11857 11858 11859 11860 11861 11862 11863 
electronic 1 11880 
operator 1 11451 
solving 3 12247 12248 12249 
attribute-based 3 11802 11803 11804 
automaton 3 11385 11386 11387 
register 4 11678 11679 11680 11681 
meta-modeling 2 12281 12282 
adic 3 12141 13456 13457 
new 9 11395 11565 12032 12033 12077 12078 12079 12201 12498 
configurable 5 11573 11987 11988 11989 11990 
utility 4 11471 11472 11473 11474 
library 4 11609 11610 11611 11612 
em 3 12210 12211 12212 
multiprocessor 1 11659 
circuits 1 11573 
free-boundary 2 12172 12173 
methods 13 11436 11437 11438 11439 12181 12213 12214 12215 12216 12217 12252 12253 12254 
tightly 1 11659 
transactions 2 12231 12232 
resources 7 11893 11894 11895 12090 12091 12511 12512 
trapper 3 11372 11373 11374 
computational 16 11506 12553 11653 11654 11655 11954 11986 11987 11988 11989 11990 12129 12130 12131 12132 12133 
consumption 2 11579 11580 
tool 2 12032 12033 
distributed 30 11408 11477 11478 11479 11551 13167 13168 13169 11609 11610 11611 11612 11686 11687 11688 11711 12880 11947 12064 12065 12156 12157 12213 12214 12215 12216 12217 12231 12232 12250 
high-speed 2 11699 11700 
microwave 2 12281 12282 
firms 2 15776 16622 
architecture 9 11408 11625 11626 11627 11628 11629 11630 11900 11901 
capital 2 16622 16623 
integrator 2 12070 12071 
usability 4 12057 12058 12059 12060 
balance 6 11625 11626 11627 11628 11629 11630 
software 9 11404 11849 11852 11853 11854 11855 11856 11883 11884 
bayesian 4 12242 12243 12244 12245 
jacobi-davidson-type 1 12284 
reputation 2 11878 11879 
composition 4 11684 11685 12042 12043 
rdf 1 11824 
processing 5 11408 11631 12089 12090 12091 
bank 2 12007 12008 
perspective 1 11408 
embedding 1 12242 
motion 4 12021 12022 12023 12024 
ant 5 11684 11685 11711 11712 12880 
key 5 11512 11513 11514 11515 11516 
contributions 4 11436 11437 11438 11439 
taiwanese 2 15776 16622 
processes 5 11385 11386 11387 12019 12020 
financial 2 11701 11702 
lie-butcher 2 12062 12063 
automatic 7 12141 13456 13457 12262 12263 12264 12265 
protocols 5 11928 11929 11930 13313 13314 
environments 16 12965 12966 12967 12968 12969 11579 11580 11714 11715 11716 11717 11718 11849 12247 12248 12249 
equations 1 11565 
integrating 3 11477 11478 11479 
co-scheduling 2 11711 11712 
code 3 11724 11725 11726 
agent 1 11412 
measurement 3 11477 11478 11479 
maple 2 11469 11470 
estimations 5 11597 11598 11599 11600 11601 
detection 12 11436 11437 11438 11439 11686 11687 11688 11719 11720 11721 11722 11723 
giganet 2 11900 11901 
multiprocessors 2 11551 11552 
cm 1 11530 
three-dimensional 1 12237 
similarity 5 11502 11503 11504 11505 11506 
behavioral 3 12247 12248 12249 
streams 4 11830 11831 11832 11833 
lightweight 3 11802 11803 11804 
sheltering 2 12231 12232 
phase 1 12258 
sparse 2 11433 11434 
amp 1 11660 
internet 10 11763 11764 11765 11766 11767 11768 11769 11802 11803 11804 
provisioning 4 12090 12091 12511 12512 
extending 3 11983 11984 11985 
mobile 4 11891 11892 12174 12175 
heterogeneous 10 12965 12966 12967 12968 12969 12182 12183 12893 12894 12895 
invention 1 11880 
reflection 1 11467 
routing 7 11381 11382 11573 11705 11706 11891 11892 
analysis 3 11893 11894 11895 
simulation 19 11385 11386 11387 11770 11904 11905 12070 12071 12129 12130 12131 12132 12133 12176 12213 12214 12215 12216 12217 
business 2 16622 16623 
shortest-linkage-based 5 11581 11582 11583 11584 11585 
sequential 8 11678 11679 11680 11681 12182 12893 12894 12895 
organization 2 11699 11700 
integration 4 12057 12058 12059 12060 
multivariate 2 12281 12282 
lan 2 11900 11901 
experience 1 11484 
universal 3 11724 15488 11880 
bumper 2 12231 12232 
cost-effective 2 12174 12175 
deadlock 6 11625 11626 11627 11628 11629 11630 
parallel 31 11372 11373 11374 11433 11434 11451 11484 11581 11582 11583 11584 11585 11787 11788 11849 11947 12019 12020 12070 12071 12182 12183 12893 12894 12895 12194 12195 12196 12210 12211 12212 
audio 2 11370 11371 
cost-constrained 3 11779 11780 11781 
society 4 12057 12058 12059 12060 
communication 7 11787 11788 11825 11900 11901 12064 12065 
prediction 13 11481 11482 11483 11714 11715 11716 11717 11718 12064 12065 12194 12195 12196 
laboratory 3 11477 11478 11479 
iterative 2 11433 11434 
game-theoretic 2 11701 11702 
leakage-resilient 3 11741 11742 11743 
search-based 5 11714 11715 11716 11717 11718 
methodology 3 11385 11386 11387 
memory 20 11444 11445 11551 11552 11558 11559 11560 11561 11562 11563 11699 11700 11741 11742 11743 11787 11788 11930 13313 13314 
message 1 11825 
ai 2 11435 11484 
ad 4 11891 11892 12174 12175 
approach 9 11481 11482 11483 11647 11648 11701 11702 12064 12065 
nas 2 11551 11552 
searchable 3 11741 11742 11743 
nonlinear 1 12284 
growth 4 12021 12022 12023 12024 
probability-based 3 11991 11992 11993 
multi-user 2 11370 11371 
package 2 11469 11470 
implementations 1 11631 
neural 5 11738 11739 12194 12195 12196 
integral 1 11565 
apicalis 3 12077 12078 12079 
visualization 4 12237 12252 12253 12254 
operation 2 16622 16623 
load-balancing 5 12213 12214 12215 12216 12217 
capillary 4 12057 12058 12059 12060 
elliptic 2 12055 12056 
replication 2 11703 11704 
social 2 16622 16623 
report 1 11390 
graphical 3 11372 11373 11374 
approximate 2 11381 11382 
simulations 11 11987 11988 11989 11990 12138 12139 12140 12141 12194 12195 12196 
meta-level 4 11467 12074 12075 12076 
configurational 2 11724 15488 
workbench 1 12237 
fully 2 11878 11879 
oh 3 12247 12248 12249 
diagnostic 4 12267 12268 12269 12270 
iowa 1 11390 
services 5 11714 11715 11716 11717 11718 
adaptive 9 11444 11445 11551 13167 13168 13169 12039 12040 12041 
gating 3 11724 11725 11726 
flexible 2 12189 12190 
reality 1 11390 
board 2 11724 15488 
composite 9 12138 12139 12140 12141 12213 12214 12215 12216 12217 
agent-based 5 11623 11624 12247 12248 12249 
safety-focused 2 11883 11884 
traffic 5 12129 12130 12131 12132 12133 
benchmarks 2 11551 11552 
verification 7 11883 11884 12042 12043 12092 12093 12094 
colony 5 11684 11685 11711 11712 12880 
motility 1 11770 
porous 2 11904 11905 
infrastructure-as-a-service 2 11701 11702 
enumeration 2 12062 12063 
probabilities 2 11381 11382 
novel 2 12064 12065 
astronomical 3 12080 12081 12082 
expert 2 12032 12033 
ndgf 3 11893 11894 11895 
virtual 11 11370 11371 11390 12036 12037 12038 12128 12267 12268 12269 12270 
region 2 11703 11704 
repositories 5 11502 11503 11504 11505 11506 
experiences 2 15776 16622 
machine-processable 1 12242 
development 8 11553 11554 11555 11556 11849 12080 12081 12082 
assistance 1 11813 
aspects 5 12129 12130 12131 12132 12133 
hypercubes 2 11381 11382 
road 2 11574 11575 
fiber 6 11837 11838 11839 11840 11841 11842 
space 1 11435 
mapreduce 10 12965 12966 12967 12968 12969 11647 11648 12089 12090 12091 
algorithm 9 11703 11704 12077 12078 12079 12238 12239 12240 12241 
acquisition 3 11477 11478 11479 
many-particle 1 11770 
adjustment 4 11532 11533 11534 11535 
pompc 1 11530 
tests 2 11724 15488 
dvs 3 11724 11725 11726 
heterogeneity 2 11506 12553 
mobility 7 11763 11764 11765 11766 11767 11768 11769 
middleware 3 12092 12093 12094 
boosting 4 11678 11679 11680 11681 
frequent 4 12021 12022 12023 12024 
anomaly 5 11719 11720 11721 11722 11723 
in-core 4 12182 12893 12894 12895 
serverless 4 12044 12045 12046 12047 
sql 4 12182 12893 12894 12895 
reasoning 3 12074 12075 12076 
nodes 1 12250 
insights 1 11404 
finance 2 12172 12173 
method 10 11532 11533 11534 11535 11613 11614 11615 12172 12173 12284 
archive 3 12080 12081 12082 
efficiency 10 11597 11598 11599 11600 11601 12213 12214 12215 12216 12217 
main-belt 5 11581 11582 11583 11584 11585 
design 15 11370 11371 11404 11469 11470 12025 12026 12027 12055 12056 12156 12157 12199 12200 12201 
truly 3 12141 13456 13457 
manufacturing 5 12213 12214 12215 12216 12217 
multicore 3 11983 11984 11985 
study 2 15776 16622 
chat 2 11370 11371 
computing 26 11395 11477 11478 11479 11512 11513 11514 11515 11516 11699 11700 11739 11744 11745 11746 11987 11988 11989 11990 12213 12214 12215 12216 12217 12225 12226 
studies 4 11404 11653 11654 11655 
january 1 11954 
relaxed 3 11930 13313 13314 
useful 1 11390 
developing 1 11412 
applications 24 11390 11551 13167 13168 13169 11686 11687 11688 11787 11788 11947 11958 11959 11960 11961 11962 12156 12157 12201 12498 12242 12243 12244 12245 
deforestation 4 11436 11437 11438 11439 
mesh 2 11705 11706 
live 5 11719 11720 11721 11722 11723 
competence 2 11724 15488 
patents 3 15488 15775 15776 
protection 5 11852 11853 11854 11855 11856 
joint 1 12218 
challenges 2 11954 12258 
controlled 3 11686 11687 11688 
means 3 11711 11712 12880 
machine 11 11530 12036 12037 12038 12210 12211 12212 12267 12268 12269 12270 
parallelization 2 11551 11552 
comparison 2 11647 11648 
ameboid 1 11770 
clusters 13 11958 11959 11960 11961 11962 11983 11984 11985 12182 12183 12893 12894 12895 
overlay 4 11878 11879 12225 12226 
proceedings 1 11954 
interference 2 11891 11892 
incremental 3 12089 12090 12091 
hybrid 8 11699 11700 12092 12093 12094 12219 12220 12221 
focal 1 12128 
verifying 2 12197 12198 
highway 6 11837 11838 11839 11840 11841 11842 
t-alloc 4 12238 12239 12240 12241 
projection 1 12284 
theory 2 12062 12063 
improve 5 12213 12214 12215 12216 12217 
resolution 1 11885 
security 7 11763 11764 11765 11766 11767 11768 11769 
cyber 4 12057 12058 12059 12060 
bhr 2 11703 11704 
network 18 11471 11472 11473 11474 11625 11626 11627 11628 11629 11630 12032 12033 12194 12195 12196 12199 12200 12201 
risk 2 11878 11879 
grid 29 11481 11482 11483 11532 11533 11534 11535 11623 11624 11703 11704 11711 11712 11779 11780 11781 11893 11894 11895 12007 12008 12042 12043 12172 12173 12197 12198 12201 12498 
tailor 5 11958 11959 11960 11961 11962 
innovation 2 11724 15488 
healthcare 7 11763 11764 11765 11766 11767 11768 11769 
building 1 12128 
application 22 11391 11465 11466 11467 11468 11469 11470 11613 11614 11615 12064 12065 12090 12091 12511 12512 12189 12190 12267 12268 12269 12270 
alias 4 11678 11679 11680 11681 
task 9 11532 11533 11534 11535 11597 11598 11599 11600 11601 
synchronization 4 12019 12770 12156 12157 
resource 27 11481 11482 11483 11512 11513 11514 11515 11516 11532 11533 11534 11535 11597 11598 11599 11600 11601 11623 11624 12007 12008 12201 12498 12238 12239 12240 12241 
fabrication 3 11385 11386 11387 
problem 4 11451 12247 12248 12249 
interface 3 12039 12040 12041 
provision 5 11512 11513 11514 11515 11516 
database 3 12080 12081 12082 
lisp 1 11484 
ip 4 12044 12045 12046 12047 
ecrc 1 12218 
commodity 5 11958 11959 11960 11961 11962 
cooperating 1 12250 
implementation 9 11930 13313 13314 11947 12055 12056 12199 12200 12201 
compiler-controlled 3 11928 11929 11930 
identification 5 11719 11720 11721 11722 11723 
responsive 1 12237 
neptune 2 12032 12033 
scientific 9 11502 11503 11504 11505 11506 11987 11988 11989 11990 
synrac 2 11469 11470 
things 10 11763 11764 11765 11766 11767 11768 11769 11802 11803 11804 
modules 5 11852 11853 11854 11855 11856 
smart 4 12057 12058 12059 12060 
energy 6 11579 11580 12238 12239 12240 12241 
technique 3 11565 12281 12282 
intelligent 4 11553 11554 11555 11556 
mpi 5 11647 11648 11983 11984 11985 
mplambdas 3 12199 12200 12201 
qos 5 11714 11715 11716 11717 11718 
power-aware 3 11724 11725 11726 
e-mail 2 12055 12056 
production 3 12080 12081 12082 
delegation 2 12197 12198 
fluid 1 12237 
scheme 20 11719 11720 11721 11722 11723 11763 11764 11765 11766 11767 11768 11769 11802 11803 11804 11991 11992 11993 12182 12183 
concurrent 5 11983 11984 11985 12019 12020 
convergence 1 11412 
static 4 11532 11533 11534 11535 
lop 3 11983 11984 11985 
multicomputer 2 12271 12272 
catalog 3 12080 12081 12082 
consistency 3 11930 13313 13314 
constraints 2 11444 11445 
contaminant 2 11904 11905 
ants 3 12077 12078 12079 
suggest 3 12077 12078 12079 
hpc 4 11526 11527 11528 11529 
models 9 11616 11617 11618 11619 11724 15488 11930 13313 13314 
kernels 4 11987 11988 11989 11990 
load 3 12092 12093 12094 
cloud-based 3 12039 12040 12041 
elastic 4 12090 12091 12511 12512 
devices 4 12057 12058 12059 12060 
behave 3 12247 12248 12249 
face 4 12262 12263 12264 12265 
vm 5 11719 11720 11721 11722 11723 
complex 1 12258 
vi 2 11900 11901 
events 2 12064 12065 
coordination 3 12025 12026 12027 
origin-based 2 11705 11706 
data 31 12965 12966 12967 12968 12969 11477 11478 11479 11512 11513 11514 11515 11516 11558 11559 11560 11561 11562 11563 11703 11704 12104 12105 12182 12893 12894 12895 12238 12239 12240 12241 
use 4 11987 11988 11989 11990 
digital 5 11609 11610 11611 11612 11885 
virtualized 2 11579 11580 
hoc 4 11891 11892 12174 12175 
executed 5 11852 11853 11854 11855 11856 
schedulers 2 12019 12020 
wait-free 2 12156 12157 
dynamics 5 12070 12071 12237 12271 12272 
best 1 12176 
citizen 4 11436 11437 11438 11439 
fortran 2 11433 11434 
websim 1 12176 
transactional 2 11684 11685 
documents 4 15488 15775 15776 12242 
trust 6 11878 11879 12242 12243 12244 12245 
learning 1 11738 
fault 6 11883 11884 12267 12268 12269 12270 
resource-aware 2 12201 12498 
selection 6 12039 12040 12041 12074 12075 12076 
immersive 1 11390 
relationship 3 15488 15775 15776 
pattern 7 12021 12022 12023 12024 12025 12026 12027 
presence 4 11830 11831 11832 11833 
modeling 3 11893 11894 11895 
epidemics 4 11616 11617 11618 11619 
high-tech 3 15488 15775 15776 
reliability-driven 3 11779 11780 11781 
utrecht 1 11986 
decentralized 9 11481 11482 11483 11623 11624 11878 11879 12104 12105 
mra 5 12965 12966 12967 12968 12969 
infrastructure 5 11719 11720 11721 11722 11723 
grids 4 11711 12880 12104 12105 
centre 1 12218 
modeler 4 11609 11610 11611 11612 
solvers 6 11433 11434 12138 12139 12140 12141 
economic-based 2 12007 12008 
science 6 11436 11437 11438 11439 11954 11986 
architectures 9 11465 11466 11467 11468 11471 11472 11473 11474 11659 
practical 4 12238 12239 12240 12241 
matrices 2 11433 11434 
cryptosystem 2 12055 12056 
considering 5 11512 11513 11514 11515 11516 
benchmarking 1 11530 
ordering 1 11451 
time-scale 2 12070 12071 
conference 1 11954 
shared 2 11551 11552 
cellular 5 11385 11386 11387 11738 11887 
networks 17 11573 11738 11739 11878 11879 11891 11892 12039 12040 12041 12174 12175 12219 12220 12221 12225 12226 
control 5 11469 11470 12074 12075 12076 
enabled 7 11763 11764 11765 11766 11767 11768 11769 
scheduler 3 12036 12037 12038 
energy-credit 3 12036 12037 12038 
mexico 6 11837 11838 11839 11840 11841 11842 
gsc-ii 3 12080 12081 12082 
parameterisation 5 11958 11959 11960 11961 11962 
japanese 2 11972 11973 
bi-level 5 11512 11513 11514 11515 11516 
extraction 4 12262 12263 12264 12265 
preliminary 3 12210 12211 12212 
evolving 2 12019 12020 
cost 5 11565 12090 12091 12511 12512 
workflow 5 11502 11503 11504 11505 11506 
logic 4 11465 11466 11467 11468 
reduce 1 11824 
modified 2 11703 11704 
osi 1 11408 
transitions 1 12258 
nauta 4 11471 11472 11473 11474 
comparative 6 15776 16622 12242 12243 12244 12245 
passive 2 12281 12282 
irregular 4 11433 11434 12172 12173 
empirical 1 11404 
posture 3 15488 15775 15776 
model 8 11412 11579 11580 11983 11984 11985 12189 12190 
lattice 1 11887 
workspace 4 11609 11610 11611 11612 
rf 2 12281 12282 
large-scale 5 11878 11879 12089 12090 12091 
massively 1 11849 
sup 2 11878 11879 
instrumentation 3 11477 11478 11479 
peer-to-peer 3 12219 12220 12221 
neuroscience 4 11609 11610 11611 11612 
symbiosis 2 11787 11788 
weighted 4 11498 11499 11500 11501 
cad 1 11660 
performance 25 11433 11434 11477 11478 11479 11551 13167 13168 13169 11647 11648 11659 11744 11745 11746 11825 11900 11901 12182 12893 12894 12895 12194 12195 12196 
allocation 10 11532 11533 11534 11535 12007 12008 12238 12239 12240 12241 
multiple 2 12070 12071 
uncertainty 5 12213 12214 12215 12216 12217 
neumann 2 11699 11700 
conflicts 2 12231 12232 
protocol 2 12197 12198 
regular 1 11573 
computer--how 1 11880 
differentiation 3 12141 13456 13457 
web-based 1 12176 
pde-based 4 12138 12139 12140 12141 
dataflow 5 11699 11700 12210 12211 12212 
videoconferencing 4 12044 12045 12046 12047 
examining 3 15488 15775 15776 
authentication 3 11991 11992 11993 
temporal 4 12021 12022 12023 12024 
changing 4 11526 11527 11528 11529 
directed 2 11381 11382 
service 10 11684 11685 12007 12008 12042 12043 12182 12893 12894 12895 
microscopic 1 11885 
circuit 3 11385 11386 11387 
routable 2 11381 11382 
coupled 1 11659 
high 10 11433 11434 11744 11745 11746 11885 12057 12058 12059 12060 
mosix 3 12092 12093 12094 
consolidation 5 11597 11598 11599 11600 11601 
curve 2 12055 12056 
numeric 1 11631 
demosaicking 3 11991 11992 11993 
reducing 1 11565 
citations 3 15488 15775 15776 
revolution 1 11880 
mechanism 4 12042 12043 12201 12498 
prototype 3 12210 12211 12212 
hierarchical 11 11581 11582 11583 11584 11585 12019 12770 12267 12268 12269 12270 
axisymmetric 1 11565 
simulating 2 11506 12553 
evolutionary 2 12019 12020 
high-dimensional 2 12172 12173 
compression 3 12252 12253 12254 
visualizations 1 11824 
information 3 15488 15775 15776 
problems 13 11613 11614 11615 12062 12063 12129 12130 12131 12132 12133 12172 12173 12284 
semantic-supported 2 11623 11624 
national 2 11972 11973 
operational 2 11724 15488 
table 4 11678 11679 11680 11681 
analytics 5 11512 11513 11514 11515 11516 
strategic 3 15488 15775 15776 
quantization 4 11498 11499 11500 11501 
decentralised 1 11391 
position-based 2 11891 11892 
planning 9 11857 11858 11859 11860 11861 11862 11863 12032 12033 
associations 4 12021 12022 12023 12024 
trees 2 11883 11884 
computation 3 12019 12020 12258 
approaches 4 12242 12243 12244 12245 
mimd 4 11825 12194 12195 12196 
ranking 5 11714 11715 11716 11717 11718 
fault-tolerant 4 11381 11382 11705 11706 
non-dedicated 2 11444 11445 
placement 6 12965 12966 12967 12968 12969 11391 
contours 4 12262 12263 12264 12265 
qos-aware 2 11684 11685 
assisted 3 11724 11725 11726 
examination 5 12213 12214 12215 12216 12217 
physics 3 11653 11654 11655 
split-layer 3 12039 12040 12041 
snooping 3 11928 11929 11930 
secure 7 11852 11853 11854 11855 11856 12055 12056 
centers 15 11512 11513 11514 11515 11516 11558 11559 11560 11561 11562 11563 12238 12239 12240 12241 
mapping 1 12250 
retrieval 4 12021 12022 12023 12024 
techniques 4 11824 12074 12075 12076 
effective 9 11502 11503 11504 11505 11506 11532 11533 11534 11535 
private 4 11830 11831 11832 11833 
version 4 11498 11499 11500 11501 
mode 2 16622 16623 
accurate 5 11597 11598 11599 11600 11601 
optimized 7 11613 11614 11615 12090 12091 12511 12512 
highly 3 12210 12211 12212 
n-expression 1 11631 
horizons 1 11395 
giving 2 12189 12190 
computationalfarms 2 11444 11445 
algebra 3 12092 12093 12094 
failures 2 11647 11648 
migration 5 11719 11720 11721 11722 11723 
robust 6 11469 11470 12138 12139 12140 12141 
edge 2 12189 12190 
fifth 2 11972 11973 
cases 1 11565 
cache 6 11659 11928 11929 11930 13313 13314 
foliations 3 12083 12084 12085 
sla-constrained 2 12201 12498 
research 1 12218 
framework 6 11878 11879 12019 12770 12104 12105 
hardware-based 3 11928 11929 11930 
meta-scheduling 2 11711 12880 
grid-computing 2 12007 12008 
process 9 11404 12092 12093 12094 12213 12214 12215 12216 12217 
point 1 12128 
integrated 4 11385 11386 11387 11631 
industrial 2 11947 12218 
governance-innovation 3 15488 15775 15776 
balancing 3 12092 12093 12094 
databases 1 11451 
directory 1 11813 
self-organizing 2 12281 12282 
compiler 1 11530 
cloud 24 11395 11512 11513 11514 11515 11516 11714 11715 11716 11717 11718 11719 11720 11721 11722 11723 11744 11745 11746 12036 12037 12038 12189 12190 
reversible 5 11991 11992 11993 12070 12071 
based 29 11381 11382 11512 11513 11514 11515 11516 11532 11533 11534 11535 11573 11684 11685 11703 11704 15488 15775 15776 11878 11879 12007 12008 12057 12058 12059 12060 12064 12065 
cyber-physical 4 12057 12058 12059 12060 
users 4 12032 12033 12189 12190 
subjects 1 11885 
neighbor-selection 3 12219 12220 12221 
determination 1 11573 
remote 3 11477 11478 11479 
patent 3 15488 15775 15776 
race 3 11686 11687 11688 
impact 2 16622 16623 
scheduling 29 12965 12966 12967 12968 12969 11444 11445 11532 11533 11534 11535 11724 11725 11726 11779 11780 11781 11857 11858 11859 11860 11861 11862 11863 12019 12020 12770 12064 12065 
programmable 1 12181 
grand 1 11954 
encryption 6 11741 11742 11743 11802 11803 11804 
model-based 4 11553 11554 11555 11556 
survey 2 11972 11973 
power 3 11724 11725 11726 
algorithms 5 11852 11853 11854 11855 11856 
macroeconomics 4 11532 11533 11534 11535 
systems 19 11372 11373 11374 11412 11659 11711 11712 11849 12036 12037 12038 12083 12084 12085 12194 12195 12196 12197 12198 
cluttering 1 11824 
connection 1 11530 
videos 4 12262 12263 12264 12265 
global 8 11678 11679 11680 11681 12044 12045 12046 12047 
greener 6 11558 11559 11560 11561 11562 11563 
intellectual 2 16622 16623 
class 6 11558 11559 11560 11561 11562 11563 
symbolic 1 11631 
symmetric 3 11741 11742 11743 
pachycondyla 3 12077 12078 12079 
stable 2 11891 11892 
producing 1 11885 
electrosmog 1 11660 
formal 3 12092 12093 12094 
default 3 12074 12075 12076 
environment 19 11372 11373 11374 11477 11478 11479 11551 13167 13168 13169 11686 11687 11688 12032 12033 12267 12268 12269 12270 
neighborhood-based 2 11891 11892 
program 4 11678 11679 11680 11681 
energy-aware 3 12036 12037 12038 
replicator 3 12025 12026 12027 
images 4 12262 12263 12264 12265 
transputer 4 11471 11472 11473 11474 
policy 2 12201 12498 
media 2 11904 11905 
passing 1 11825 
management 14 16622 16623 11878 11879 12104 12105 12174 12175 12201 12498 12242 12243 12244 12245 
efficient 9 11502 11503 11504 11505 11506 12238 12239 12240 12241 
administration 4 11471 11472 11473 11474 
direction 1 11573 
movies 1 11885 
state 1 11390 
ecosystems 4 11616 11617 11618 11619 
analytical 2 11647 11648 
evaluation 16 11370 11371 11477 11478 11479 11659 11928 11929 11930 13313 13314 11972 11973 12210 12211 12212 
biotechnology 3 15488 15775 15776 
controls 3 12019 12020 12770 
fit 3 15488 15775 15776 
interactive 2 11904 11905 
order 3 11613 11614 11615 
von 2 11699 11700 
integrators 3 12083 12084 12085 
dynamiccloudsim 2 11506 12553 
vector 4 11498 11499 11500 11501 
representations 3 12247 12248 12249 
making 4 11390 12141 13456 13457 
descriptive 4 11465 11466 11467 11468 
availability 3 11481 11482 11483 
office 2 11579 11580 
university 7 11390 11837 11838 11839 11840 11841 11842 
matter 1 12181 
update-based 3 11930 13313 13314 
evaluating 4 11436 11437 11438 11439 
volunteers 4 11436 11437 11438 11439 
strategy 7 11532 11533 11534 11535 12219 12220 12221 
tasks 1 12250 
gases 1 11887 
eigenvalue 1 12284 
technologies 4 11526 11527 11528 11529 
multimedia 4 11574 11575 12189 12190 
administrator 2 12201 12498 
specification 2 12042 12043 
industries 3 15488 15775 15776 
cluster 2 11900 11901 
benefits 2 11701 11702 
group 6 11481 11482 11483 12083 12084 12085 
lie 3 12083 12084 12085 
atlas 3 11893 11894 11895 
storage 6 11558 11559 11560 11561 11562 11563 
