<Keyword> <No of vertices> <vertex1> <vertex2> .... <vertexN> 
alliance 5 16620 16621 16800 16801 16802 
developed 6 16629 16630 16631 16632 16633 16754 
competitors 1 16799 
awareness 1 16759 
chance 4 16470 16471 16472 16473 
knowledge-intensive 1 16447 
managing 19 16332 16333 16334 16355 16434 16435 16436 16447 16509 16661 16662 16666 16667 16715 16776 17179 16828 16831 16853 
networked 2 16356 16827 
macrostructures 1 16547 
promoting 4 16639 16735 16736 16737 
icbs 1 16644 
role 15 16374 16375 16393 16441 16442 16525 16526 16527 16658 16659 16709 16735 16736 16737 16827 
product-service 4 16470 16471 16472 16473 
intelligence 1 16670 
organisational 8 16351 16369 16370 16418 16419 16420 16539 16639 
host 2 16656 16657 
evolution 7 16394 16395 16396 16528 16570 16571 16572 
project 11 16356 16525 16526 16527 16571 16900 16663 16664 16665 16796 16797 
european 7 16348 16349 16350 16451 16452 16700 16701 
paradox 3 16369 16370 16539 
elicitation 2 16326 16327 
transnational 1 16698 
quality 12 16332 16333 16334 16361 16362 16363 16364 16365 16571 16900 16568 16569 
activity-based 2 16616 16617 
dynamic 1 16393 
innovate 1 16507 
knowledge 68 16348 16349 16350 16355 16367 16368 16409 16410 16497 16498 16441 16442 16445 16446 16474 16475 16476 16481 16494 16495 16496 16509 16519 16520 16533 16534 16535 16536 16539 17308 17309 16547 16558 16559 16560 16561 16562 16563 16574 16575 16591 16592 16593 16594 16609 16610 16611 16616 16617 16619 16645 16646 16647 16682 16683 16684 16709 16799 16821 16822 16823 16824 16825 16826 16831 16844 16862 16863 
unique 3 16648 16649 16650 
communications 3 16522 16523 16524 
mediating 2 16374 16375 
absorptive 3 16374 16375 16695 
emphasis 3 16609 16610 16611 
standardisation 1 16688 
sweden 2 16517 16518 
taiwan 9 16437 16438 16439 16440 16634 16668 16669 16843 16860 
indicators 4 16511 16512 16513 16514 
electronic 2 16482 16483 
bloggers 2 16517 16518 
standards 4 16352 16353 16354 16480 
licensing 3 16416 16841 16842 
brazil 6 16511 16512 16513 16514 16694 16906 
invest 2 16700 16701 
new 15 16367 16368 16387 16395 16396 16602 16619 16639 16697 16817 16818 16819 16820 16843 17091 
tsmc 4 16417 17047 17048 17049 
public 7 16450 16464 16521 16697 16760 16761 16844 
hong 2 16705 16706 
resources 3 16566 16567 16695 
paradigm 2 16355 16387 
change 10 16381 16558 16559 16560 16715 16730 16731 16732 16733 16861 
tool 1 16355 
spillovers 2 16519 16520 
distributed 1 16670 
lead 3 16525 16526 16527 
dialogue 1 16742 
firms 16 16344 16345 16394 16395 16396 16530 16531 16532 16579 16580 16581 16619 16720 16721 16722 16842 
kong 2 16705 16706 
consumer 2 16707 16708 
ambidextrous 2 16490 16491 
capital 16 16335 16336 16337 16618 16636 16637 16638 16644 16694 16906 16760 16761 16817 16818 16819 16820 
policies 4 16395 16396 16537 16639 
software 6 16362 16363 16364 16365 16387 16486 
medical 1 16509 
tourists 1 16860 
component 3 16675 16676 16677 
technological 21 16341 16342 16343 16349 16451 16452 16436 16470 16471 16472 16473 16619 16694 16906 16799 16808 16809 16821 16822 16843 17091 
perspective 18 16409 16410 16411 16482 16483 16486 16574 16575 16648 16649 16650 16666 16667 16685 16686 16687 16854 16855 
capacity-building 4 16748 16749 16750 16751 
climate 2 16571 16900 
processes 6 16609 16610 16611 16694 16829 16830 
entrepreneurial 4 16417 17047 17048 17049 
country 4 16769 16770 16771 16772 
proximity 6 16428 16429 16591 16592 16593 16594 
lean 7 16393 16678 16679 16680 16681 16858 16859 
careers 1 16547 
factors 9 16330 16331 16402 16403 16404 16656 16657 16858 16859 
determining 3 16525 16526 16527 
linking 2 16862 16863 
fast 2 16707 16708 
extending 3 16723 16724 16725 
hope 1 16448 
governance 4 16720 16721 16722 16799 
evidence 22 16400 16401 16402 16403 16404 16678 16679 16680 16681 16694 16906 16720 16721 16722 16817 16818 16819 16820 16823 16824 16825 16826 
reflections 1 16828 
perceived 1 16450 
analysis 19 16362 16363 16364 16365 16395 16396 16481 16548 16549 16550 16551 16561 16562 16563 16841 16842 16860 16862 16863 
education 1 16521 
creativity 4 16589 16590 16661 16662 
simulation 1 16828 
business 13 16376 16377 16378 16387 16448 16456 16457 16463 16470 16471 16472 16473 16827 
hotels 2 16705 16706 
fdi 2 16400 16401 
findings 7 16528 16570 16571 16572 16653 16654 16655 
possible 2 16661 16662 
fuzzy 6 16505 16506 16668 16669 16821 16822 
complementary 2 16374 16375 
assembling 3 16675 16676 16677 
activity 8 16472 17298 16494 16495 16496 16845 16846 16847 
talk 2 16781 16782 
music 2 16482 16483 
lessons 7 16436 16730 16731 16732 16733 16760 16761 
ventures 3 16400 16401 16719 
frontiers 3 16648 16649 16650 
transformation 6 16355 16376 16377 16378 16649 17072 
advantage 2 16441 16442 
relations 1 16464 
outsourcing 3 16486 16773 16774 
inside 2 16694 16906 
taiyen 3 16376 16377 16378 
categories 2 16468 16469 
venture 10 16361 16618 16700 16701 16760 16761 16817 16818 16819 16820 
economies 7 16528 16570 16571 16572 16794 16795 16848 
adding 3 16494 16495 16496 
assessment 4 16379 16380 16668 16669 
engineers 2 16596 16597 
ipvm 1 16414 
programmes 3 16349 16451 16452 
responsive-integrative 2 16490 16491 
influences 4 16530 16531 16532 16634 
improved 3 16636 16637 16638 
social 11 16517 16518 16566 16946 16723 16724 16725 16786 16787 16788 16853 
capability 5 16394 16395 16396 16510 16848 
nations 1 16698 
constructing 2 16441 16442 
orientation 1 16634 
transfer 17 16331 16361 16552 16553 16591 16592 16593 16594 16682 16683 16684 16705 16706 16823 16824 16825 16826 
consequences 4 16344 16345 16502 16842 
support 8 16414 16738 16739 16821 16822 16829 16830 16861 
spanish 2 16346 16347 
medium-sized 2 16587 16588 
manufacturers 4 16437 16438 16439 16440 
career 2 16369 16370 
establishing 1 16827 
distribution 3 16645 16646 16647 
dominant 1 16688 
startup 3 16800 16801 16802 
ramp 2 16684 16816 
decisions 5 16656 16657 16810 16811 16812 
disclosure 3 16636 16637 16638 
publicly 3 16348 16349 16350 
csr 5 16653 16654 16655 16854 16855 
virtual 8 16357 16358 16359 16558 16559 16560 16702 16703 
foresight 3 16762 16763 16764 
europe 1 16331 
egyptian 2 16757 16758 
holy 1 16831 
space 2 16616 16617 
acquisition 1 16509 
st-century 1 16742 
perceptions 4 16571 16900 16700 16701 
biodiesel 4 16511 16512 16513 16514 
hierarchy 2 16668 16669 
products 1 16361 
built 1 16778 
note 1 16848 
identifying 3 16582 16583 16584 
inducing 3 16409 16410 16411 
productivity 2 16684 16816 
diversity 2 16430 16431 
marketing 5 16344 16345 16648 16649 16650 
sciences 1 16742 
links 2 16843 17091 
brainspace 2 16702 16703 
tech 2 16649 17072 
studying 2 16836 16837 
navigating 2 16328 16329 
insights 1 16444 
improvement 5 16568 16569 16694 16781 16782 
method 4 16470 16471 16472 16473 
efficiency 3 16558 16559 16560 
high-end 1 16518 
manufacturing 7 16400 16401 16402 16403 16404 16552 16553 
initiatives 3 16653 16654 16655 
spain 4 16769 16770 16771 16772 
related 3 16474 16475 16476 
rigidities 4 16409 16410 16497 16498 
action 2 16821 16822 
flexibility 6 16539 16582 16583 16584 16776 17179 
patents 5 16470 16471 16472 16473 16480 
cycle 1 16853 
joint 3 16361 16400 16401 
means 4 16348 16349 16350 16381 
peripheral 3 16381 16794 16795 
assist 5 16629 16630 16631 16632 16633 
linkages 5 16349 16451 16452 16519 16520 
team 3 16609 16610 16611 
co-adaptation 2 16808 16809 
sectors 2 16456 16457 
owned 1 16381 
corporate 9 16448 16480 16720 16721 16722 16786 16787 16788 16853 
technocratic 1 16697 
inter-industry 3 16409 16410 16411 
subcontractors 2 16346 16347 
clusters 11 16359 16388 16389 16390 16391 16392 16430 16431 16653 16654 16655 
hybrid 1 16443 
conceptual 2 16528 16529 
african 2 16862 16863 
belarus 1 16719 
goods 4 16694 16906 16707 16708 
collaborations 6 16447 16823 16824 16825 16826 16844 
security 2 16862 16863 
silicon 1 16853 
requirements 2 16326 16327 
nanotechnologies 2 16430 16431 
paths 1 16694 
effectiveness 3 16367 17352 17353 
ex-state 1 16381 
mesoeconomic 2 16808 16809 
path 2 16700 16701 
quantitative 2 16379 16380 
hi-tech 2 16813 16814 
innovation 113 16341 16342 16343 16352 16353 16354 16359 16388 16389 16390 16391 16392 16367 16368 16374 16375 16393 16394 16395 16396 16402 16403 16404 16409 16410 16411 16497 16498 16417 16437 16438 16439 16440 16443 16456 16457 16459 16468 16469 16472 17298 16474 16475 16476 16481 16510 16511 16512 16513 16514 16537 16561 16562 16563 16566 16567 16946 16582 16583 16584 16585 16586 16589 16590 16591 16592 16593 16594 16620 16621 16661 16662 16670 16685 16686 16687 16702 16703 16704 16707 16708 16735 16736 16737 16748 16749 16750 16751 16754 16760 16761 16768 16777 16796 16797 16800 16801 16802 16813 16814 16817 16818 16819 16820 16829 16830 16831 16839 16840 16843 17091 16854 16855 
major 2 16707 16708 
drug 4 16548 16549 16550 16551 
building 2 16844 16848 
investments 4 16528 16529 16794 16795 
play 2 16649 17072 
indian 3 16486 16672 16673 
database 3 16663 16664 16665 
environmental 2 16330 16331 
mainland 1 16860 
identification 4 16470 16471 16472 16473 
implementation 8 16330 16331 16437 16438 16439 16440 16781 16782 
scientific 6 16335 16336 16337 16845 16846 16847 
inter-firm 8 16367 16368 16447 16694 16769 16770 16771 16772 
alliances 8 16367 17352 17353 16441 16442 16799 16841 16842 
competitive 1 16688 
innovations 6 16376 16377 16378 16490 16491 16639 
challenging 2 16566 16567 
energy 5 16603 16604 16605 16700 16701 
discussion 1 16537 
american-polish 1 16361 
themes 2 16566 16946 
equipment 3 16685 16686 16687 
customer 6 16456 16457 16492 16493 16773 16774 
countries 8 16444 16552 16553 16629 16630 16631 16632 16633 
brazilian 2 16585 16586 
production 9 16355 16547 16645 16646 16647 16678 16679 16680 16681 
practices 8 16367 16368 16474 16475 16476 16481 16587 16588 
streamlined 1 16381 
valuation 3 16716 16717 16718 
concurrent 1 16414 
petropolis 2 16585 16586 
convergence 6 16409 16410 16411 16434 16435 16459 
structured 4 16409 16410 16497 16498 
supplier 1 16462 
responsibility 4 16448 16786 16787 16788 
integrate 1 16619 
selling 3 16494 16495 16496 
hamamatsu 3 16539 17308 17309 
baan 1 16778 
styles 4 16417 17047 17048 17049 
variables 3 16582 16583 16584 
pricing 1 16416 
models 9 16351 16379 16380 16566 16567 16684 16816 16760 16761 
teams 5 16357 16358 16359 16414 16450 
mergers 4 16591 16592 16593 16594 
assemblers 2 16803 16804 
innovativeness 1 16480 
examples 1 16537 
complex 3 16352 16353 16354 
risk-return 2 16700 16701 
coordination 3 16525 16526 16527 
use 9 16568 16569 16645 16646 16647 16678 16679 16680 16681 
elimination 2 16858 16859 
life 1 16853 
relevance 3 16762 16763 16764 
citizen 2 16596 16597 
diffusion 6 16603 16604 16605 16653 16654 16655 
nano-enabled 4 16548 16549 16550 16551 
buyers 2 16841 16842 
seed 2 16862 16863 
trust 2 16492 16493 
learning 11 16357 16358 16359 16367 17352 17353 16374 16375 16694 16906 16848 
emergence 1 16688 
reinvent 1 16444 
medium 2 16462 16634 
capability-accumulation 1 16694 
practice 9 16528 16570 16571 16572 16558 16559 16560 16566 16946 
cognition 2 16808 16809 
world 2 16707 16708 
propensity 1 16481 
implicit 2 16620 16621 
organisations 2 16428 16429 
science 11 16511 16512 16513 16514 16629 16630 16631 16632 16633 16742 16844 
metal 3 16579 16580 16581 
outside-in 2 16490 16491 
dutch 3 16579 16580 16581 
germany 1 16537 
strengths 2 16796 16797 
toxics 2 16596 16597 
china 21 16400 16401 16528 16570 16571 16572 16698 16705 16706 16748 16749 16750 16751 16817 16818 16819 16820 16823 16824 16825 16826 
control 6 16619 16661 16662 16675 16676 16677 
mainstream 1 16387 
inside-out 2 16490 16491 
electric 2 16443 16480 
economy 4 16351 16352 16353 16354 
internalisation 3 16609 16610 16611 
evolving 1 16464 
economic 4 16585 16586 16658 16659 
processual 1 16539 
benchmark 4 16409 16410 16497 16498 
photonics 3 16539 17308 17309 
tapping 4 16533 16534 16535 16536 
case 45 16346 16347 16367 17352 17353 16376 16377 16378 16418 16419 16420 16456 16457 16463 16472 17298 16494 16495 16496 16517 16518 16539 17308 17309 16548 16549 16550 16551 16558 16559 16560 16609 16610 16611 16682 16683 16684 16704 16707 16708 16754 16769 16770 16771 16772 
innovative 4 16748 16749 16750 16751 
appropriability 2 16620 16621 
managerial 2 16668 16669 
stability 1 16539 
maze 2 16328 16329 
setting 2 16596 16597 
swiss 1 16742 
acquiring 2 16620 16621 
performance 23 16374 16375 16400 16401 16402 16403 16404 16472 17298 16518 16525 16526 16527 16634 16694 16773 16774 16794 16795 16800 16801 16802 16860 
exploratory 1 16576 
cradle-to-cradle-oriented 3 16579 16580 16581 
multiple 3 16463 16707 16708 
latecomer 2 16694 16906 
formation 1 16843 
profile 2 16492 16493 
chip 1 16698 
protocol 3 16352 16353 16354 
advantages 2 16346 16347 
community 4 16441 16442 16482 16483 
korean 8 16344 16345 16402 16403 16404 16522 16523 16524 
effect 2 16374 16375 
genetic 2 16862 16863 
regional 7 16510 16519 16520 16585 16586 16670 16827 
learned 1 16742 
smes 5 16472 17298 16653 16654 16655 
changing 2 16355 16842 
core 4 16409 16410 16497 16498 
implementing 4 16730 16731 16732 16733 
high 8 16561 16562 16563 16649 17072 16775 16776 17179 
universities 5 16823 16824 16825 16826 16844 
electronics 4 16346 16347 16519 16520 
involvement 3 16492 16493 16602 
npd 7 16525 16526 16527 16796 16797 16836 16837 
birth 2 16661 16662 
inhibitors 2 16781 16782 
corporation 1 16361 
privatisation 3 16331 16658 16659 
significance 1 16832 
umc 4 16417 17047 17048 17049 
know-how 1 16361 
fcm-based 2 16821 16822 
industry 44 16367 17352 17353 16400 16401 16417 16436 16464 16510 16519 16520 16522 16523 16524 16579 16580 16581 16668 16669 16672 16673 16678 16679 16680 16681 16694 16906 16698 16709 16757 16758 16769 16770 16771 16772 16823 16824 16825 16826 16843 16844 16845 16846 16847 
exchange 2 16574 16575 
strategies 11 16416 16436 16459 16579 16580 16581 16777 16800 16801 16802 16843 
continuous 6 16393 16781 16782 16800 16801 16802 
operational 1 16694 
antecedents 2 16344 16345 
planning 3 16356 16738 16739 
satisfaction 3 16773 16774 16860 
syndrome 1 16502 
pharmaceutical 3 16464 16754 16842 
approaches 3 16810 16811 16812 
venturing 1 16853 
e-provider 1 16576 
techniques 4 16362 16363 16364 16365 
valley 1 16853 
start-up 3 16716 16717 16718 
according 3 16402 16403 16404 
amica-wronki 2 16330 16331 
capacity 7 16374 16375 16695 16823 16824 16825 16826 
purposed 2 16649 17072 
evidences 2 16813 16814 
end 3 16619 16821 16822 
networking 2 16585 16586 
applying 2 16668 16669 
characteristics 3 16474 16475 16476 
antibiotic 1 16754 
framework 12 16332 16333 16334 16349 16451 16452 16395 16396 16490 16491 16528 16529 
process 21 16409 16410 16497 16498 16463 16505 16506 16571 16900 16533 16534 16535 16536 16566 16946 16668 16669 16685 16686 16687 16842 
really 2 16700 16701 
chain 5 16462 16482 16483 16854 16855 
fractal 2 16666 16667 
broker 1 16742 
cfd 1 16828 
costing 2 16616 16617 
managers 5 16407 16408 16474 16475 16476 
italian 3 16653 16654 16655 
patent 6 16548 16549 16550 16551 16620 16621 
sources 4 16502 16777 16796 16797 
semiconductor 3 16436 16668 16669 
automotive 11 16675 16676 16677 16678 16679 16680 16681 16769 16770 16771 16772 
boundaries 4 16533 16534 16535 16536 
intellectual 12 16328 16329 16447 16480 16484 16587 16588 16636 16637 16638 16644 16759 
literature 5 16786 16787 16788 16839 16840 
enterprise 4 16437 16438 16439 16440 
samsung 3 16609 16610 16611 
toolkits 2 16839 16840 
policy 10 16395 16396 16486 16521 16656 16657 16697 16762 16763 16764 
manpower 2 16672 16673 
media 5 16517 16518 16723 16724 16725 
administration 1 16697 
finnish 3 16482 16483 16639 
contrasting 2 16571 16900 
cartel-fringe 2 16379 16380 
evaluation 9 16335 16336 16337 16528 16529 16537 16576 16684 16816 
sharing 3 16558 16559 16560 
discontinuities 1 16436 
designs 1 16688 
implications 9 16486 16492 16493 16566 16946 16649 17072 16656 16657 
localised 1 16670 
recruitment 3 16845 16846 16847 
acceptance 2 16757 16758 
university 6 16589 16590 16823 16824 16825 16826 
leadership 3 16571 16900 16634 
overcoming 4 16326 16327 16566 16567 
evaluating 5 16773 16774 16810 16811 16812 
dependence 2 16700 16701 
geographical 2 16428 16429 
technology-based 4 16591 16592 16593 16594 
labour 1 16639 
entrepreneurship 3 16735 16736 16737 
sourcing 4 16695 16810 16811 16812 
starter 3 16609 16610 16611 
wella 3 16663 16664 16665 
special 3 16609 16610 16611 
benefits 2 16796 16797 
user 5 16561 16562 16563 16839 16840 
total 4 16362 16363 16364 16365 
using 7 16470 16471 16472 16473 16505 16506 16860 
communities 3 16558 16559 16560 
etri 3 16682 16683 16684 
search 2 16445 16446 
features 1 16694 
wix-filtron 1 16361 
partner 4 16394 16395 16396 16742 
government 5 16658 16659 16682 16683 16684 
helplessness 1 16450 
ordinary 2 16468 16469 
entrepreneurs 2 16430 16431 
patterns 7 16530 16531 16532 16548 16549 16550 16551 
moving 2 16707 16708 
achieving 1 16831 
biotech 3 16376 16377 16378 
portfolio 5 16394 16395 16396 16738 16739 
companies 12 16381 16525 16526 16527 16688 16716 16717 16718 16754 16810 16811 16812 
effects 8 16472 17298 16480 16492 16493 16568 16569 16688 
molecular 2 16862 16863 
projects 16 16328 16329 16428 16429 16505 16506 16566 16567 16707 16708 16730 16731 16732 16733 16760 16761 
patent-licensing 3 16530 16531 16532 
contingency 2 16836 16837 
air 2 16596 16597 
view 1 16539 
mechanisms 2 16490 16491 
acquisitions 4 16591 16592 16593 16594 
review 7 16775 16776 16786 16787 16788 16839 16840 
continues 1 16778 
idea 3 16663 16664 16665 
oil 2 16379 16380 
measuring 3 16558 16559 16560 
division 1 16361 
interplay 1 16698 
micro-level 2 16400 16401 
affecting 5 16402 16403 16404 16656 16657 
laboratories 5 16589 16590 16735 16736 16737 
logistics 3 16579 16580 16581 
relationships 4 16769 16770 16771 16772 
inter-country 3 16349 16451 16452 
clustering 2 16346 16347 
intensive 2 16456 16457 
shortage 2 16672 16673 
adoption 4 16678 16679 16680 16681 
prescribed 1 16450 
multinationals 3 16418 16419 16420 
firm 4 16694 16906 16773 16774 
web 3 16357 16358 16359 
traditional 5 16376 16377 16378 16616 16617 
history 1 16436 
charts 3 16675 16676 16677 
successful 6 16609 16610 16611 16778 16781 16782 
configuration 3 16394 16395 16396 
versus 2 16616 16617 
driving 3 16418 16419 16420 
revealed 3 16530 16531 16532 
in-house 2 16813 16814 
technology-component 1 16355 
reforming 1 16618 
zambia 2 16545 16546 
competitiveness 10 16437 16438 16439 16440 16448 16627 16709 16786 16787 16788 
seldom 2 16456 16457 
taiwanese 4 16367 17352 17353 16417 
german 1 16619 
environments 2 16571 16900 
integrating 3 16480 16821 16822 
forces 3 16418 16419 16420 
coping 2 16369 16370 
measurement 3 16619 16684 16816 
example 2 16361 16448 
internet 7 16352 16353 16354 16463 16716 16717 16718 
amp 29 16344 16345 16348 16349 16350 16418 16419 16420 16447 16484 16505 16506 16656 16657 16720 16721 16722 16738 16739 16762 16763 16764 16794 16795 16813 16814 16836 16837 16842 
salt 3 16376 16377 16378 
combinations 2 16796 16797 
ict 1 16843 
funded 3 16348 16349 16350 
set 3 16357 16358 16359 
inferior 1 16518 
multi-functional 1 16450 
existing 1 16355 
understanding 3 16762 16763 16764 
purchase 2 16813 16814 
routine 1 16539 
analytic 4 16505 16506 16668 16669 
wix 1 16361 
style 3 16571 16900 16634 
integration 5 16349 16451 16452 16836 16837 
experience 3 16348 16349 16350 
types 3 16582 16583 16584 
sides 1 16843 
export 1 16634 
communication 9 16525 16526 16527 16545 16546 16645 16646 16647 16832 
society 1 16742 
stages 2 16468 16469 
methodology 6 16359 16388 16389 16390 16391 16392 
dimension 2 16519 16520 
cooperative 3 16348 16349 16350 
proposed 2 16405 16406 
approach 7 16369 16370 16443 16547 16639 16738 16739 
heating 3 16603 16604 16605 
enablers 2 16781 16782 
ag 3 16663 16664 16665 
start-ups 1 16463 
growth 5 16394 16395 16396 16585 16586 
rights 1 16484 
self-organisation 2 16482 16483 
sustainable 3 16341 16342 16343 
academies 5 16629 16630 16631 16632 16633 
actor 1 16393 
french 2 16760 16761 
lifecycle 5 16468 16469 16685 16686 16687 
portals 2 16803 16804 
activities 3 16474 16475 16476 
central 1 16331 
creating 3 16361 16618 16861 
structure 1 16381 
commitment 1 16831 
steps 2 16468 16469 
agent-based 1 16509 
network-based 1 16639 
autarky 1 16842 
enabling 3 16618 16858 16859 
thinking 5 16393 16533 16534 16535 16536 
semiconductors 3 16561 16562 16563 
delivery 4 16548 16549 16550 16551 
evaluations 1 16832 
sellers 2 16841 16842 
creation 8 16348 16349 16350 16517 16518 16539 17308 17309 
fashion 3 16448 16517 16518 
experiences 3 16653 16654 16655 
development 52 16341 16342 16343 16359 16388 16389 16390 16391 16392 16362 16363 16364 16365 16367 16368 16387 16405 16406 16414 16462 16486 16545 16546 16602 16619 16629 16630 16631 16632 16633 16649 17072 16670 16685 16686 16687 16730 16731 16732 16733 16735 16736 16737 16748 16749 16750 16751 16775 16776 16843 16858 16859 
descriptor 1 16697 
combinate 1 16381 
talent 2 16668 16669 
influence 2 16688 16694 
strait 1 16843 
capitalists 2 16700 16701 
filtration 1 16361 
appropriation 2 16517 16518 
radical 4 16443 16582 16583 16584 
internal 2 16374 16375 
spatial 1 16510 
navarre 4 16769 16770 16771 16772 
organisation 12 16582 16583 16584 16684 16816 16709 16735 16736 16737 16845 16846 16847 
infonomes 2 16445 16446 
cultivator 2 16862 16863 
outcome 2 16841 16842 
luxembourg 1 16481 
product 27 16362 16363 16364 16365 16367 16368 16402 16403 16404 16414 16434 16435 16468 16469 16602 16619 16649 17072 16661 16662 16775 16776 16810 16811 16812 16858 16859 
persistent 2 16589 16590 
design 12 16357 16358 16359 16434 16435 16448 16661 16662 16698 16810 16811 16812 
technology 76 16331 16332 16333 16334 16367 16368 16400 16401 16407 16408 16416 16417 17047 17048 17049 16434 16435 16502 16505 16506 16511 16512 16513 16514 16522 16523 16524 16528 16529 16570 16571 16572 16530 16531 16532 16552 16553 16596 16597 16603 16604 16605 16609 16610 16611 16618 16639 16648 16649 16650 17072 16672 16673 16678 16679 16680 16681 16695 16705 16706 16757 16758 16762 16763 16764 16769 16770 16771 16772 16775 16776 17179 16813 16814 16841 16842 
individual 2 16369 16370 
location 4 16656 16657 16794 16795 
neoinstitutionalist 1 16547 
perspectives 4 16602 16603 16604 16605 
d-marketing 2 16836 16837 
study 26 16367 17352 17353 16376 16377 16378 16463 16494 16495 16496 16548 16549 16550 16551 16558 16559 16560 16568 16569 16576 16634 16668 16669 16704 16707 16708 
studies 5 16456 16457 16675 16676 16677 
chinese 8 16394 16395 16396 16418 16419 16420 16813 16814 
military 2 16684 16816 
barriers 2 16326 16327 
level 2 16796 16797 
plexuses 2 16808 16809 
participation 4 16326 16327 16596 16597 
value 5 16494 16495 16496 16517 16518 
centres 1 16844 
developing 8 16361 16444 16450 16459 16528 16570 16571 16572 
lever 1 16627 
protection 1 16484 
self-esteem 1 16450 
challenges 11 16409 16410 16497 16498 16434 16435 16566 16946 16648 16649 16650 
overlap 1 16510 
machine 3 16468 16469 16480 
spin-off 1 16381 
professional 2 16545 16546 
comparison 4 16417 17047 17048 17049 
textile 3 16367 17352 17353 
academy 1 16742 
emerging 10 16351 16381 16548 16549 16550 16551 16700 16701 16776 17179 
late 3 16609 16610 16611 
incremental 4 16443 16582 16583 16584 
eastern 1 16331 
citizens 2 16596 16597 
causes 1 16842 
mining 5 16470 16471 16472 16473 16860 
way 2 16507 16564 
stage 3 16409 16410 16411 
network 7 16505 16506 16525 16526 16527 16688 16853 
japan 2 16369 16370 
partners 3 16525 16526 16527 
retention 2 16492 16493 
telecom 2 16757 16758 
banking 3 16720 16721 16722 
healthcare 10 16332 16333 16334 16359 16388 16389 16390 16391 16392 16393 
cost-system 2 16616 16617 
application 12 16359 16388 16389 16390 16391 16392 16362 16363 16364 16365 16684 16816 
standard 2 16596 16597 
transition 4 16436 16603 16604 16605 
agency 2 16760 16761 
growing 1 16842 
customers 3 16602 16803 16804 
infomemes 2 16445 16446 
human 3 16335 16336 16337 
meta-competence 2 16776 17179 
revolutionary 1 16387 
necessary 2 16666 16667 
local 4 16428 16429 16441 16442 
hotel 2 16705 16706 
sme 3 16786 16787 16788 
collaborative 6 16328 16329 16548 16549 16550 16551 
arts 3 16341 16342 16343 
wood 3 16603 16604 16605 
dyadic 2 16574 16575 
determines 2 16841 16842 
torque 3 16675 16676 16677 
imperative 1 16459 
providers 1 16827 
synthesising 1 16539 
resistance 2 16566 16567 
one-chip 1 16564 
industrialising 3 16552 16553 16848 
multinational 5 16705 16706 16810 16811 16812 
international 5 16418 16419 16420 16794 16795 
self-service 2 16757 16758 
firm-level 1 16481 
leading 2 16707 16708 
keygraph 4 16470 16471 16472 16473 
trends 3 16395 16396 16537 
choice 4 16616 16617 16794 16795 
data 4 16675 16676 16677 16860 
vs 2 16571 16900 
digital 3 16352 16353 16354 
differences 3 16344 16345 16694 
critical 1 16848 
personal 1 16509 
dna 2 16445 16446 
dynamics 5 16402 16403 16404 16694 16906 
technology-intensive 3 16418 16419 16420 
crisis 2 16672 16673 
vc 2 16700 16701 
reverse 3 16579 16580 16581 
later 2 16468 16469 
matrix 1 16355 
discontinuous 5 16367 16368 16800 16801 16802 
competencies 2 16666 16667 
factor 1 16448 
automakers 1 16443 
enterprises 10 16402 16403 16404 16462 16587 16588 16634 16705 16706 16768 
institute 3 16682 16683 16684 
pattern 3 16394 16395 16396 
tv 1 16564 
high-tech 11 16344 16345 16402 16403 16404 16437 16438 16439 16440 16510 16709 
sociocultural 2 16344 16345 
analysing 1 16355 
allocating 4 16566 16567 16760 16761 
selecting 2 16505 16506 
irish 2 16519 16520 
dart 3 16723 16724 16725 
questionnaire 1 16828 
corporations 3 16480 16843 17091 
pellet 3 16603 16604 16605 
benchmarking 2 16627 16644 
networks 4 16698 16803 16804 16832 
text 4 16470 16471 16472 16473 
sub-saharan 5 16629 16630 16631 16632 16633 
maintenance 2 16589 16590 
alternative 3 16335 16336 16337 
japanese 11 16443 16480 16530 16531 16532 16709 16720 16721 16722 16754 16842 
size 1 16462 
associated 3 16582 16583 16584 
sa 2 16330 16331 
comparative 3 16675 16676 16677 
reforms 3 16376 16377 16378 
foreign 2 16656 16657 
spur 3 16349 16451 16452 
empirical 10 16561 16562 16563 16634 16668 16669 16813 16814 16841 16842 
model 19 16335 16336 16337 16405 16406 16409 16410 16411 16649 17072 16658 16659 16668 16669 16723 16724 16725 16836 16837 
engineering 1 16521 
supply 8 16356 16462 16482 16483 16803 16804 16854 16855 
qs 1 16361 
globe 1 16448 
institution 3 16522 16523 16524 
functions 1 16381 
small-scale 3 16603 16604 16605 
co-evolution 3 16522 16523 16524 
grail 1 16831 
dsm 1 16704 
service 5 16450 16456 16457 16827 16860 
operations 1 16387 
denmark 2 16658 16659 
success 5 16823 16824 16825 16826 16832 
costly 1 16484 
shell 1 16507 
waste 5 16579 16580 16581 16858 16859 
dana 1 16361 
risks 2 16707 16708 
motivation 1 16768 
technical 5 16335 16336 16337 16775 16776 
open 9 16459 16472 17298 16474 16475 16476 16685 16686 16687 
evolutionary 3 16409 16410 16411 
vehicles 1 16443 
agile 2 16552 16553 
externalising 1 16853 
information 30 16405 16406 16417 16434 16435 16522 16523 16524 16528 16529 16545 16546 16618 16636 16637 16638 16645 16646 16647 16666 16667 16670 16672 16673 16678 16679 16680 16681 16829 16830 
form 1 16355 
national 10 16629 16630 16631 16632 16633 16735 16736 16737 16843 17091 
interaction 2 16456 16457 
fair 1 16448 
strategic 17 16341 16342 16343 16367 17352 17353 16405 16406 16525 16526 16527 16539 17308 17309 16582 16583 16584 
east-west 1 16719 
agglomerations 2 16519 16520 
associations 1 16393 
post-fordist 1 16351 
collaboration 6 16394 16395 16396 16702 16703 16842 
takeda 1 16754 
institutions 3 16428 16429 16698 
effective 3 16609 16610 16611 
empowering 2 16803 16804 
partnerships 4 16348 16349 16350 16697 
activated 2 16428 16429 
india 1 16618 
rethinking 2 16781 16782 
trigger 4 16817 16818 16819 16820 
multidimensional 2 16616 16617 
research 11 16335 16336 16337 16369 16370 16464 16537 16682 16683 16684 16853 
integrated 7 16648 16649 16650 16738 16739 16854 16855 
industrial 8 16444 16653 16654 16655 16735 16736 16737 16843 
utah 1 16827 
relational 3 16720 16721 16722 
based 2 16596 16597 
sector 10 16359 16388 16389 16390 16391 16392 16402 16403 16404 16464 
solutions 1 16502 
impact 13 16437 16438 16439 16440 16678 16679 16680 16681 16773 16774 16800 16801 16802 
tools 5 16357 16358 16359 16568 16569 
icts 2 16545 16546 
reduction 3 16579 16580 16581 
korea 7 16472 17298 16682 16683 16684 16773 16774 
systems 14 16405 16406 16521 16603 16604 16605 16644 16666 16667 16670 16843 17091 16862 16863 
researchers 3 16845 16846 16847 
global 1 16416 
collective 4 16369 16370 16428 16429 
property 8 16328 16329 16447 16480 16484 16587 16588 16759 
modelling 2 16492 16493 
consumer-driven 2 16468 16469 
northern 4 16528 16570 16571 16572 
environment 7 16356 16402 16403 16404 16618 16702 16703 
market 11 16379 16380 16381 16619 16634 16700 16701 16821 16822 16841 16842 
food 2 16862 16863 
influencing 2 16330 16331 
company 13 16361 16376 16377 16378 16381 16434 16435 16448 16494 16495 16496 16707 16708 
management 54 16330 16331 16332 16333 16334 16362 16363 16364 16365 16367 16368 16405 16406 16407 16408 16409 16410 16497 16498 16437 16438 16439 16440 16462 16480 16481 16494 16495 16496 16528 16570 16571 16572 16566 16567 16579 16580 16581 16587 16588 16609 16610 16611 16656 16657 16754 16775 16776 16794 16795 16854 16855 16858 16859 
west 2 16862 16863 
behaviour 3 16530 16531 16532 
routines 2 16407 16408 
biotechnology 2 16841 16842 
perfect 1 16502 
africa 7 16629 16630 16631 16632 16633 16862 16863 
accelerators 1 16827 
matter 2 16407 16408 
technopole 2 16585 16586 
strategy 10 16441 16442 16444 16530 16531 16532 16688 16854 16855 16861 
women 2 16545 16546 
domestic 1 16698 
deals 2 16841 16842 
disruptive 4 16518 16566 16567 16853 
technologies 14 16518 16545 16546 16548 16549 16550 16551 16561 16562 16563 16645 16646 16647 16853 
safety 4 16362 16363 16364 16365 
market-oriented 2 16738 16739 
decisive 2 16456 16457 
mental 2 16566 16567 
industries 8 16447 16685 16686 16687 16700 16701 16813 16814 
context 8 16582 16583 16584 16762 16763 16764 16836 16837 
cluster 1 16627 
configurations 3 16418 16419 16420 
basque 4 16769 16770 16771 16772 
