<Keyword> <No of vertices> <vertex1> <vertex2> .... <vertexN> 
reliable 1 8878 
using 41 8518 8519 8520 8525 8526 8527 8528 8529 9717 9716 11899 8668 8669 8682 8683 12513 8748 8749 8750 8751 8752 8753 8944 8945 8946 8970 8971 9017 9018 10443 9061 9062 9063 9064 9065 12425 9077 9078 9106 9107 9108 
predictions 3 8707 8708 8709 
placing 2 8549 8550 
workflows 3 8674 8675 8676 
prioritization 2 9138 9139 
managing 7 8518 8519 8520 8629 8631 9711 9712 
continued 3 8682 8683 12513 
energy-saving 2 8951 8952 
locality-aware 4 8685 8686 8687 8688 
oblivious 3 9061 9062 9063 
lambda 6 9714 9717 9716 9713 9715 9718 
time 6 8707 8708 8709 9102 18617 18618 
coefficients 1 8943 
search 4 8677 8678 8679 8680 
event 3 8649 10813 10814 
protein 3 8689 8690 8691 
thread 2 9138 9139 
advanced 3 9061 9062 9063 
interfaces 3 8597 8598 8599 
propagation 3 8845 8846 8847 
detected 3 8880 8881 8882 
generation 4 9044 9045 9046 9145 
avispa 7 8772 8980 8981 8982 8983 8984 8985 
intelligence 2 8754 8755 
frdt 2 9064 13139 
monitoring 3 9017 9018 10443 
multi-core 2 8775 8776 
portfolio 3 8518 8519 8520 
image 3 9053 9054 9055 
optimization 12 8518 8519 8520 9016 9017 9018 9019 9077 10529 10530 10531 10532 
number 2 8543 8943 
effects 2 8655 8656 
wide 4 8687 8688 9436 12701 
time-shared 4 8686 8687 8688 9436 
low-footprint 5 9718 12958 12959 12960 12961 
evolution 11 8947 9127 9128 9129 9130 9131 9132 9133 9134 9135 9136 
aggregation 5 8600 8601 8683 19284 19285 
provenance 1 9147 
project 1 9145 
bit 3 9061 9062 9063 
quality 3 8711 8712 8713 
binding 3 8944 8945 8946 
bin 2 8776 11347 
big 5 9546 18280 18281 18282 18283 
reconfiguration 4 8686 8687 8688 9436 
discovery 21 8618 9545 9546 8697 8698 8699 8700 8701 8880 8881 8882 8944 8945 8946 12202 12203 12204 12205 9064 9507 13139 
review 1 9043 
reinforcement 4 9008 13004 13005 13006 
dynamic 12 9717 9716 11899 8893 8894 9037 13029 9064 9065 9066 9078 12116 
assessing 3 13912 14105 14106 
imagery 5 9038 9039 9040 9041 9042 
knowledge 6 8612 8613 8614 8754 8755 9146 
knowledge-based 4 8635 8636 8637 9157 
behavior 3 8845 8846 8847 
dependent 2 8797 8798 
exploitation 2 8776 11347 
beware 1 9146 
mathematics 3 8893 9554 9555 
execution 6 8549 8550 8908 8909 9043 10828 
programming 7 8615 8616 8617 8673 9300 9301 9302 
experiments 4 8821 8822 8823 8824 
times 4 8677 8678 8679 8680 
map 4 8685 8686 8687 8688 
re-encryption 2 8722 8723 
preferences 3 8880 8881 8882 
clustering 11 8818 8819 8820 8880 8881 8882 8951 8952 9102 18617 18618 
clouds 8 9717 9716 11899 8722 8723 9017 9018 10443 
linear 5 8955 8956 13488 12476 12477 
temperature-dependent 1 8943 
back-end 4 8681 8682 8683 8684 
personalisation 6 8899 12531 12532 12533 12534 12535 
simulator 6 8602 8603 8604 8605 9002 9003 
markets 3 8518 8519 13912 
forecasting 5 8840 8841 8842 8843 8844 
organizations 7 9714 9717 9716 9713 9715 9718 13613 
needs 3 8629 8630 8631 
airborne 3 9053 9054 9055 
gridfiles 2 8968 19933 
web 8 8645 10334 10335 10336 8670 8671 8672 8673 
solving 5 8955 8956 13488 12476 12477 
multiple-context 2 9138 9139 
independent 6 8748 8749 8750 8751 8752 8753 
new 7 8893 9554 9555 9064 9507 9874 9875 
migrations 2 8775 8776 
multi-cost 7 8600 8601 12875 11153 9714 12970 9717 
utility 2 8523 8524 
predict 3 8707 8708 8709 
background 5 8697 8698 8699 8700 8701 
base 4 8673 9300 9301 9302 
library 5 8673 9300 9301 9302 8969 
polyradicals 1 8626 
evolution-based 4 9091 9092 9093 9094 
public 2 8722 8723 
grid-enabled 9 8687 8688 9436 12701 8975 8976 8977 9077 9078 
methods 2 8797 8798 
body 2 8951 8952 
resources 8 9717 9716 11899 8929 8930 8931 8932 9008 
wastewater 1 9157 
pairing-free 2 8722 8723 
computational 10 8543 8718 8719 8720 8893 8894 9006 9007 9151 9152 
client 7 9717 9716 9718 13429 13430 13431 13432 
pde 1 9014 
phfs 3 9064 9065 9066 
consumption 5 8610 11440 11441 11442 11443 
set-up 4 8677 8678 8679 8680 
tool 4 8670 8671 8672 8673 
distributed 45 9716 9718 13223 13224 13225 12958 12959 12960 12961 8630 9861 9862 9863 9864 9865 9866 9867 8633 8687 8688 9436 12701 9685 10323 10324 8825 8826 8862 8863 8864 8955 8956 13488 8965 8966 8967 8968 9017 9018 10443 9061 9062 9063 9064 9507 
invocation 4 8618 9148 9149 9150 
aware 12 9717 17699 17700 17701 8610 11440 11441 11442 11443 8618 9545 9546 
transportation 2 9036 9037 
architecture 7 9716 9715 10738 8757 8951 8952 9014 
market-based 2 8518 13912 
surgery 2 8516 8517 
long-range 2 8655 8656 
gral--the 1 8969 
exploring 3 8893 9554 9555 
software 11 11153 9717 11152 9716 8687 8688 9436 12701 8893 9554 9555 
latency 6 8618 9545 9546 9064 9065 9066 
medical 11 8711 8712 8713 9685 9038 9039 9040 9041 9042 9077 9078 
component 4 8645 8646 8647 8648 
future 5 8569 8645 10334 10335 10336 
heuristics 6 8748 8749 8750 8751 8752 8753 
capture 1 9147 
self-reconfigurable 2 8996 8997 
processing 7 9017 9018 10443 9106 9107 9108 9146 
parallelizable 1 8878 
arthroscopic 4 8602 8603 8604 8605 
sparse-matrix-vector 4 8980 8981 8982 8985 
compressible 4 9153 9154 9155 9156 
climate 4 8889 8890 8891 8892 
ode 2 8955 8956 
monitor 3 8649 10813 10814 
protocols 3 8711 8712 8713 
environments 15 9716 9715 10738 8674 8675 8676 8707 8708 8709 8899 12531 12532 12533 12534 12535 
code 10 9127 9128 9129 9130 9131 9132 9133 9134 9135 9136 
vault 3 9044 9045 9046 
equations 1 8943 
double 2 9145 10841 
ct 2 8516 8517 
end-user 4 8645 8646 8647 8648 
measurement 5 8840 8841 8842 8843 8844 
imprecise 2 8776 11347 
similarity 3 9102 18617 18618 
multi-physics 1 9014 
column 6 8748 8749 8750 8751 8752 8753 
active 6 9064 9065 12425 9106 9107 9108 
behavioral 4 8879 8880 8881 8882 
example 2 9145 10841 
lightweight 3 8862 8863 8864 
fast 6 9044 9045 9046 9053 9054 9055 
spam 2 8530 8531 
amp 5 8840 8841 8842 8843 8844 
deployment-based 3 8618 8619 8620 
internet 7 8518 8519 13912 8645 10334 10335 10336 
phase 2 8655 8656 
provisioning 10 9077 10529 10530 10531 10532 9109 9110 9111 9112 9113 
mobile 19 8530 8531 11153 9717 11152 9716 9718 13429 13430 13431 13432 8800 8801 8802 8910 8911 8912 8913 8914 
heterogeneous 17 8674 8675 8676 8748 8749 8750 8751 8752 8753 8776 11347 9007 12112 12113 9017 9018 10443 
simulate 2 8516 8517 
measure 3 9102 18617 18618 
correction 2 9145 10841 
understanding 4 8739 8740 8741 8742 
routing 9 8600 8601 12875 11153 9714 12970 9717 8951 8952 
transitional 3 9064 9874 9875 
resource-constrained 2 8692 8693 
certificate-based 2 8722 8723 
frequency 2 8797 8798 
education 3 8893 9554 9555 
analysis 22 8518 13912 8600 8601 12875 9546 18280 18281 18282 18283 8797 8798 8813 8814 8815 8816 8817 8944 8945 8946 9121 9122 
simulation 11 8649 8800 8801 8802 8965 8966 8967 8968 9014 9037 10143 
business 5 8944 12202 12203 12204 12205 
multi-device 5 8910 8911 8912 8913 8914 
sequential 3 8615 8616 8617 
wireless 10 13912 14105 14106 8649 10153 8683 19284 19285 8951 8952 
semistructured 3 8612 8613 8614 
area 4 8687 8688 9436 12701 
knowledge-guided 5 9038 9039 9040 9041 9042 
fuzzy 3 9044 9045 9046 
integration 3 8893 9554 9555 
packing 2 8776 11347 
activity 3 8898 8899 8900 
parallel 44 8543 8615 8616 8617 8650 8772 8980 8981 8982 8983 8984 8985 8818 8819 8820 8908 8909 9007 12112 12113 9014 9037 13029 9043 10828 9077 9078 10529 10530 10531 10532 12116 9120 9121 9122 9123 9138 9139 9151 9152 9153 9154 9155 9156 
fraction 3 8682 8683 12513 
correspondence 10 9127 9128 9129 9130 9131 9132 9133 9134 9135 9136 
uniform 2 8951 8952 
communication 4 8530 8531 8825 8826 
prediction 7 8772 8980 8981 8982 8983 8984 8985 
semantic 19 8670 8671 8672 8673 8879 8880 8881 8882 8899 12531 12532 12533 12534 12535 8915 8916 8917 8918 8919 
iterative 9 8772 8980 8981 8982 8983 8984 8985 9036 9037 
minimize 4 8677 8678 8679 8680 
spherical 1 8943 
theoretical 5 9546 18280 18281 18282 18283 
microstructures 3 8718 8719 8720 
methodology 4 8929 8930 8931 8932 
stages 2 8549 8550 
memory 7 8687 8688 9436 12701 8955 8956 13488 
approximation 1 8943 
ad 2 9002 9003 
approach 17 8879 8880 8881 8882 8915 8916 8917 8918 8919 8970 8971 8996 8997 9008 13004 13005 13006 
java 2 9002 9003 
numerical 3 8956 12476 12477 
spatially 4 9717 17699 17700 17701 
dense 3 8955 8956 13488 
thermal 1 8943 
diverse 2 8970 8971 
filtering 5 8530 8531 9685 10323 10324 
subset-equational 2 8908 8909 
daisyworld 2 8655 8656 
layered 2 8754 8755 
sensor 5 8683 19284 19285 8951 8952 
visualization 7 9038 9039 9040 9041 9042 9077 9078 
languages 5 8615 8616 8617 8908 8909 
rank 3 9064 9874 9875 
honeypot 2 9051 9052 
replication 8 8609 8610 8611 8970 8971 9064 9065 9066 
immsim 4 8821 8822 8823 8824 
social 5 8697 8698 8699 8700 8701 
collaboratively-built 3 8612 8613 8614 
tolerance 2 8970 8971 
oriented 6 9716 9715 10738 8615 8616 8617 
guarantees 2 8600 8601 
aggregated 5 8525 8526 8527 8528 8529 
generecon 5 9031 9032 9033 9034 9035 
simulations 6 8889 8890 8891 8892 9036 9037 
stalemate 1 9146 
holes 2 8776 11347 
programs 6 9043 10828 9091 9092 9093 9094 
element 3 8668 8669 8943 
gene 10 9127 9128 9129 9130 9131 9132 9133 9134 9135 9136 
transfer 3 9061 9062 9063 
structure 3 9061 9062 9063 
services 26 8523 8524 8618 8619 8620 8645 10334 10335 10336 8673 9300 9301 9302 8899 12531 12532 12533 12534 12535 8915 8916 8917 8918 8919 8970 8971 
commitment 3 9061 9062 9063 
adaptive 2 8996 8997 
privacy 2 8627 8628 
job 18 8600 8601 12875 11153 9714 12970 9717 8677 8678 8679 8680 9007 12112 12113 9008 13004 13005 13006 
interprovider 3 8518 8519 13912 
flexible 4 8821 8822 8823 8824 
health 3 8629 8630 8631 
wavelet-based 3 8711 8712 8713 
distribution 1 8878 
composite 3 8898 8899 8900 
responses 4 8821 8822 8823 8824 
transims 2 9037 13029 
traffic 8 9716 9718 13223 13224 13225 9037 10143 13029 
phases 3 9064 9874 9875 
negotiation 2 8523 8524 
folding 3 8689 8690 8691 
delay 2 8600 8601 
fermat 3 8682 8683 12513 
heuristic 4 9006 9007 9078 12116 
novel 7 9685 10323 10324 9008 13004 13005 13006 
plant 1 9157 
virtual 8 8630 9861 9862 9863 9864 9865 9866 9867 
series 3 9102 18617 18618 
contextual 3 8944 8945 8946 
binary 4 8879 8880 8881 8882 
experiences 5 9031 9032 9033 9034 9035 
development 4 8602 8603 8604 8605 
multimodal 2 8530 8531 
fairness 2 8600 8601 
variant 4 9091 9092 9093 9094 
decision 3 9064 9065 12425 
crfid 4 8681 8682 8683 8684 
biometric 3 9044 9045 9046 
algorithm 17 8530 8531 8618 9545 9546 8951 8952 9044 9045 9046 9077 9078 10529 10530 10531 10532 12116 
mapreduce 5 9546 18280 18281 18282 18283 
public-resource 4 8685 8686 8687 8688 
detailed 2 8825 8826 
ml 4 9120 9121 9122 9123 
internal 3 9061 9062 9063 
construction 4 8929 8930 8931 8932 
mobility 2 8649 10153 
editorial 2 8883 8884 
immune 4 8821 8822 8823 8824 
spatial 6 8629 8630 8631 8975 8976 8977 
middleware 7 8569 8597 8598 8599 8862 8863 8864 
sciences 7 8670 8671 8672 8673 8975 8976 8977 
boosting 2 8955 8956 
plfg 1 8543 
federative 1 8633 
supercomputing 1 8649 
product 4 8980 8981 8982 8985 
vrml 2 9077 9078 
energy-efficient 1 9008 
reasoning 6 8899 12531 12532 12533 12534 12535 
route 2 9036 9037 
rule-based 6 8899 12531 12532 12533 12534 12535 
replicating 5 9109 9110 9111 9112 9113 
modular 4 8996 8997 9036 9037 
improvement 3 8682 8683 12513 
method 10 8618 9148 9149 9150 8955 8956 13488 9064 9065 9066 
efficiency 7 8600 8601 8910 8911 8912 8913 8914 
design 18 9717 9716 9715 9718 13429 13430 13431 13432 10738 13223 13224 13225 8893 9554 9555 9061 9062 9063 
technology 9 13912 14105 14106 8754 8755 8916 13519 9145 10841 
single 2 8549 8550 
scalability 3 8711 8712 8713 
location 2 8649 10153 
recognition 3 8898 8899 8900 
competency 3 9064 9874 9875 
segmentation 4 8879 8880 8881 8882 
study 2 8655 8656 
computing 48 8518 8519 8520 8600 8601 11153 9717 11152 9716 9715 9718 13429 13430 13431 13432 13415 12958 12959 12960 12961 8649 10813 10814 8650 8670 8671 8672 8673 8818 8819 8820 8910 8911 8912 8913 8914 9008 13004 13005 13006 9064 9065 12425 9078 12116 9100 9101 9102 
studies 1 9147 
partitioning 6 11153 9717 11152 9716 8668 8669 
level 2 8523 8524 
armada 2 9151 9152 
forensics 2 9051 9052 
developing 4 8645 10334 10335 10336 
applications 17 8569 9717 9716 11899 8683 19284 19285 8813 8814 8815 8816 8817 8916 13519 8947 9006 9007 
homes 3 8898 8899 8900 
required 3 9685 10323 10324 
biology 4 8739 8740 8741 8742 
mesh 4 9153 9154 9155 9156 
combining 5 8776 11347 8898 8899 8900 
joins 5 9546 18280 18281 18282 18283 
challenges 10 8629 8630 8631 8739 8740 8741 8742 8975 8976 8977 
gauss-huard 3 8955 8956 13488 
maxillo-facial 2 8516 8517 
overlap 4 8618 9148 9149 9150 
ins 3 9053 9054 9055 
machina 4 8821 8822 8823 8824 
machine 1 8650 
embedded 3 9106 9107 9108 
federate 8 8630 9861 9862 9863 9864 9865 9866 9867 
omnipresence 5 9109 9110 9111 9112 9113 
curation 3 8612 8613 8614 
solver 2 8955 8956 
clusters 7 8775 8776 11347 8889 8890 8891 8892 
electrocardiography 3 9685 10323 10324 
issues 3 8845 8846 8847 
scale 3 8818 8819 8820 
expansion 3 8944 8945 8946 
personalities 3 8597 8598 8599 
targeting 7 8597 8598 8599 8879 8880 8881 8882 
application-level 7 8769 8770 8771 8772 9017 9018 10443 
differentiated 3 8518 8519 13912 
mutation 10 9127 9128 9129 9130 9131 9132 9133 9134 9135 9136 
grid-based 10 8840 8841 8842 8843 8844 8915 8916 8917 8918 8919 
writing 4 8673 9300 9301 9302 
footprint 7 9718 12958 12959 12960 12961 9064 13139 
security 8 8627 8628 8845 8846 8847 9061 9062 9063 
improve 3 8711 8712 8713 
resolution 6 8711 8712 8713 9685 10323 10324 
enhanced 3 8818 8819 8820 
network 16 8618 9545 9546 8687 8688 9436 12701 8845 8846 8847 8862 8863 8864 9106 9107 9108 
curves 2 8668 8669 
supercomputers 3 8956 12476 12477 
autonomic 4 8929 8930 8931 8932 
real 3 13912 14105 14106 
guided 3 8612 8613 8614 
overlapping 4 9153 9154 9155 9156 
japan 2 9145 10841 
automatically 3 8880 8881 8882 
scalable 9 9714 9717 9716 9713 9715 9718 13415 9009 9010 
path 2 8549 8550 
grid 68 8525 8526 8527 8528 8529 8549 8550 8600 8601 12875 11153 9714 12970 9717 9716 9718 13429 13430 13431 13432 8627 8628 8649 10813 10814 8670 8671 8672 8673 9300 9301 9302 8686 8687 8688 9436 8707 8708 8709 8739 8740 8741 8742 8889 8890 8891 8892 8916 13519 8969 9006 9007 9008 13004 13005 13006 9064 9065 9066 9507 9874 9875 12425 9077 10529 10530 10531 10532 
generator 1 8543 
dialog 2 9043 10828 
lossless 3 8712 8713 9685 
application 4 8673 9300 9301 9302 
fault-tolerance 3 8618 8619 8620 
geospatial 5 8629 8630 8631 9711 9712 
task 10 8707 8708 8709 8910 8911 8912 8913 8914 9078 12116 
agreement 2 8523 8524 
resource 31 8525 8526 8527 8528 8529 8600 8601 9716 9715 10738 8630 9861 9862 9863 9864 9865 9866 9867 8686 8687 8688 9436 9064 9065 12425 13139 9077 10529 10530 10531 10532 
pervasive 6 8899 12531 12532 12533 12534 12535 
interface 8 8673 9300 9301 9302 8929 8930 8931 8932 
optimizing 8 11153 9717 11152 9716 8618 9148 9149 9150 
database 8 8597 8598 8599 8633 8681 8682 8683 8684 
section 4 8627 8628 8916 13519 
environmental 3 8975 8976 8977 
ip 2 8649 10153 
schedule 2 8776 11347 
multipath 2 8549 8550 
commodity 3 8518 8519 13912 
implementation 8 9716 9718 13223 13224 13225 8689 8690 8691 
audiovisual 7 9714 9717 9716 9713 9715 9718 13613 
scientific 3 8597 8598 8599 
locality 4 8980 8981 8982 8985 
things 4 8645 10334 10335 10336 
local 2 8655 8656 
smart 3 8898 8899 8900 
step 5 8797 8798 9064 9874 9875 
energy 15 9718 12958 12959 12960 12961 8610 11440 11441 11442 11443 8910 8911 8912 8913 8914 
intelligent 5 8635 8636 8637 9009 9010 
technique 13 8649 10813 10814 8682 8683 12513 9685 10323 10324 9153 9154 9155 9156 
mpi 2 8825 8826 
customizable 3 9717 9716 11899 
qos 4 8518 13912 9006 9007 
collaborative 16 9714 9717 9716 9713 9715 9718 13613 8862 8863 8864 8915 8916 8917 8918 8919 13519 
user-generated 4 8629 8631 9711 9712 
treatment 1 9157 
visualizing 7 8772 8980 8981 8982 8983 8984 8985 
flow 1 8650 
gridification 7 9714 9717 9716 9713 9715 9718 13613 
feedback 4 8602 8603 8604 8605 
assistant 3 8635 8636 8637 
scheme 11 8649 10153 8683 19284 19285 8722 8723 8878 9044 9045 9046 
synergistic 3 8893 9554 9555 
feature 3 9717 9716 11899 
high-level 4 8673 9300 9301 9302 
procedural 4 8673 9300 9301 9302 
opportunities 6 8629 8630 8631 8975 8976 8977 
homogeneous 3 9007 12112 12113 
scanning 3 9053 9054 9055 
fullerenes 1 8626 
static 5 8674 8675 8676 9121 9122 
multiresolutional 3 9685 10323 10324 
cell 6 8530 8531 8739 8740 8741 8742 
neighborhood 4 8677 8678 8679 8680 
high-performance 1 8757 
devs 3 8862 8863 8864 
hpc 5 8813 8814 8815 8816 8817 
pricing 6 8748 8749 8750 8751 8752 8753 
models 6 8518 8519 13912 8633 8893 8894 
content 9 8645 10334 10335 10336 8697 8698 8699 8700 8701 
boussinesq 1 8943 
nesting 2 9121 9122 
split 3 8597 8598 8599 
load 6 8707 8708 8709 9064 9874 9875 
elastic 5 9077 10529 10530 10531 10532 
devices 2 9009 9010 
vlsi 2 9145 10841 
anejos 2 9002 9003 
trends 3 8893 9554 9555 
mission-critical 2 8970 8971 
complex 8 8739 8740 8741 8742 8929 8930 8931 8932 
middleware-based 4 9716 9715 9718 13415 
front-end 4 8645 10334 10335 10336 
dendritic 2 8530 8531 
data 51 8600 8601 12875 8609 8610 8611 11440 11441 11442 11443 8612 8613 8614 9546 18280 18281 18282 18283 8650 8683 19284 19285 8686 8687 8688 13325 13326 9685 10323 10324 8722 8723 8818 8819 8820 8845 8846 8847 8878 8975 8976 8977 9064 9065 9066 9077 9078 9106 9107 9108 9147 
component-based 1 9014 
running 3 8707 8708 8709 
virtualized 4 8929 8930 8931 8932 
hoc 2 9002 9003 
interconnections 2 8518 13912 
absolute 3 8518 8519 8520 
bag-of-tasks 2 9006 9007 
personal 5 8697 8698 8699 8700 8701 
life 4 8670 8671 8672 8673 
autonomous 2 8996 8997 
proxy 2 8722 8723 
publish 3 8649 10813 10814 
hard 2 8600 8601 
decoder 2 9145 10841 
multi-scale 2 8893 8894 
makespan 4 8677 8678 8679 8680 
reduces 3 9685 10323 10324 
documents 3 8635 8636 8637 
trust 2 8627 8628 
measurement-based 5 9716 9718 13223 13224 13225 
learning 13 8915 8916 8917 8918 8919 13519 9008 13004 13005 13006 9064 9065 12425 
bulk 4 9120 9121 9122 9123 
resource-aware 2 8692 8693 
stochastic 3 8718 8719 8720 
selection 22 8525 8526 8527 8528 8529 9717 17699 17700 17701 9102 18617 18618 9127 9128 9129 9130 9131 9132 9133 9134 9135 9136 
relationship 5 8697 8698 8699 8700 8701 
assignment 2 9037 13029 
rfid 4 8681 8682 8683 8684 
modeling 17 8649 8718 8719 8720 8980 8981 8982 8985 8800 8801 8802 8862 8863 8864 8880 8881 8882 
decentralized 3 9007 12112 12113 
decrease 3 9064 9065 9066 
infrastructure 3 8975 8976 8977 
variable 4 8677 8678 8679 8680 
intrusion 2 8970 8971 
coding 4 8711 8712 8713 9685 
bio-steer 4 8670 8671 8672 8673 
grids 24 9714 9717 9716 9713 9715 9718 8609 8610 8611 8685 8686 8687 8688 13325 13326 8769 8770 8771 8772 8878 9064 13139 9151 9152 
decreasing 5 8610 11440 11441 11442 11443 
dimensioning 6 9714 9717 9716 9713 9715 9718 
provide 2 8649 10153 
multi-layer 4 8686 8687 8688 9436 
allocating 3 9717 9716 11899 
rsa 3 9061 9062 9063 
solvers 7 8772 8980 8981 8982 8983 8984 8985 
omniscience 5 9109 9110 9111 9112 9113 
cdama 3 8683 19284 19285 
finite 3 8668 8669 8943 
science 2 8543 8738 
haptic 4 8602 8603 8604 8605 
capacity-driven 2 8523 8524 
bulk-loading 2 8968 19933 
architectures 3 8615 8616 8617 
exploiting 14 9718 12958 12959 12960 12961 8697 8698 8699 8700 8701 8880 8881 8882 9043 
resilient 6 9714 9717 9716 9713 9715 9718 
pseudo-random 1 8543 
gps 3 9053 9054 9055 
theinfrastructure 1 8569 
fields 2 9077 9078 
gpu 3 8818 8819 8820 
networks 32 8600 8601 12875 11153 9714 12970 9717 8683 19284 19285 8697 8698 8699 8700 8701 8739 8740 8741 8742 8951 8952 9002 9003 9064 9874 9875 9100 9101 9102 9106 9107 9108 
shared 7 8687 8688 9436 12701 8955 8956 9008 
control 3 9007 12112 12113 
ouml 2 8797 8798 
multifunctional 3 8689 8690 8691 
cpu 3 8707 8708 8709 
verifiable 3 9061 9062 9063 
providing 2 8600 8601 
convection 1 8943 
formalisms 3 8898 8899 8900 
physically 2 8516 8517 
workflow 4 8670 8671 8672 8673 
economic 2 8518 13912 
reduce 4 8685 8686 8687 8688 
logic 5 8689 8690 8691 9043 10828 
surgical 4 8602 8603 8604 8605 
transitions 5 8655 8656 8689 8690 8691 
web-centred 4 8645 8646 8647 8648 
service-oriented 2 8692 8693 
morphological 2 8996 8997 
case 1 9147 
memories 4 8980 8981 8982 8985 
model 19 8516 8517 8523 8524 8821 8822 8823 8824 8825 8826 8840 8841 8842 8843 8844 8908 8909 9043 10828 
wobingo 5 9077 10529 10530 10531 10532 
deviation 3 8518 8519 8520 
stability 2 8797 8798 
interconnection 3 8518 8519 13912 
large-scale 6 8889 8890 8891 8892 9036 9037 
massively 3 8615 8616 8617 
engineering 8 9716 9718 13223 13224 13225 8893 9554 9555 
peer-to-peer 6 8618 8619 8620 9100 9101 9102 
hpcn 1 8738 
help-on-demand 6 8899 12531 12532 12533 12534 12535 
cyberinfrastructures 4 8629 8631 9711 9712 
performance 29 8600 8601 12875 8769 8770 8771 8772 8980 8981 8982 8983 8984 8985 8813 8814 8815 8816 8817 8840 8841 8842 8843 8844 8955 8956 9153 9154 9155 9156 
prandtl 1 8943 
allocation 3 9716 9715 10738 
real-time 6 8649 10813 10814 8776 11347 9008 
omnipotence 5 9109 9110 9111 9112 9113 
rectifying 3 9053 9054 9055 
multiple 10 8674 8675 8676 8683 19284 19285 9091 9092 9093 9094 
ontological 8 8898 8899 8900 12531 12532 12533 12534 12535 
protocol 3 9061 9062 9063 
region-of-interest 3 8711 8712 8713 
infrared 3 9053 9054 9055 
trace 2 9051 9052 
harnessing 4 8889 8890 8891 8892 
differentiation 2 8518 13912 
web-based 2 9077 9078 
dataflow 2 9043 10828 
infinite 1 8943 
discovering 5 8915 8916 8917 8918 8919 
coverage 3 8944 8945 8946 
supporting 3 8862 8863 8864 
genetic 15 9077 10529 10530 10531 10532 9127 9128 9129 9130 9131 9132 9133 9134 9135 9136 
pipeline 2 8549 8550 
temporal 3 8898 8899 8900 
service 17 8518 8519 13912 8523 8524 9716 9715 10738 8944 8945 8946 12202 12203 12204 12205 9064 9507 
infrastructures 7 8629 8630 8631 8889 8890 8891 8892 
coupled 2 8893 8894 
increase 3 8609 8610 8611 
implementing 2 8775 8776 
server 4 8681 8682 8683 8684 
high 6 9685 10323 10324 9100 9101 9102 
consolidation 3 8600 8601 12875 
shell 1 8943 
automated 1 9147 
test 3 9061 9062 9063 
risks 3 8518 8519 8520 
bases 3 8612 8613 8614 
mechanism 4 9064 9507 9138 9139 
audiences 3 8597 8598 8599 
technical 3 8618 8619 8620 
offloading 5 8910 8911 8912 8913 8914 
hierarchical 2 9064 9507 
avoid 2 9121 9122 
open 7 8518 8519 8520 8929 8930 8931 8932 
tree 4 9064 9065 12425 13139 
carbon 5 9718 12958 12959 12960 12961 
weather 5 8840 8841 8842 8843 8844 
deployment 9 11153 9717 11152 9716 8840 8841 8842 8843 8844 
processor 4 9091 9092 9093 9094 
industry 4 13912 14105 14106 8738 
compression 3 8711 8712 8713 
groups 3 8880 8881 8882 
strategies 10 8525 8526 8527 8528 8529 8610 11440 11441 11442 11443 
platform 4 9716 9715 9718 13415 
information 18 8525 8526 8527 8528 8529 8600 8601 8629 8630 8631 9711 9712 8845 8846 8847 8947 9009 9010 
problems 6 8893 8894 8943 8956 12476 12477 
concealed 3 8683 19284 19285 
experimental 5 9546 18280 18281 18282 18283 
interaction 2 9077 9078 
matters 2 9051 9052 
flows 4 9153 9154 9155 9156 
sieves 4 8879 8880 8881 8882 
planning 2 9036 9037 
combination 2 9006 9007 
syndrome 2 9145 10841 
computation 3 9106 9107 9108 
viewpoint 2 9051 9052 
approaches 3 9007 12112 12113 
non-dedicated 3 8674 8675 8676 
placement 3 9717 9716 11899 
qos-aware 5 8944 12202 12203 12204 12205 
stream 3 9017 9018 10443 
collaboration 3 8629 8630 8631 
query 5 8944 12202 12203 12204 12205 
link 3 8880 8881 8882 
secure 5 8722 8723 9061 9062 9063 
switch 3 9106 9107 9108 
techniques 2 8776 11347 
multi-tier 3 9064 9065 9066 
private 4 9016 9017 9018 9019 
adaptability 2 8970 8971 
exceptions 4 9120 9121 9122 9123 
computers 3 8908 9037 13029 
telecommunications 1 8649 
unfolding 3 8689 8690 8691 
highly 3 8878 9078 12116 
length 2 8797 8798 
mediagrid 7 9714 9717 9716 9713 9715 9718 13613 
small-world 2 8655 8656 
algebra 4 8955 8956 12476 12477 
options 3 13912 14105 14106 
globus-based 4 8673 9300 9301 9302 
asymptotically 3 8718 8719 8720 
migration 3 13912 14105 14106 
fifth 1 9145 
observation 2 9051 9052 
cache 4 8980 8981 8982 8985 
meshes 2 8668 8669 
progressive 7 8686 8687 8688 9436 8712 8713 9685 
geographically 4 8965 8966 8967 8968 
access 7 8645 10334 10335 10336 9064 9065 9066 
research 5 8840 8841 8842 8843 8844 
framework 29 8530 8531 8600 8601 9714 9717 9716 9713 9715 9718 13613 8635 8636 8637 8686 8687 8688 9436 13325 13326 8692 8693 9077 10529 10530 10531 10532 9151 9152 
non-interactive 3 9061 9062 9063 
geotagging 4 9717 17699 17700 17701 
multi-tenant 3 9717 9716 11899 
signaling 4 8739 8740 8741 8742 
balancing 3 9064 9874 9875 
databases 6 8597 8598 8599 9102 18617 18618 
mig 5 9031 9032 9033 9034 9035 
cloud 36 8523 8524 11153 9717 11152 9716 8618 9545 9546 8681 8682 8683 8684 8813 8814 8815 8816 8817 8889 8890 8891 8892 8910 8911 8912 8913 8914 9016 9017 9018 9019 9109 9110 9111 9112 9113 
gang 2 8775 8776 
broker 5 8525 8526 8527 8528 8529 
feedback-based 4 9016 9017 9018 9019 
improving 4 8980 8981 8982 8985 
based 31 8516 8517 8530 8531 8618 9545 9546 8689 8690 8691 8707 8708 8709 8996 8997 9002 9003 9044 9045 9046 9053 9054 9055 9064 9874 9875 9077 10529 10530 10531 10532 
time-constraints 5 8910 8911 8912 8913 8914 
shop 4 8677 8678 8679 8680 
transaction 1 8633 
functional 2 8754 8755 
remote 4 8618 9148 9149 9150 
on-line 3 8609 8610 8611 
impact 2 8569 8947 
function 1 8908 
scheduling 42 8600 8601 12875 11153 9714 12970 9717 8618 9545 9546 8674 8675 8676 8677 8678 8679 8680 8748 8749 8750 8751 8752 8753 8775 8776 11347 9006 9007 12112 12113 9008 13004 13005 13006 9078 12116 9091 9092 9093 9094 9138 9139 
policy-based 5 9716 9718 13223 13224 13225 
encryption 3 9044 9045 9046 
runge-kutta-nystr 2 8797 8798 
power 5 8610 11440 11441 11442 11443 
synchronous 4 9120 9121 9122 9123 
reduction 6 9718 12958 12959 12960 12961 8650 
algorithms 8 11153 9717 11152 9716 8956 12476 12477 8969 
neighbour 5 9546 18280 18281 18282 18283 
systems 37 8627 8628 8633 8686 8687 8688 9436 8692 8693 8739 8740 8741 8742 8825 8826 8915 8916 8917 8918 8919 8929 8930 8931 8932 8955 8956 13488 8996 8997 9007 12112 12113 9009 9010 9078 12116 9145 
checkpointing 4 8769 8770 8771 8772 
enterprise 7 8965 8966 8967 8968 9061 9062 9063 
modelling 12 8645 8646 8647 8648 8898 8899 8900 12531 12532 12533 12534 12535 
throughput 3 9100 9101 9102 
gate 3 8689 8690 8691 
environment 16 8518 8519 8520 8630 9861 9862 9863 9864 9865 9866 9867 9061 9062 9063 9064 9507 
factorization 3 8682 8683 12513 
representation 3 8880 8881 8882 
images 6 8516 8517 8711 8712 8713 9685 
media 3 9716 9715 10738 
management 32 8518 8519 13912 14105 14106 9716 9718 13223 13224 13225 8630 9861 9862 9863 9864 9865 9866 9867 8649 10153 8929 8930 8931 8932 9009 9010 9061 9062 9063 9064 9065 12425 
space-filling 2 8668 8669 
efficient 16 8600 8601 12875 9716 9715 10738 8610 11440 11441 11442 11443 8649 10813 10814 8968 19933 
generic 4 9716 9715 9718 13415 
specific 3 8597 8598 8599 
degeneracy 10 9127 9128 9129 9130 9131 9132 9133 9134 9135 9136 
agents 5 8800 8801 8802 8996 8997 
issue 3 8845 8846 8847 
spreadsheets 1 9147 
object 3 8615 8616 8617 
solution 4 8769 8770 8771 8772 
evaluation 4 8769 8770 8771 8772 
bandwidth 3 8518 8519 13912 
dags 2 8776 11347 
atm 2 8649 10153 
graph 4 11153 9717 11152 9716 
variable-sized 4 8685 8686 8687 8688 
sharing 7 8686 8687 8688 13325 13326 8722 8723 
interactive 5 9038 9039 9040 9041 9042 
deadlines 3 8674 8675 8676 
rule 3 9064 9065 12425 
two-dimensional 2 8655 8656 
or-parallelism 1 9043 
mean 3 8518 8519 8520 
making 3 8635 8636 8637 
computations 2 8776 11347 
availability 8 9718 12958 12959 12960 12961 8609 8610 8611 
chaff 3 9044 9045 9046 
error 2 9145 10841 
pressure 10 9127 9128 9129 9130 9131 9132 9133 9134 9135 9136 
communication-computation 4 8618 9148 9149 9150 
strategy 3 8609 8610 8611 
relaxation 5 8944 12202 12203 12204 12205 
tasks 7 8748 8749 8750 8751 8752 8753 9008 
geographical 5 9109 9110 9111 9112 9113 
processors 8 8748 8749 8750 8751 8752 8753 9138 9139 
nearest 5 9546 18280 18281 18282 18283 
rules 5 8944 12202 12203 12204 12205 
soft 3 8674 8675 8676 
fragmented 5 8686 8687 8688 13325 13326 
technologies 9 8645 10334 10335 10336 8739 8740 8741 8742 8947 
multi-agent 4 9008 13004 13005 13006 
term 7 9717 17699 17700 17701 8944 8945 8946 
address 3 8629 8630 8631 
couplings 2 8655 8656 
dsm-based 5 8686 8687 8688 13325 13326 
user-centred 3 8893 9554 9555 
cluster 7 9716 9715 9718 13415 9106 9107 9108 
special 7 8627 8628 8845 8846 8847 8916 13519 
group 6 8618 9545 9546 8880 8881 8882 
user 12 8600 8601 8879 8880 8881 8882 8899 12531 12532 12533 12534 12535 
storage 5 9009 9010 9106 9107 9108 
