<Keyword> <No of vertices> <vertex1> <vertex2> .... <vertexN> 
causing 3 3109 3110 3111 
using 83 2823 2824 2825 2826 2889 2890 2940 2941 2942 2943 2944 2923 2924 2925 2926 2927 2928 2948 2949 2950 2951 2952 2953 2954 2955 2984 2985 2986 3020 3021 3039 3040 3041 3042 3059 3060 3061 3062 3090 3091 3092 3093 3094 3095 3096 3097 3098 3122 3123 3124 3165 3166 3167 3168 3219 3220 3221 3222 3234 3235 3236 3237 3238 3239 3240 3267 3268 3269 3270 3271 3272 3273 3281 9420 9421 9422 3309 3310 3311 3312 3313 3314 3315 
surface-conduction 4 3288 3289 3290 3291 
pseudo 4 3367 4647 4648 4649 
awareness 3 3260 6274 6275 
colour 9 2951 2952 2953 2954 2955 3059 3060 3061 3062 
time 12 2851 2852 2853 2854 2855 2951 2952 2953 2954 2955 3033 3034 
free 2 3020 3021 
materials 3 2865 2866 2867 
leds 7 3234 3235 3236 3237 3238 3239 3240 
search 5 2987 2988 3033 3034 3194 
interfaces 5 3257 3258 3259 3260 3261 
pathways 3 3377 3378 3379 
generation 1 3000 
objects 4 3035 3036 3037 3038 
video 16 3000 3102 3103 3104 3074 3109 3110 3111 3219 3220 3221 3222 3303 3304 3305 3306 
black 6 3043 3044 3045 3046 3047 3048 
ethylenedioxythiophene 4 3295 3296 3297 3298 
alternate 4 3288 3289 3290 3291 
patterns 4 3361 3362 3363 3364 
moving 6 2889 2890 2891 2892 2893 2894 
engine 1 3242 
loading 3 3142 3143 3144 
q-factor 12 3319 3320 3321 3322 3323 3324 3325 3326 3327 3328 3329 3330 
image 8 2889 2890 2940 2941 2942 2943 2944 3074 
optimization 4 3000 3102 3103 3104 
rgb 7 3234 3235 3236 3237 3238 3239 3240 
effects 19 2851 2852 2853 2854 2855 2951 2990 2984 2985 2986 3003 3004 3005 3006 3007 3035 3036 3037 3038 
number 5 2851 2852 2853 2854 2855 
wide 10 2895 2896 2897 2898 2923 2924 2925 2926 2927 2928 
transmission 5 2870 2871 2872 2873 2874 
extract 4 3365 3366 3367 3368 
mazes 3 2840 2841 2842 
conditions 4 3035 3036 3037 3038 
elicitation 3 3260 6182 6183 
touch 2 3020 3021 
explicit 4 3367 4647 4648 4649 
voltage 3 2948 2949 2950 
binding 4 3355 3356 3357 3358 
viewing 4 3035 3036 3037 3038 
review 4 3160 3161 3162 3163 
array 5 2870 2871 2872 2873 2874 
dynamic 15 2923 2924 2925 2926 2927 2928 3031 3032 3145 3146 3147 3148 3260 5811 5812 
assessing 5 3069 3070 3071 3072 3073 
dopants 7 3182 3183 3184 3185 3186 3187 3188 
pedot 1 2912 
proteome 4 3355 3356 3357 3358 
diffractive 7 2889 2890 2940 2941 2942 2943 2944 
thin-film 9 3086 3087 3088 3089 3151 3152 3153 3154 3155 
behavior 1 3194 
dependent 3 3156 3157 3158 
ltps-tft 5 3223 3224 3225 3226 3227 
secondary 1 2912 
rate-distortion 4 3000 3102 3103 3104 
training 4 2895 2896 2897 2898 
cohost 9 3090 3091 3092 3093 3094 3095 3096 3097 3098 
conductivity 1 2912 
times 3 3341 3342 3343 
human-system 5 3257 3258 3259 3260 3261 
current 5 3223 3224 3225 3226 3227 
anode 3 2948 2949 2950 
wet 4 2823 2824 2825 2826 
targets 2 3369 3370 
clustering 4 3361 3362 3363 3364 
intra 4 3303 3304 3305 3306 
electron-emission 4 3288 3289 3290 3291 
preferences 2 2981 3194 
workload 1 3085 
cxxc 4 3355 3356 3357 3358 
eu 5 2877 2878 2879 2880 2881 
impaired 2 2810 2811 
compounds 5 3003 3004 3005 3006 3007 
simulator 5 3257 3258 3259 3260 3261 
redesign 5 3257 3258 3259 3260 3261 
forecasting 1 2876 
interconnects 2 2906 2907 
constrained 2 3172 3173 
films 4 2945 2946 2947 3019 
web 2 2987 2988 
ggs 4 3086 3087 3088 3089 
fe 4 3008 3009 3010 3011 
screening 4 3274 3275 3276 3277 
new 6 2958 2959 3274 3275 3276 3277 
red 7 2858 2859 2860 2861 2862 2863 2864 
sequence 4 3355 3356 3357 3358 
predict 3 3331 3332 3333 
blindness 5 3069 3070 3071 3072 3073 
metabolomics 6 3371 3372 3373 3374 3375 3376 
expression 7 3361 3362 3363 3364 3380 3381 3382 
methods 1 2912 
piezoelectric 4 3219 3220 3221 3222 
body 2 2815 2816 
semi-supervised 2 3369 3370 
physical 6 3136 3137 3138 3139 3140 3141 
assessments 2 3054 3055 
toolbar 3 3209 3210 3211 
change 4 2996 2997 2998 2999 
pdp 4 2996 2997 2998 2999 
lcd 16 2958 2959 3039 3040 3041 3042 3142 3143 3144 3309 3310 3311 3312 3313 3314 3315 
splitting 3 3169 3170 3171 
bo 5 2877 2878 2879 2880 2881 
medical 2 3369 3370 
passage 4 3367 4647 4648 4649 
volumetric 1 3242 
processing 1 3074 
etching 4 2823 2824 2825 2826 
light 45 2858 2859 2860 2875 2876 2889 2890 2940 2941 2942 2943 2944 3003 3004 3005 3006 3007 3175 3176 3177 3178 3179 3180 3181 3223 3224 3225 3226 3227 3295 3296 3297 3298 3319 3320 3321 3322 3323 3324 3325 3326 3327 3328 3329 3330 
ocular 3 2885 2886 2887 
moir 2 3020 3021 
photodetector 7 3234 3235 3236 3237 3238 3239 3240 
dc 10 2930 2931 2932 2933 2934 2935 2936 2937 2938 2939 
predicts 2 3033 3034 
enhancing 11 3175 3176 3177 3178 3179 3180 3181 3367 4647 4648 4649 
automatic 2 2958 2959 
environments 13 3136 3137 3138 3139 3140 3141 3145 3146 3147 3148 3260 5811 5812 
display 46 2870 2871 2872 2873 2874 2885 2886 2887 2951 2952 2953 2954 2955 2991 2992 2993 2994 2995 3012 3013 3056 3057 3058 3142 3143 3144 3165 3166 3167 3168 3172 3173 3219 3220 3221 3222 3231 3232 3233 3242 3286 3287 3288 3289 3290 3291 
measurement 7 3234 3235 3236 3237 3238 3239 3240 
cr 9 2972 2973 2974 2975 2976 2977 2978 2979 2980 
factors 16 3054 3055 3109 3110 3111 3257 3258 3259 3260 3261 3371 3372 3373 3374 3375 3376 
pbt 4 3039 3040 3041 3042 
containing 10 3043 3044 3045 3046 3047 3048 3355 3356 3357 3358 
cybersickness 3 3331 3332 3333 
active 5 3223 3224 3225 3226 3227 
adapta 3 3260 5811 5812 
sparse 6 3371 3372 3373 3374 3375 3376 
binocular 3 2885 2886 2887 
diode 11 2817 2818 2819 2948 2949 2950 3223 3224 3225 3226 3227 
span 3 2812 2813 2814 
mobile 5 2958 2959 2984 2985 2986 
resonant 3 3228 3229 3230 
ray 2 3020 3021 
ipad 4 3274 3275 3276 3277 
powder 2 3172 3173 
multi-functional 2 2810 2811 
disparity 3 2885 2886 2887 
stimulus 5 2851 2852 2853 2854 2855 
understanding 4 3085 3377 3378 3379 
frequency 5 3151 3152 3153 3154 3155 
analysis 28 2913 2914 2915 2916 2917 2918 3039 3040 3041 3042 3109 3110 3111 3228 3229 3230 3355 3356 3357 3358 3361 3362 3363 3364 3369 3370 3371 19313 
hler 2 3286 3287 
enhance 1 2912 
augmented-reality 5 2951 2952 2953 2954 2955 
sequential 5 2951 2952 2953 2954 2955 
quantum 3 2858 2859 2860 
membrane 4 3355 3356 3357 3358 
integration 3 3260 5811 5812 
fuzzy 1 2876 
all-plastic 6 2913 2914 2915 2916 2917 2918 
sapphire 4 2823 2824 2825 2826 
metallic 5 2870 2871 2872 2873 2874 
composites 7 3175 3176 3177 3178 3179 3180 3181 
stereoscopic 21 2895 2896 2897 2898 3035 3036 3037 3038 3109 3110 3111 3145 3146 3147 3148 3243 3244 3245 3246 3247 3248 
spectroscopic 9 2972 2973 2974 2975 2976 2977 2978 2979 2980 
constant 6 3043 3044 3045 3046 3047 3048 
communication 7 3056 3057 3058 3160 3161 3162 3163 
poly 4 3295 3296 3297 3298 
layer 18 3295 3296 3297 3298 3309 3310 3311 3312 3313 3314 3315 3334 3335 3336 3337 3338 3339 3340 
inorganic 3 2858 2859 2860 
memory 5 3074 3165 3166 3167 3168 
urban 2 3054 3055 
nuclear 5 3257 3258 3259 3260 3261 
color 30 2870 2871 2872 2873 2874 2923 2924 2925 2926 2927 2928 3012 3013 3043 3044 3045 3046 3047 3048 3142 3143 3144 3194 3234 3235 3236 3237 3238 3239 3240 
retrieve 5 2951 2952 2953 2954 2955 
inside 6 2889 2890 2891 2892 2893 2894 
ac 3 2858 2859 2860 
viologen 6 2913 2914 2915 2916 2917 2918 
approach 14 2876 3257 3258 3259 3260 3261 5811 5812 6182 6183 3365 3366 3367 3368 
icons 3 3209 3210 3211 
illusions 6 3136 3137 3138 3139 3140 3141 
numerical 5 2851 2852 2853 2854 2855 
ag 4 2996 2997 2998 2999 
olfactory 4 3219 3220 3221 3222 
optoelectrical 1 3019 
genes 3 3377 3378 3379 
phenothiazine 3 2865 2866 2867 
neural 1 2876 
copolymer 4 3039 3040 3041 3042 
stroke 3 3169 3170 3171 
thresholds 5 2851 2852 2853 2854 2855 
oled 5 2870 2871 2872 2873 2874 
improved 25 3008 3009 3010 3011 3090 3091 3092 3093 3094 3095 3096 3097 3098 3223 3224 3225 3226 3227 3334 3335 3336 3337 3338 3339 3340 
errors 2 3033 3034 
visually 2 2810 2811 
tolerance 3 2885 2886 2887 
confined 6 3136 3137 3138 3139 3140 3141 
laser 10 2817 2818 2819 3267 3268 3269 3270 3271 3272 3273 
simulations 2 3054 3055 
synthesis 7 2861 2862 2863 2864 2865 2866 2867 
electrochemical 3 2865 2866 2867 
ot 4 2861 2862 2863 2864 
screen 19 2984 2985 2986 3012 3013 3020 3021 3267 3268 3269 3270 3271 3272 3273 3278 3279 3280 3281 3282 
gene 7 3361 3362 3363 3364 3380 3381 3382 
structure 14 3003 3004 3005 3006 3007 3182 3183 3184 3185 3186 3187 3188 3380 17775 
support 11 3136 3137 3138 3139 3140 3141 3260 6274 6275 3381 8412 
preparation 7 3175 3176 3177 3178 3179 3180 3181 
adaptive 5 3260 5811 5812 3381 8412 
two-view 3 3116 3117 3118 
identify 6 3371 3372 3373 3374 3375 3376 
wavelet-based 4 3361 3362 3363 3364 
flexible 10 2930 2931 2932 2933 2934 2935 2936 2937 2938 2939 
reality 11 3056 3057 3058 3145 3146 3147 3148 3281 9420 9421 9422 
attending 2 2951 2990 
composite 7 3109 3110 3111 3295 3296 3297 3298 
rotating 10 2984 2985 2986 3267 3268 3269 3270 3271 3272 3273 
pc 4 3039 3040 3041 3042 
compositional 2 3381 8412 
gamut 9 2923 2924 2925 2926 2927 2928 3142 3143 3144 
nanoparticles 9 2877 2878 2879 2880 2881 3295 3296 3297 3298 
gan 4 2823 2824 2825 2826 
novel 6 3361 3362 3363 3364 3381 8412 
cathode 7 2817 2818 2819 3008 3009 3010 3011 
filters 11 2870 2871 2872 2873 2874 3043 3044 3045 3046 3047 3048 
simplified 4 3000 3102 3103 3104 
plant 5 3257 3258 3259 3260 3261 
bdj 7 3234 3235 3236 3237 3238 3239 3240 
mems 2 2906 2907 
virtual 13 2840 2841 2842 3136 3137 3138 3139 3140 3141 3281 9420 9421 9422 
mid-infrared 3 2945 2946 2947 
oxygen 5 3151 3152 3153 3154 3155 
development 5 2958 2959 3056 3057 3058 
electro-optical 5 3031 3032 3156 3157 3158 
interval 4 3059 3060 3061 3062 
influence 14 2987 2988 3019 3142 3143 3144 3182 3183 3184 3185 3186 3187 3188 3194 
addressing 2 3172 3173 
stepwise 9 3090 3091 3092 3093 3094 3095 3096 3097 3098 
algorithm 4 3361 3362 3363 3364 
doped 9 2877 2878 2879 2880 2881 3295 3296 3297 3298 
short 7 3182 3183 3184 3185 3186 3187 3188 
distance 5 3278 3279 3280 3281 3282 
gan-based 4 2823 2824 2825 2826 
eacute 2 3020 3021 
anodic 3 2865 2866 2867 
acuity 13 2895 2896 2897 2898 3069 3070 3071 3072 3073 3274 3275 3276 3277 
closed 2 3380 17775 
amorphous 5 3151 3152 3153 3154 3155 
polycarbonate 7 3175 3176 3177 3178 3179 3180 3181 
hole 9 2870 2871 2872 2873 2874 3295 3296 3297 3298 
mn 5 2877 2878 2879 2880 2881 
cusn 1 3019 
files 4 3367 4647 4648 4649 
optoelectronic 1 2912 
schemes 2 3172 3173 
spatial 7 2889 2890 2940 2941 2942 2943 2944 
pages 2 2987 2988 
non-negative 2 3172 3173 
luminance 3 2812 2813 2814 
movie 4 2895 2896 2897 2898 
frequent 3 3380 3381 3382 
enhancement 4 3295 3296 3297 3298 
extraordinary 5 2870 2871 2872 2873 2874 
micro-spheres 7 3175 3176 3177 3178 3179 3180 3181 
zno 1 3019 
plane 6 3243 3244 3245 3246 3247 3248 
accommodation 7 2885 2886 2887 2895 2896 2897 2898 
multitasking 1 3085 
diffuser 11 3039 3040 3041 3042 3267 3268 3269 3270 3271 3272 3273 
pet 4 3039 3040 3041 3042 
navigating 7 2840 2841 2842 3281 9420 9421 9422 
method 5 3074 3288 3289 3290 3291 
efficiency 23 2889 2890 2891 2892 2893 2894 3000 3102 3103 3104 3090 3091 3092 3093 3094 3095 3096 3097 3098 3295 3296 3297 3298 
ni 4 3008 3009 3010 3011 
screen-printed 4 3008 3009 3010 3011 
design 6 3020 3021 3231 3232 3233 3316 
technology 4 3281 9420 9421 9422 
single 8 2948 2949 2950 2991 2992 2993 2994 2995 
selective 4 2823 2824 2825 2826 
braille 2 2810 2811 
individual 3 3109 3110 3111 
actuator 4 3165 3166 3167 3168 
study 16 2875 2876 2889 2890 2940 2941 2942 2943 2944 3116 3117 3118 3281 9420 9421 9422 
reproduction 2 3012 3013 
chinese 3 3169 3170 3171 
fatigue 3 3122 3123 3124 
caused 3 3122 3123 3124 
legibility 5 3022 3023 3024 3025 3026 
mems-based 2 3001 3002 
primary 1 3316 
action 5 3085 3281 9420 9421 9422 
applications 3 2958 2959 3380 
investigation 5 3020 3021 3122 3123 3124 
biomedical 4 3365 3366 3367 3368 
required 5 2951 2952 2953 2954 2955 
motifs 6 3355 3356 3357 3358 3359 3360 
pses 2 3381 8412 
eye 4 3160 3161 3162 3163 
appropriate 3 3341 3342 3343 
thiophene-based 3 2945 2946 2947 
distyrylbiphenyl 5 3003 3004 3005 3006 3007 
restriction 7 2889 2890 2940 2941 2942 2943 2944 
efficiently 1 3380 
peripheral 6 2951 2952 2953 2954 2955 2990 
nano-grains 4 3008 3009 3010 3011 
printing 7 3309 3310 3311 3312 3313 3314 3315 
scanners 2 2815 2816 
relative 1 3316 
depth 7 3116 3117 3118 3303 3304 3305 3306 
comparison 10 2981 3035 3036 3056 3057 3058 3059 3060 3061 3062 
expressions 3 3380 3381 3382 
ink 7 3309 3310 3311 3312 3313 3314 3315 
full-scale 3 3056 3057 3058 
compressed 2 3033 3034 
liquid 16 2875 2876 3031 3032 3156 3157 3158 3172 3173 3334 3335 3336 3337 3338 3339 3340 
multiline 2 3172 3173 
lc 3 3156 3157 3158 
hybrid 4 2858 2859 2860 2876 
proteins 4 3355 3356 3357 3358 
mining 4 3380 3381 3382 17775 
magnetron 5 3151 3152 3153 3154 3155 
equivalent 6 2913 2914 2915 2916 2917 2918 
expansion 4 3367 4647 4648 4649 
chiral 7 3182 3183 3184 3185 3186 3187 3188 
magnetorheological 5 2991 2992 2993 2994 2995 
adjusting 6 3243 3244 3245 3246 3247 3248 
projection 18 3012 3013 3242 3243 3244 3245 3246 3247 3248 3267 3268 3269 3270 3271 3272 3273 3286 3287 
runtime 2 3381 8412 
limitations 6 3136 3137 3138 3139 3140 3141 
disease 3 3377 3378 3379 
enhanced 4 2823 2824 2825 2826 
requirements 3 3260 6182 6183 
doping 1 2912 
silicon 4 3086 3087 3088 3089 
subset 4 3355 3356 3357 3358 
panels 2 3020 3021 
mixed 4 3365 3366 3367 3368 
cholesteric 11 2875 2876 3031 3032 3182 3183 3184 3185 3186 3187 3188 
impedance 6 2913 2914 2915 2916 2917 2918 
application 22 2912 2930 2931 2932 2933 2934 2935 2936 2937 2938 2939 3086 3087 3088 3089 3274 3275 3276 3277 3380 3381 3382 
graphic-haptic 3 3231 3232 3233 
interfusing 4 3008 3009 3010 3011 
electrochromic 19 2865 2866 2867 2913 2914 2915 2916 2917 2918 2930 2931 2932 2933 2934 2935 2936 2937 2938 2939 
blending 9 3090 3091 3092 3093 3094 3095 3096 3097 3098 
fabrication 7 3309 3310 3311 3312 3313 3314 3315 
generating 3 3169 3170 3171 
interface 5 2823 2824 2825 2826 2981 
human 13 2962 2963 3054 3055 3257 3258 3259 3260 3261 3281 9420 9421 9422 
rendering 5 3022 3023 3024 3025 3026 
crystals 3 3156 3157 3158 
luminescence 8 2823 2824 2825 2826 2861 2862 2863 2864 
evaporation 7 3334 3335 3336 3337 3338 3339 3340 
duration 5 2851 2852 2853 2854 2855 
overgrowth 4 2823 2824 2825 2826 
electrical 5 3151 3152 3153 3154 3155 
meh-ppv 4 2861 2862 2863 2864 
blue 4 3295 3296 3297 3298 
identification 2 3359 3360 
implementation 3 3231 3232 3233 
audiovisual 3 2840 2841 2842 
modulators 7 2889 2890 2940 2941 2942 2943 2944 
rating 3 3228 3229 3230 
technique 11 2823 2824 2825 2826 3309 3310 3311 3312 3313 3314 3315 
compound 3 2984 2985 2986 
collaborative 3 3260 6182 6183 
characterization 3 2945 2946 2947 
ions 5 2877 2878 2879 2880 2881 
coated 7 3175 3176 3177 3178 3179 3180 3181 
dot 3 2858 2859 2860 
spot 7 3267 3268 3269 3270 3271 3272 3273 
temperature 7 3182 3183 3184 3185 3186 3187 3188 
feedback 4 3367 4647 4648 4649 
sputtering 18 2930 2931 2932 2933 2934 2935 2936 2937 2938 2939 2948 2949 2950 3151 3152 3153 3154 3155 
phenomenon 2 3020 3021 
colorimetric 2 3012 3013 
fluid 5 2991 2992 2993 2994 2995 
scheme 2 3031 3032 
aberrations 6 2889 2890 2891 2892 2893 2894 
unsupervised 2 3371 19313 
boolean 3 3380 3381 3382 
feature 3 3169 3170 3171 
contents 3 2984 2985 2986 
cell 5 2991 2992 2993 2994 2995 
log 4 3367 4647 4648 4649 
content 6 3109 3110 3111 3122 3123 3124 
suppression 6 2889 2890 2891 2892 2893 2894 
micro-coil 4 3165 3166 3167 3168 
price 1 2876 
styrenesulfonate 4 3295 3296 3297 3298 
deposition 10 2930 2931 2932 2933 2934 2935 2936 2937 2938 2939 
inkjet 7 3309 3310 3311 3312 3313 3314 3315 
hot 7 3267 3268 3269 3270 3271 3272 3273 
luminances 1 3316 
photoluminescence 14 2877 2878 2879 2880 2881 2972 2973 2974 2975 2976 2977 2978 2979 2980 
magnetic 4 3165 3166 3167 3168 
dielectric 10 2996 2997 2998 2999 3043 3044 3045 3046 3047 3048 
survival 2 3369 3370 
devices 21 2865 2866 2867 2912 2930 2931 2932 2933 2934 2935 2936 2937 2938 2939 3334 3335 3336 3337 3338 3339 3340 
low 22 3043 3044 3045 3046 3047 3048 3303 3304 3305 3306 3319 3320 3321 3322 3323 3324 3325 3326 3327 3328 3329 3330 
minimum 5 2951 2952 2953 2954 2955 
data 2 3371 19313 
microcavity 12 3319 3320 3321 3322 3323 3324 3325 3326 3327 3328 3329 3330 
use 3 3331 3332 3333 
speckle 13 2889 2890 2891 2892 2893 2894 3267 3268 3269 3270 3271 3272 3273 
derivatives 3 2865 2866 2867 
running 7 3267 3268 3269 3270 3271 3272 3273 
differences 3 2981 3054 3055 
digital 6 3069 3070 3071 3072 3073 3074 
inertial 3 3142 3143 3144 
gamma 2 2958 2959 
relevance 4 3367 4647 4648 4649 
revisited 2 2815 2816 
laterally 4 2823 2824 2825 2826 
direct 4 2823 2824 2825 2826 
diffusion 7 3175 3176 3177 3178 3179 3180 3181 
matrix 19 3043 3044 3045 3046 3047 3048 3172 3173 3223 3224 3225 3226 3227 3371 3372 3373 3374 3375 3376 
light-emitting 19 2817 2818 2819 2823 2824 2825 2826 2948 2949 2950 3090 3091 3092 3093 3094 3095 3096 3097 3098 
young 5 2895 2896 2897 2898 2981 
selection 4 3303 3304 3305 3306 
distinguishing 2 3359 3360 
immersive 5 3278 3279 3280 3281 3282 
icon-function 3 3209 3210 3211 
relationship 3 3209 3210 3211 
field 4 3008 3009 3010 3011 
led-based 2 3286 3287 
corpus 4 3365 3366 3367 3368 
oxide 9 2948 2949 2950 3043 3044 3045 3046 3047 3048 
lighting 7 3234 3235 3236 3237 3238 3239 3240 
preference 5 3022 3023 3024 3025 3026 
modeling 7 3122 3123 3124 3380 3381 3382 8412 
tv 2 3000 3074 
multiway 2 3371 19313 
doe 6 2889 2890 2891 2892 2893 2894 
raft 4 3355 3356 3357 3358 
coding 8 3000 3102 3103 3104 3303 3304 3305 3306 
optical 23 2870 2871 2872 2873 2874 2889 2890 2891 2892 2893 2894 2906 2907 3039 3040 3041 3042 3043 3044 3045 3046 3047 3048 
gestures 3 2984 2985 2986 
pss 1 2912 
four-primary 1 3316 
emission 19 2858 2859 2860 3008 3009 3010 3011 3319 3320 3321 3322 3323 3324 3325 3326 3327 3328 3329 3330 
terms 4 3365 3366 3367 3368 
anaglyph 4 3219 3220 3221 3222 
egocentric 5 3278 3279 3280 3281 3282 
quick-response 2 3172 3173 
wleds 9 2972 2973 2974 2975 2976 2977 2978 2979 2980 
removal 7 3267 3268 3269 3270 3271 3272 3273 
transistor 4 3086 3087 3088 3089 
exploiting 6 3136 3137 3138 3139 3140 3141 
graphene 6 3043 3044 3045 3046 3047 3048 
varying 5 3151 3152 3153 3154 3155 
metal 6 3020 3021 3355 3356 3357 3358 
gender 1 2981 
turn-on 3 2948 2949 2950 
electrophosphorescence 9 3090 3091 3092 3093 3094 3095 3096 3097 3098 
control 3 2958 2959 3074 
text 11 2987 2988 3022 3023 3024 3025 3026 3365 3366 3367 3368 
ouml 2 3286 3287 
latch 4 3165 3166 3167 3168 
starburst 2 3020 3021 
video-mediated 4 3160 3161 3162 3163 
localization 3 2812 2813 2814 
sensitivity 4 3274 3275 3276 3277 
transduction 2 3369 3370 
white 7 3234 3235 3236 3237 3238 3239 3240 
forest 1 3380 
extraction 3 3169 3170 3171 
intended 1 3085 
multilayer 1 3019 
modified 2 3286 3287 
size 8 2851 2852 2853 2854 2855 2984 2985 2986 
electrode 5 2912 2996 2997 2998 2999 
difference 4 2996 2997 2998 2999 
oblique 7 3334 3335 3336 3337 3338 3339 3340 
comparative 3 3116 3117 3118 
stereo 5 3069 3070 3071 3072 3073 
myopic 4 2895 2896 2897 2898 
giant-grain 4 3086 3087 3088 3089 
natural 4 3145 3146 3147 3148 
car 3 3056 3057 3058 
walking 6 3136 3137 3138 3139 3140 3141 
sub 16 2877 2878 2879 2880 2881 3175 3176 3177 3178 3179 3180 3181 3295 3296 3297 3298 
model 4 3059 3060 3061 3062 
lattice 2 3380 17775 
density 6 3043 3044 3045 3046 3047 3048 
perception 17 2962 2963 3116 3117 3118 3145 3146 3147 3148 3278 3279 3280 3281 3282 9420 9421 9422 
shrinkage 4 2996 2997 2998 2999 
angular 12 3319 3320 3321 3322 3323 3324 3325 3326 3327 3328 3329 3330 
rf 10 2930 2931 2932 2933 2934 2935 2936 2937 2938 2939 
sup 14 2877 2878 2879 2880 2881 2972 2973 2974 2975 2976 2977 2978 2979 2980 
tracing 2 3020 3021 
performance 7 2951 2990 3022 3023 3024 3025 3026 
illumination 2 3286 3287 
transparent 1 2912 
attention 1 3085 
profile 9 3090 3091 3092 3093 3094 3095 3096 3097 3098 
wave-som 4 3361 3362 3363 3364 
plasma 4 3355 3356 3357 3358 
asthenopia 4 2895 2896 2897 2898 
demonstration 5 2870 2871 2872 2873 2874 
biomarkers 6 3371 3372 3373 3374 3375 3376 
defects 2 2962 2963 
units 9 2851 2852 2853 2854 2855 3039 3040 3041 3042 
positions 4 3035 3036 3037 3038 
organic 44 2817 2818 2819 2858 2859 2860 2948 2949 2950 3003 3004 3005 3006 3007 3090 3091 3092 3093 3094 3095 3096 3097 3098 3223 3224 3225 3226 3227 3295 3296 3297 3298 3319 3320 3321 3322 3323 3324 3325 3326 3327 3328 3329 3330 
effect 11 2877 2878 2879 2880 2881 2895 2896 2897 2898 3031 3032 
landmarks 3 2840 2841 2842 
solid-state 7 3234 3235 3236 3237 3238 3239 3240 
device 16 2810 2811 2913 2914 2915 2916 2917 2918 2984 2985 2986 3003 3004 3005 3006 3007 
coupled 6 3371 3372 3373 3374 3375 3376 
circuit 14 2913 2914 2915 2916 2917 2918 3223 3224 3225 3226 3227 3228 3229 3230 
core 7 3182 3183 3184 3185 3186 3187 3188 
rgbw 6 2923 2924 2925 2926 2927 2928 
performances 5 3003 3004 3005 3006 3007 
high 16 2923 2924 2925 2926 2927 2928 3000 3102 3103 3104 3043 3044 3045 3046 3047 3048 
tft-lcd 2 2962 2963 
architects 2 3054 3055 
ablation 3 2817 2818 2819 
numeric 5 2951 2952 2953 2954 2955 
silicate 7 3175 3176 3177 3178 3179 3180 3181 
regression 2 3369 3370 
mechanism 4 3165 3166 3167 3168 
tin 3 2948 2949 2950 
people 5 2895 2896 2897 2898 2981 
city 4 3281 9420 9421 9422 
tio 11 3175 3176 3177 3178 3179 3180 3181 3295 3296 3297 3298 
distances 4 3059 3060 3061 3062 
prioritizing 3 3377 3378 3379 
transmitted 2 2875 2876 
sustain 3 3228 3229 3230 
comparisons 3 3228 3229 3230 
grouping 1 3194 
rigidity 7 3182 3183 3184 3185 3186 3187 3188 
polarized 2 3035 3036 
drive 2 3031 3032 
file 2 3033 3034 
carbon 6 3043 3044 3045 3046 3047 3048 
cleartype 5 3022 3023 3024 3025 3026 
information 14 2851 2852 2853 2854 2855 2951 2952 2953 2954 2955 2990 3260 5811 5812 
polymer 10 2861 2862 2863 2864 2945 2946 2947 3156 3157 3158 
mgo 9 2972 2973 2974 2975 2976 2977 2978 2979 2980 
groupware 3 3260 6274 6275 
strategic 4 2895 2896 2897 2898 
flows 5 3151 3152 3153 3154 3155 
patterning 3 2817 2818 2819 
visual 37 2812 2813 2814 2851 2852 2853 2854 2855 2895 2896 2897 2898 2951 2990 2962 2963 2987 2988 3033 3034 3109 3110 3111 3122 3123 3124 3194 3243 3244 3245 3246 3247 3248 3274 3275 3276 3277 
non-architects 2 3054 3055 
grown 7 3334 3335 3336 3337 3338 3339 3340 
dispersed 3 3156 3157 3158 
backlight 4 3039 3040 3041 3042 
trees 1 3380 
sub-pixel 5 3022 3023 3024 3025 3026 
drivers 3 3228 3229 3230 
smell 4 3219 3220 3221 3222 
polarization 2 2875 2876 
range 9 2885 2886 2887 2923 2924 2925 2926 2927 2928 
pixel 5 3223 3224 3225 3226 3227 
query 4 3367 4647 4648 4649 
complexity 4 3303 3304 3305 3306 
line 2 2987 2988 
retrieval 4 3367 4647 4648 4649 
contact 4 3160 3161 3162 3163 
mode 4 3303 3304 3305 3306 
qualitative 7 3059 3060 3061 3062 3109 3110 3111 
mirror 5 3223 3224 3225 3226 3227 
shuttered 2 3035 3036 
switches 2 2906 2907 
indium 3 2948 2949 2950 
transport 4 3295 3296 3297 3298 
length 2 3033 3034 
nano-particle 7 3309 3310 3311 3312 3313 3314 3315 
augmented 7 3056 3057 3058 3145 3146 3147 3148 
applying 3 3056 3057 3058 
heteroepitaxy 4 2823 2824 2825 2826 
meshes 2 3020 3021 
itemsets 2 3380 17775 
characteristics 26 2877 2878 2879 2880 2881 2885 2886 2887 3008 3009 3010 3011 3031 3032 3151 3152 3153 3154 3155 3309 3310 3311 3312 3313 3314 3315 
dram 1 2876 
thermo-physical 4 3039 3040 3041 3042 
crystal 11 2875 2876 3031 3032 3334 3335 3336 3337 3338 3339 3340 
framework 5 3012 3013 3260 6274 6275 
periodic 5 2870 2871 2872 2873 2874 
holographic 3 3156 3157 3158 
nickel-doped 3 2948 2949 2950 
steroid 7 3182 3183 3184 3185 3186 3187 3188 
physiological 6 2885 2886 2887 3331 3332 3333 
eye-tracking 3 3122 3123 3124 
radio 5 3151 3152 3153 3154 3155 
micro-porous 4 3219 3220 3221 3222 
perceptual 6 3136 3137 3138 3139 3140 3141 
based 46 2870 2871 2872 2873 2874 2885 2886 2887 2913 2914 2915 2916 2917 2918 2962 2963 2991 2992 2993 2994 2995 3003 3004 3005 3006 3007 3169 3170 3171 3223 3224 3225 3226 3227 3228 3229 3230 3242 3295 3296 3297 3298 3367 4647 4648 4649 
discomfort 11 2951 2990 3109 3110 3111 3243 3244 3245 3246 3247 3248 
users 4 3194 3341 3342 3343 
reading 13 2851 2852 2853 2854 2855 3022 3023 3024 3025 3026 3341 3342 3343 
colour-filter 7 3309 3310 3311 3312 3313 3314 3315 
lightening 4 3288 3289 3290 3291 
impact 6 2889 2890 2891 2892 2893 2894 
function 1 3019 
contrast 14 2812 2813 2814 2889 2890 2940 2941 2942 2943 2944 3274 3275 3276 3277 
diodes 34 2823 2824 2825 2826 3003 3004 3005 3006 3007 3090 3091 3092 3093 3094 3095 3096 3097 3098 3295 3296 3297 3298 3319 3320 3321 3322 3323 3324 3325 3326 3327 3328 3329 3330 
survey 2 3371 19313 
power 5 3257 3258 3259 3260 3261 
thickness 1 3019 
reduction 3 2948 2949 2950 
algorithms 8 3000 3102 3103 3104 3380 3381 17775 17838 
systems 11 2951 2952 2953 2954 2955 3000 3260 6274 6275 3381 8412 
work 1 3019 
spaces 6 3136 3137 3138 3139 3140 3141 
chromatic 7 3309 3310 3311 3312 3313 3314 3315 
zero-disparity 6 3243 3244 3245 3246 3247 3248 
in-ga-zn-o 5 3151 3152 3153 3154 3155 
literature 2 3371 19313 
property 7 3175 3176 3177 3178 3179 3180 3181 
properties 23 2865 2866 2867 2972 2973 2974 2975 2976 2977 2978 2979 2980 3019 3039 3040 3041 3042 3142 3143 3144 3156 3157 3158 
shape 8 2996 2997 2998 2999 3165 3166 3167 3168 
stable 4 3086 3087 3088 3089 
signals 3 3331 3332 3333 
greenish 7 3309 3310 3311 3312 3313 3314 3315 
pdps 3 3228 3229 3230 
cognitive 1 3085 
environment 2 3054 3055 
factorization 8 3172 3173 3371 3372 3373 3374 3375 3376 
presentation 8 2895 2896 2897 2898 3219 3220 3221 3222 
dlp 6 2951 2952 2953 2954 2955 3242 
images 6 3243 3244 3245 3246 3247 3248 
emitting 29 2858 2859 2860 3003 3004 3005 3006 3007 3223 3224 3225 3226 3227 3295 3296 3297 3298 3319 3320 3321 3322 3323 3324 3325 3326 3327 3328 3329 3330 
pitch 7 3182 3183 3184 3185 3186 3187 3188 
prepared 8 2948 2949 2950 3151 3152 3153 3154 3155 
characters 3 3169 3170 3171 
efficient 3 3074 3380 17775 
alignment 9 2987 2988 3334 3335 3336 3337 3338 3339 3340 
cnt-fed 4 3008 3009 3010 3011 
alloy 4 3165 3166 3167 3168 
paper 10 2930 2931 2932 2933 2934 2935 2936 2937 2938 2939 
tactile 11 2991 2992 2993 2994 2995 3001 3002 3165 3166 3167 3168 
movies 4 3035 3036 3037 3038 
state 2 2875 2876 
spacing 2 2987 2988 
blog 1 2981 
evaluation 7 2962 2963 3257 3258 3259 3260 3261 
displays 40 2858 2859 2860 2889 2890 2940 2941 2942 2943 2944 2923 2924 2925 2926 2927 2928 2951 2990 3001 3002 3031 3032 3033 3034 3035 3036 3069 3070 3071 3072 3073 3116 3117 3118 3278 3279 3280 3281 3282 3316 
storytelling 2 3381 17838 
regulatory 3 3380 3381 3382 
interactive 2 2810 2811 
designs 1 2981 
rule 3 3341 3342 3343 
nanosheets 9 2972 2973 2974 2975 2976 2977 2978 2979 2980 
zn 5 2877 2878 2879 2880 2881 
bi-partition 4 3303 3304 3305 3306 
tft 3 3142 3143 3144 
fine 3 3116 3117 3118 
refreshable 2 2810 2811 
film 9 2870 2871 2872 2873 2874 3219 3220 3221 3222 
izo 10 2930 2931 2932 2933 2934 2935 2936 2937 2938 2939 
pulsed 3 2817 2818 2819 
glare 2 2951 2990 
potential 6 3371 3372 3373 3374 3375 3376 
dependence 19 3182 3183 3184 3185 3186 3187 3188 3319 3320 3321 3322 3323 3324 3325 3326 3327 3328 3329 3330 
relaxation 8 3012 3013 3243 3244 3245 3246 3247 3248 
transistors 5 3151 3152 3153 3154 3155 
lcds 6 2923 2924 2925 2926 2927 2928 
athena 3 3260 6182 6183 
technologies 1 3000 
target 6 2812 2813 2814 2948 2949 2950 
significantly 1 2912 
benefits 3 2840 2841 2842 
